58000|INFONAVIT El Pípila|Unidad habitacional|Morelia|Michoacán de Ocampo|Morelia|58011|16|58011||31|053|0001|Urbano|06
58000|Centro Histórico|Colonia|Morelia|Michoacán de Ocampo|Morelia|58011|16|58011||09|053|0002|Urbano|06
58000|INFONAVIT Plan de Ayala|Unidad habitacional|Morelia|Michoacán de Ocampo|Morelia|58011|16|58011||31|053|0003|Urbano|06
58004|Universidad Michoacana de San Nicolás de Hidalgo|Equipamiento|Morelia|Michoacán de Ocampo|Morelia|58011|16|58011||17|053|0007|Urbano|06
58006|Secretaria de Salud|Equipamiento|Morelia|Michoacán de Ocampo|Morelia|58011|16|58011||17|053|0008|Urbano|06
58009|Palacio de Gobierno Del Estado de Michoacán|Equipamiento|Morelia|Michoacán de Ocampo|Morelia|58011|16|58011||17|053|0011|Urbano|06
58010|Juárez|Colonia|Morelia|Michoacán de Ocampo|Morelia|58011|16|58011||09|053|0012|Urbano|06
58010|Molino de Parras|Colonia|Morelia|Michoacán de Ocampo|Morelia|58011|16|58011||09|053|0013|Urbano|06
58013|Supremo Tribunal de Justicia|Equipamiento|Morelia|Michoacán de Ocampo|Morelia|58011|16|58011||17|053|0016|Urbano|06
58020|Cuauhtémoc|Colonia|Morelia|Michoacán de Ocampo|Morelia|58011|16|58011||09|053|0017|Urbano|06
58020|Ventura Puente|Colonia|Morelia|Michoacán de Ocampo|Morelia|58011|16|58011||09|053|0018|Urbano|06
58030|Morelos|Colonia|Morelia|Michoacán de Ocampo|Morelia|58011|16|58011||09|053|0019|Urbano|06
58040|Felicitas del Río|Colonia|Morelia|Michoacán de Ocampo|Morelia|58011|16|58011||09|053|0022|Urbano|06
58040|Gustavo Díaz Ordaz|Colonia|Morelia|Michoacán de Ocampo|Morelia|58011|16|58011||09|053|0023|Urbano|06
58048|FOVISSSTE La Huerta|Unidad habitacional|Morelia|Michoacán de Ocampo|Morelia|58011|16|58011||31|053|0025|Urbano|06
58048|Manuel Villalongín|Colonia|Morelia|Michoacán de Ocampo|Morelia|58011|16|58011||09|053|0026|Urbano|06
58049|Jardines del Toreo|Colonia|Morelia|Michoacán de Ocampo|Morelia|58011|16|58011||09|053|0027|Urbano|06
58049|Ampliación Jardines del Toreo|Colonia|Morelia|Michoacán de Ocampo|Morelia|58011|16|58011||09|053|0028|Urbano|06
58050|Hacienda Peñasco|Fraccionamiento|Morelia|Michoacán de Ocampo|Morelia|58011|16|58011||21|053|0014|Urbano|06
58050|Cosmos|Colonia|Morelia|Michoacán de Ocampo|Morelia|58011|16|58011||09|053|0029|Urbano|06
58050|Lomas de la Huerta|Colonia|Morelia|Michoacán de Ocampo|Morelia|58011|16|58011||09|053|0030|Urbano|06
58050|Paseos de la Hacienda|Colonia|Morelia|Michoacán de Ocampo|Morelia|58011|16|58011||09|053|0031|Urbano|06
58050|Tlalpujahua|Colonia|Morelia|Michoacán de Ocampo|Morelia|58011|16|58011||09|053|0032|Urbano|06
58050|La Pradera|Colonia|Morelia|Michoacán de Ocampo|Morelia|58011|16|58011||09|053|0987|Urbano|06
58055|Villas de Fátima|Colonia|Morelia|Michoacán de Ocampo|Morelia|58011|16|58011||09|053|0033|Urbano|06
58056|Arboledas|Colonia|Morelia|Michoacán de Ocampo|Morelia|58011|16|58011||09|053|0034|Urbano|06
58056|Los Fresnos|Colonia|Morelia|Michoacán de Ocampo|Morelia|58011|16|58011||09|053|0035|Urbano|06
58056|Vista Hermosa|Colonia|Morelia|Michoacán de Ocampo|Morelia|58011|16|58011||09|053|0036|Urbano|06
58056|La Giralda|Condominio|Morelia|Michoacán de Ocampo|Morelia|58011|16|58011||10|053|0265|Urbano|06
58056|Loma de los Piñones|Colonia|Morelia|Michoacán de Ocampo|Morelia|58011|16|58011||09|053|0603|Urbano|06
58056|Villas del Carmen|Colonia|Morelia|Michoacán de Ocampo|Morelia|58011|16|58011||09|053|0604|Urbano|06
58056|Alberto Oviedo Mata|Fraccionamiento|Morelia|Michoacán de Ocampo|Morelia|58011|16|58011||21|053|0605|Urbano|06
58056|Villas Del Carmen|Fraccionamiento|Morelia|Michoacán de Ocampo|Morelia|58011|16|58011||21|053|3612|Urbano|06
58056|Pinar de el Río|Colonia|Morelia|Michoacán de Ocampo|Morelia|58011|16|58011||09|053|3613|Urbano|06
58056|Ampliación Los Fresnos|Colonia|Morelia|Michoacán de Ocampo|Morelia|58011|16|58011||09|053|3645|Urbano|06
58056|Ampliación Vista Hermosa|Colonia|Morelia|Michoacán de Ocampo|Morelia|58011|16|58011||09|053|3648|Urbano|06
58056|General Mariano Jiménez|Colonia|Morelia|Michoacán de Ocampo|Morelia|58011|16|58011||09|053|3663|Urbano|06
58056|Ampliación Mariano Jiménez|Fraccionamiento|Morelia|Michoacán de Ocampo|Morelia|58011|16|58011||21|053|3924|Urbano|06
58057|Los Pinos de Michoacán|Colonia|Morelia|Michoacán de Ocampo|Morelia|58011|16|58011||09|053|0038|Urbano|06
58058|Morelia 450|Colonia|Morelia|Michoacán de Ocampo|Morelia|58011|16|58011||09|053|0039|Urbano|06
58058|Antares|Unidad habitacional|Morelia|Michoacán de Ocampo|Morelia|58011|16|58011||31|053|0470|Urbano|06
58058|Mirador de la Montaña|Fraccionamiento|Morelia|Michoacán de Ocampo|Morelia|58011|16|58011||21|053|3733|Urbano|06
58060|Alberto Oviedo Mota|Colonia|Morelia|Michoacán de Ocampo|Morelia|58011|16|58011||09|053|0040|Urbano|06
58060|Residencial del Sur|Colonia|Morelia|Michoacán de Ocampo|Morelia|58011|16|58011||09|053|0041|Urbano|06
58060|Villa Universidad|Colonia|Morelia|Michoacán de Ocampo|Morelia|58011|16|58011||09|053|0042|Urbano|06
58060|Turquesa|Condominio|Morelia|Michoacán de Ocampo|Morelia|58011|16|58011||10|053|0554|Urbano|06
58060|Diamante|Conjunto habitacional|Morelia|Michoacán de Ocampo|Morelia|58011|16|58011||12|053|3650|Urbano|06
58060|José María García Obeso|Conjunto habitacional|Morelia|Michoacán de Ocampo|Morelia|58011|16|58011||12|053|3665|Urbano|06
58060|Real Tulipanes|Fraccionamiento|Morelia|Michoacán de Ocampo|Morelia|58011|16|58011||21|053|3926|Urbano|06
58060|Real Universidad|Fraccionamiento|Morelia|Michoacán de Ocampo|Morelia|58011|16|58011||21|053|3927|Urbano|06
58060|Real Universidad II|Fraccionamiento|Morelia|Michoacán de Ocampo|Morelia|58011|16|58011||21|053|6279|Urbano|06
58066|Valle Quieto|Colonia|Morelia|Michoacán de Ocampo|Morelia|58011|16|58011||09|053|0043|Urbano|06
58066|Ampliación Valle Quieto|Colonia|Morelia|Michoacán de Ocampo|Morelia|58011|16|58011||09|053|0044|Urbano|06
58067|INFONAVIT Benito Juárez|Colonia|Morelia|Michoacán de Ocampo|Morelia|58011|16|58011||09|053|0045|Urbano|06
58069|INFONAVIT Villa Universidad|Unidad habitacional|Morelia|Michoacán de Ocampo|Morelia|58011|16|58011||31|053|0047|Urbano|06
58069|Rincón Quieto|Colonia|Morelia|Michoacán de Ocampo|Morelia|58011|16|58011||09|053|0048|Urbano|06
58070|Félix Ireta|Colonia|Morelia|Michoacán de Ocampo|Morelia|58011|16|58011||09|053|0050|Urbano|06
58070|Las Acacías|Unidad habitacional|Morelia|Michoacán de Ocampo|Morelia|58011|16|58011||31|053|0517|Urbano|06
58078|Condominio Planetario|Unidad habitacional|Morelia|Michoacán de Ocampo|Morelia|58011|16|58011||31|053|0055|Urbano|06
58078|Estrella|Colonia|Morelia|Michoacán de Ocampo|Morelia|58011|16|58011||09|053|4786|Urbano|06
58079|Virreyes|Conjunto habitacional|Morelia|Michoacán de Ocampo|Morelia|58011|16|58011||12|053|0056|Urbano|06
58079|Camelinas|Conjunto habitacional|Morelia|Michoacán de Ocampo|Morelia|58011|16|58011||12|053|3678|Urbano|06
58080|Colonial Morelia|Colonia|Morelia|Michoacán de Ocampo|Morelia|58011|16|58011||09|053|0057|Urbano|06
58080|La Huerta|Colonia|Morelia|Michoacán de Ocampo|Morelia|58011|16|58011||09|053|0058|Urbano|06
58080|Ampliación La Huerta|Colonia|Morelia|Michoacán de Ocampo|Morelia|58011|16|58011||09|053|0059|Urbano|06
58080|Leona Vicario|Colonia|Morelia|Michoacán de Ocampo|Morelia|58011|16|58011||09|053|0061|Urbano|06
58080|Arcoiris|Colonia|Morelia|Michoacán de Ocampo|Morelia|58011|16|58011||09|053|3412|Urbano|06
58080|Bosques de la Huerta|Colonia|Morelia|Michoacán de Ocampo|Morelia|58011|16|58011||09|053|3649|Urbano|06
58080|Praderas La Huerta|Fraccionamiento|Morelia|Michoacán de Ocampo|Morelia|58011|16|58011||21|053|3655|Urbano|06
58080|Hacienda de la Huerta|Fraccionamiento|Morelia|Michoacán de Ocampo|Morelia|58011|16|58011||21|053|3664|Urbano|06
58080|Congreso de Anáhuac|Fraccionamiento|Morelia|Michoacán de Ocampo|Morelia|58011|16|58011||21|053|3854|Urbano|06
58080|Ampliación Hacienda de la Huerta|Colonia|Morelia|Michoacán de Ocampo|Morelia|58011|16|58011||09|053|4790|Urbano|06
58085|Balcones de Morelia|Fraccionamiento|Morelia|Michoacán de Ocampo|Morelia|58011|16|58011||21|053|0063|Urbano|06
58085|Rincón Santa Sofía|Fraccionamiento|Morelia|Michoacán de Ocampo|Morelia|58011|16|58011||21|053|3541|Urbano|06
58085|Loma de la Floresta|Fraccionamiento|Morelia|Michoacán de Ocampo|Morelia|58011|16|58011||21|053|3922|Urbano|06
58086|Hermanos López Rayón|Colonia|Morelia|Michoacán de Ocampo|Morelia|58011|16|58011||09|053|0064|Urbano|06
58087|El Cerrito|Conjunto habitacional|Morelia|Michoacán de Ocampo|Morelia|58011|16|58011||12|053|0010|Urbano|06
58087|La Camelina|Colonia|Morelia|Michoacán de Ocampo|Morelia|58011|16|58011||09|053|0067|Urbano|06
58087|Puertas del Sur|Unidad habitacional|Morelia|Michoacán de Ocampo|Morelia|58011|16|58011||31|053|0540|Urbano|06
58087|Arcos de la Cascada|Fraccionamiento|Morelia|Michoacán de Ocampo|Morelia|58011|16|58011||21|053|0614|Urbano|06
58087|El Pueblito|Fraccionamiento|Morelia|Michoacán de Ocampo|Morelia|58011|16|58011||21|053|3006|Urbano|06
58087|Rinconada La Huerta|Colonia|Morelia|Michoacán de Ocampo|Morelia|58011|16|58011||09|053|3598|Urbano|06
58087|Paraíso de la Huerta|Fraccionamiento|Morelia|Michoacán de Ocampo|Morelia|58011|16|58011||21|053|3703|Urbano|06
58087|Prados de la Huerta|Fraccionamiento|Morelia|Michoacán de Ocampo|Morelia|58011|16|58011||21|053|3718|Urbano|06
58087|Real San Diego|Conjunto habitacional|Morelia|Michoacán de Ocampo|Morelia|58011|16|58011||12|053|3753|Urbano|06
58087|San Miguel|Fraccionamiento|Morelia|Michoacán de Ocampo|Morelia|58011|16|58011||21|053|3997|Urbano|06
58087|Los Duraznos|Fraccionamiento|Morelia|Michoacán de Ocampo|Morelia|58011|16|58011||21|053|4797|Urbano|06
58087|Paseo de la Castellana|Fraccionamiento|Morelia|Michoacán de Ocampo|Morelia|58011|16|58011||21|053|4839|Urbano|06
58087|Rinconada los Fresnos|Conjunto habitacional|Morelia|Michoacán de Ocampo|Morelia|58011|16|58011||12|053|5549|Urbano|06
58087|Paseo los Encinos|Colonia|Morelia|Michoacán de Ocampo|Morelia|58011|16|58011||09|053|6273|Urbano|06
58087|Paseo de la Primavera|Fraccionamiento|Morelia|Michoacán de Ocampo|Morelia|58011|16|58011||21|053|6278|Urbano|06
58088|Andrés Quintana Roo|Colonia|Morelia|Michoacán de Ocampo|Morelia|58011|16|58011||09|053|0068|Urbano|06
58088|Josefa Ortiz de Domínguez|Colonia|Morelia|Michoacán de Ocampo|Morelia|58011|16|58011||09|053|0069|Urbano|06
58088|INFONAVIT Juana Pavón|Unidad habitacional|Morelia|Michoacán de Ocampo|Morelia|58011|16|58011||31|053|0070|Urbano|06
58088|Fuentes de Morelia|Fraccionamiento|Morelia|Michoacán de Ocampo|Morelia|58011|16|58011||21|053|0071|Urbano|06
58088|Oro Jacarandas|Condominio|Morelia|Michoacán de Ocampo|Morelia|58011|16|58011||10|053|0472|Urbano|06
58088|Quintas del Sol|Conjunto habitacional|Morelia|Michoacán de Ocampo|Morelia|58011|16|58011||12|053|0486|Urbano|06
58088|Valle Verde|Fraccionamiento|Morelia|Michoacán de Ocampo|Morelia|58011|16|58011||21|053|3414|Urbano|06
58088|La Floresta Michoacana|Fraccionamiento|Morelia|Michoacán de Ocampo|Morelia|58011|16|58011||21|053|3540|Urbano|06
58088|Jardines de Vista Bella|Fraccionamiento|Morelia|Michoacán de Ocampo|Morelia|58011|16|58011||21|053|3697|Urbano|06
58088|Salvador Iriarte Montes|Colonia|Morelia|Michoacán de Ocampo|Morelia|58011|16|58011||09|053|4802|Urbano|06
58088|El Pastizal|Colonia|Morelia|Michoacán de Ocampo|Morelia|58011|16|58011||09|053|4822|Urbano|06
58088|Los Naranjos|Conjunto habitacional|Morelia|Michoacán de Ocampo|Morelia|58011|16|58011||12|053|4948|Urbano|06
58088|Las Magnolias|Colonia|Morelia|Michoacán de Ocampo|Morelia|58011|16|58011||09|053|6282|Urbano|06
58089|Ampliación Nor-oeste La Huerta|Colonia|Morelia|Michoacán de Ocampo|Morelia|58011|16|58011||09|053|0072|Urbano|06
58089|Santillán la Huerta|Colonia|Morelia|Michoacán de Ocampo|Morelia|58011|16|58011||09|053|0073|Urbano|06
58089|Xangari|Colonia|Morelia|Michoacán de Ocampo|Morelia|58011|16|58011||09|053|0074|Urbano|06
58090|Balcones de Santa María|Fraccionamiento|Morelia|Michoacán de Ocampo|Morelia|58011|16|58011||21|053|0075|Urbano|06
58090|Ampliación Balcones de Santa María|Colonia|Morelia|Michoacán de Ocampo|Morelia|58011|16|58011||09|053|0076|Urbano|06
58090|Las Torrecillas|Colonia|Morelia|Michoacán de Ocampo|Morelia|58011|16|58011||09|053|0077|Urbano|06
58090|Bugambilias|Colonia|Morelia|Michoacán de Ocampo|Morelia|58011|16|58011||09|053|0078|Urbano|06
58090|Lomas de Santa María|Colonia|Morelia|Michoacán de Ocampo|Morelia|58011|16|58011||09|053|0079|Urbano|06
58090|Los Encinos|Colonia|Morelia|Michoacán de Ocampo|Morelia|58011|16|58011||09|053|0080|Urbano|06
58090|Ampliación Los Encinos|Colonia|Morelia|Michoacán de Ocampo|Morelia|58011|16|58011||09|053|0081|Urbano|06
58090|Rey Tariácuri|Colonia|Morelia|Michoacán de Ocampo|Morelia|58011|16|58011||09|053|0082|Urbano|06
58090|Rincón de Vista Bella|Colonia|Morelia|Michoacán de Ocampo|Morelia|58011|16|58011||09|053|0083|Urbano|06
58090|Santa Cecilia|Colonia|Morelia|Michoacán de Ocampo|Morelia|58011|16|58011||09|053|0084|Urbano|06
58090|Ampliación Santa Cecilia|Colonia|Morelia|Michoacán de Ocampo|Morelia|58011|16|58011||09|053|0085|Urbano|06
58090|Santa María de Guido|Colonia|Morelia|Michoacán de Ocampo|Morelia|58011|16|58011||09|053|0086|Urbano|06
58090|Vista Bella|Colonia|Morelia|Michoacán de Ocampo|Morelia|58011|16|58011||09|053|0087|Urbano|06
58090|Quinta Cantera|Condominio|Morelia|Michoacán de Ocampo|Morelia|58011|16|58011||10|053|0478|Urbano|06
58090|Hacienda el Retajo|Fraccionamiento|Morelia|Michoacán de Ocampo|Morelia|58011|16|58011||21|053|0509|Urbano|06
58090|Quinta Ursula|Condominio|Morelia|Michoacán de Ocampo|Morelia|58011|16|58011||10|053|0542|Urbano|06
58090|Puerta Madero|Fraccionamiento|Morelia|Michoacán de Ocampo|Morelia|58011|16|58011||21|053|0563|Urbano|06
58090|Villas de la Montaña|Colonia|Morelia|Michoacán de Ocampo|Morelia|58011|16|58011||09|053|0566|Urbano|06
58090|Heriberto Castillo Martínez|Colonia|Morelia|Michoacán de Ocampo|Morelia|58011|16|58011||09|053|0574|Urbano|06
58090|Villa Lomas del Paraíso|Fraccionamiento|Morelia|Michoacán de Ocampo|Morelia|58011|16|58011||21|053|0606|Urbano|06
58090|Condominio Residencial Plaza|Conjunto habitacional|Morelia|Michoacán de Ocampo|Morelia|58011|16|58011||12|053|3661|Urbano|06
58090|El Monasterio|Fraccionamiento|Morelia|Michoacán de Ocampo|Morelia|58011|16|58011||21|053|3662|Urbano|06
58090|San Francisco|Fraccionamiento|Morelia|Michoacán de Ocampo|Morelia|58011|16|58011||21|053|3667|Urbano|06
58090|La Lomita|Fraccionamiento|Morelia|Michoacán de Ocampo|Morelia|58011|16|58011||21|053|3715|Urbano|06
58090|Rincón de Santa María|Conjunto habitacional|Morelia|Michoacán de Ocampo|Morelia|58011|16|58011||12|053|3928|Urbano|06
58090|Altos del Durazno|Colonia|Morelia|Michoacán de Ocampo|Morelia|58011|16|58011||09|053|4759|Urbano|06
58090|Residencial Lima|Conjunto habitacional|Morelia|Michoacán de Ocampo|Morelia|58011|16|58011||12|053|4801|Urbano|06
58090|Rincón del Cielo|Colonia|Morelia|Michoacán de Ocampo|Morelia|58011|16|58011||09|053|4951|Urbano|06
58090|Rincón del Paraíso|Conjunto habitacional|Morelia|Michoacán de Ocampo|Morelia|58011|16|58011||12|053|6281|Urbano|06
58093|Torres Panorama|Condominio|Morelia|Michoacán de Ocampo|Morelia|58011|16|58011||10|053|0151|Urbano|06
58093|Ejido Jesús del Monte|Fraccionamiento|Morelia|Michoacán de Ocampo|Morelia|58011|16|58011||21|053|5465|Urbano|06
58093|Lago Paraíso|Fraccionamiento|Morelia|Michoacán de Ocampo|Morelia|58011|16|58011||21|053|6047|Urbano|06
58095|Villas del Sur II|Conjunto habitacional|Morelia|Michoacán de Ocampo|Morelia|58011|16|58011||12|053|0052|Urbano|06
58095|Colinas del Sur|Fraccionamiento|Morelia|Michoacán de Ocampo|Morelia|58011|16|58011||21|053|0089|Urbano|06
58095|Rector Díaz Rubio|Colonia|Morelia|Michoacán de Ocampo|Morelia|58011|16|58011||09|053|0090|Urbano|06
58095|Lomas de la Joya|Conjunto habitacional|Morelia|Michoacán de Ocampo|Morelia|58011|16|58011||12|053|0091|Urbano|06
58095|Pradera del Sur|Colonia|Morelia|Michoacán de Ocampo|Morelia|58011|16|58011||09|053|0092|Urbano|06
58095|La Ciudadela|Fraccionamiento|Morelia|Michoacán de Ocampo|Morelia|58011|16|58011||21|053|0514|Urbano|06
58095|Loma Bonita del Sur|Colonia|Morelia|Michoacán de Ocampo|Morelia|58011|16|58011||09|053|0522|Urbano|06
58095|Loma Larga Oriente|Colonia|Morelia|Michoacán de Ocampo|Morelia|58011|16|58011||09|053|0523|Urbano|06
58095|Praderas del Sur II|Colonia|Morelia|Michoacán de Ocampo|Morelia|58011|16|58011||09|053|0538|Urbano|06
58095|Progreso del Sur|Colonia|Morelia|Michoacán de Ocampo|Morelia|58011|16|58011||09|053|0539|Urbano|06
58095|Rincón San Diego|Unidad habitacional|Morelia|Michoacán de Ocampo|Morelia|58011|16|58011||31|053|0545|Urbano|06
58095|Torrecillas del Sur|Colonia|Morelia|Michoacán de Ocampo|Morelia|58011|16|58011||09|053|0553|Urbano|06
58095|Valle de los Arcos|Colonia|Morelia|Michoacán de Ocampo|Morelia|58011|16|58011||09|053|0556|Urbano|06
58095|Villas del Sur III|Unidad habitacional|Morelia|Michoacán de Ocampo|Morelia|58011|16|58011||31|053|0561|Urbano|06
58095|Loma Blanca|Fraccionamiento|Morelia|Michoacán de Ocampo|Morelia|58011|16|58011||21|053|0562|Urbano|06
58095|Ciudad Peluche (La Quebradita)|Colonia|Morelia|Michoacán de Ocampo|Morelia|58011|16|58011||09|053|0571|Urbano|06
58095|Valle de Primavera|Colonia|Morelia|Michoacán de Ocampo|Morelia|58011|16|58011||09|053|0609|Urbano|06
58095|La Morita|Colonia|Morelia|Michoacán de Ocampo|Morelia|58011|16|58011||09|053|0610|Urbano|06
58095|Loma del Salto|Colonia|Morelia|Michoacán de Ocampo|Morelia|58011|16|58011||09|053|0611|Urbano|06
58095|Loma de la Virgen|Colonia|Morelia|Michoacán de Ocampo|Morelia|58011|16|58011||09|053|0612|Urbano|06
58095|Paraíso del Sur|Fraccionamiento|Morelia|Michoacán de Ocampo|Morelia|58011|16|58011||21|053|0613|Urbano|06
58095|Peña Blanca|Colonia|Morelia|Michoacán de Ocampo|Morelia|58011|16|58011||09|053|0994|Urbano|06
58095|Buenos Aires|Colonia|Morelia|Michoacán de Ocampo|Morelia|58011|16|58011||09|053|3586|Urbano|06
58095|Loma Larga|Colonia|Morelia|Michoacán de Ocampo|Morelia|58011|16|58011||09|053|3596|Urbano|06
58095|Loma Dorada del Sur|Colonia|Morelia|Michoacán de Ocampo|Morelia|58011|16|58011||09|053|3657|Urbano|06
58095|Puerta Blanca|Colonia|Morelia|Michoacán de Ocampo|Morelia|58011|16|58011||09|053|3659|Urbano|06
58095|Cerro Verde|Fraccionamiento|Morelia|Michoacán de Ocampo|Morelia|58011|16|58011||21|053|3693|Urbano|06
58095|Lomas|Fraccionamiento|Morelia|Michoacán de Ocampo|Morelia|58011|16|58011||21|053|3716|Urbano|06
58095|Lomas del Sur III|Fraccionamiento|Morelia|Michoacán de Ocampo|Morelia|58011|16|58011||21|053|3717|Urbano|06
58095|Valle El Rosario|Colonia|Morelia|Michoacán de Ocampo|Morelia|58011|16|58011||09|053|3734|Urbano|06
58095|Lomas del Sur|Fraccionamiento|Morelia|Michoacán de Ocampo|Morelia|58011|16|58011||21|053|3751|Urbano|06
58095|Lomas del Sur II|Fraccionamiento|Morelia|Michoacán de Ocampo|Morelia|58011|16|58011||21|053|3752|Urbano|06
58095|Rafael Dávalos|Fraccionamiento|Morelia|Michoacán de Ocampo|Morelia|58011|16|58011||21|053|3759|Urbano|06
58095|Valle Dorado del Sur|Fraccionamiento|Morelia|Michoacán de Ocampo|Morelia|58011|16|58011||21|053|3760|Urbano|06
58095|Praderas de la Loma|Fraccionamiento|Morelia|Michoacán de Ocampo|Morelia|58011|16|58011||21|053|3851|Urbano|06
58095|Praderas Paraíso|Fraccionamiento|Morelia|Michoacán de Ocampo|Morelia|58011|16|58011||21|053|3925|Urbano|06
58095|Villas del Sur|Fraccionamiento|Morelia|Michoacán de Ocampo|Morelia|58011|16|58011||21|053|3931|Urbano|06
58095|Jardines del Sur|Colonia|Morelia|Michoacán de Ocampo|Morelia|58011|16|58011||09|053|4068|Urbano|06
58095|Montevista|Fraccionamiento|Morelia|Michoacán de Ocampo|Morelia|58011|16|58011||21|053|4073|Urbano|06
58095|Los Mirasoles|Fraccionamiento|Morelia|Michoacán de Ocampo|Morelia|58011|16|58011||21|053|4764|Urbano|06
58095|Los Tucanes|Colonia|Morelia|Michoacán de Ocampo|Morelia|58011|16|58011||09|053|4766|Urbano|06
58095|Misión de San Diego|Conjunto habitacional|Morelia|Michoacán de Ocampo|Morelia|58011|16|58011||12|053|4819|Urbano|06
58095|Puerto Banus|Colonia|Morelia|Michoacán de Ocampo|Morelia|58011|16|58011||09|053|4828|Urbano|06
58095|Loma de Chapultepec|Fraccionamiento|Morelia|Michoacán de Ocampo|Morelia|58011|16|58011||21|053|5960|Urbano|06
58095|Campo Real|Colonia|Morelia|Michoacán de Ocampo|Morelia|58011|16|58011||09|053|6262|Urbano|06
58095|Felipe Sandoval|Colonia|Morelia|Michoacán de Ocampo|Morelia|58011|16|58011||09|053|6263|Urbano|06
58095|Torres Altavista|Colonia|Morelia|Michoacán de Ocampo|Morelia|58011|16|58011||09|053|6264|Urbano|06
58095|La Morita (Colonia la Morita)|Colonia|Morelia|Michoacán de Ocampo|Morelia|58011|16|58011||09|053|6363|Urbano|06
58095|Mirador del Valle|Colonia|Morelia|Michoacán de Ocampo|Morelia|58011|16|58011||09|053|6618|Urbano|06
58096|Lomas del Durazno|Colonia|Morelia|Michoacán de Ocampo|Morelia|58011|16|58011||09|053|0093|Urbano|06
58096|Piedra Lisa|Colonia|Morelia|Michoacán de Ocampo|Morelia|58011|16|58011||09|053|0094|Urbano|06
58096|Trincheras de Morelos|Colonia|Morelia|Michoacán de Ocampo|Morelia|58011|16|58011||09|053|0096|Urbano|06
58096|Puerta Blanca|Colonia|Morelia|Michoacán de Ocampo|Morelia|58011|16|58011||09|053|0485|Urbano|06
58096|Palmas del Sur|Fraccionamiento|Morelia|Michoacán de Ocampo|Morelia|58011|16|58011||21|053|0534|Urbano|06
58096|La Ermita|Colonia|Morelia|Michoacán de Ocampo|Morelia|58011|16|58011||09|053|0572|Urbano|06
58096|Camino Real|Fraccionamiento|Morelia|Michoacán de Ocampo|Morelia|58011|16|58011||21|053|0607|Urbano|06
58096|Bello Horizonte|Fraccionamiento|Morelia|Michoacán de Ocampo|Morelia|58011|16|58011||21|053|0608|Urbano|06
58096|Ampliación Trincheras de Morelos|Colonia|Morelia|Michoacán de Ocampo|Morelia|58011|16|58011||09|053|1011|Urbano|06
58096|Los Sauces|Colonia|Morelia|Michoacán de Ocampo|Morelia|58011|16|58011||09|053|3597|Urbano|06
58096|Rinconada del Sur|Fraccionamiento|Morelia|Michoacán de Ocampo|Morelia|58011|16|58011||21|053|3654|Urbano|06
58096|Flor del Durazno|Colonia|Morelia|Michoacán de Ocampo|Morelia|58011|16|58011||09|053|3695|Urbano|06
58096|Valle del Durazno|Colonia|Morelia|Michoacán de Ocampo|Morelia|58011|16|58011||09|053|3710|Urbano|06
58096|Mesoamerica|Fraccionamiento|Morelia|Michoacán de Ocampo|Morelia|58011|16|58011||21|053|3850|Urbano|06
58096|Ejército de Morelos|Colonia|Morelia|Michoacán de Ocampo|Morelia|58011|16|58011||09|053|3920|Urbano|06
58096|El Valle|Fraccionamiento|Morelia|Michoacán de Ocampo|Morelia|58011|16|58011||21|053|4761|Urbano|06
58096|Loma Alta|Colonia|Morelia|Michoacán de Ocampo|Morelia|58011|16|58011||09|053|4762|Urbano|06
58096|Los Gigantes|Colonia|Morelia|Michoacán de Ocampo|Morelia|58011|16|58011||09|053|4798|Urbano|06
58096|De las Culturas|Fraccionamiento|Morelia|Michoacán de Ocampo|Morelia|58011|16|58011||21|053|4943|Urbano|06
58096|Ampliación El Valle|Colonia|Morelia|Michoacán de Ocampo|Morelia|58011|16|58011||09|053|6261|Urbano|06
58096|10 de Junio|Colonia|Morelia|Michoacán de Ocampo|Morelia|58011|16|58011||09|053|6353|Urbano|06
58097|Carlos Rivas Larrauri|Colonia|Morelia|Michoacán de Ocampo|Morelia|58011|16|58011||09|053|0097|Urbano|06
58097|Cayetano Andrade|Colonia|Morelia|Michoacán de Ocampo|Morelia|58011|16|58011||09|053|0098|Urbano|06
58097|José Trinidad Guido|Colonia|Morelia|Michoacán de Ocampo|Morelia|58011|16|58011||09|053|0099|Urbano|06
58097|Ojo de Agua|Colonia|Morelia|Michoacán de Ocampo|Morelia|58011|16|58011||09|053|0100|Urbano|06
58097|Ampliación Cayetano Andrade|Colonia|Morelia|Michoacán de Ocampo|Morelia|58011|16|58011||09|053|3626|Urbano|06
58097|Villas de Santa María|Fraccionamiento|Morelia|Michoacán de Ocampo|Morelia|58011|16|58011||21|053|4803|Urbano|06
58098|Lomas de Vista Bella|Colonia|Morelia|Michoacán de Ocampo|Morelia|58011|16|58011||09|053|0101|Urbano|06
58098|Purembe|Colonia|Morelia|Michoacán de Ocampo|Morelia|58011|16|58011||09|053|0102|Urbano|06
58098|Sara Malfavón|Colonia|Morelia|Michoacán de Ocampo|Morelia|58011|16|58011||09|053|0103|Urbano|06
58098|Manuel Gutiérrez Najera|Fraccionamiento|Morelia|Michoacán de Ocampo|Morelia|58011|16|58011||21|053|3923|Urbano|06
58099|Nueva Jacarandas|Colonia|Morelia|Michoacán de Ocampo|Morelia|58011|16|58011||09|053|0104|Urbano|06
58099|Residencial Bosques|Fraccionamiento|Morelia|Michoacán de Ocampo|Morelia|58011|16|58011||21|053|0105|Urbano|06
58100|Los Ángeles|Colonia|Morelia|Michoacán de Ocampo|Morelia|58111|16|58111||09|053|0107|Urbano|06
58100|COTO San Ángel|Unidad habitacional|Morelia|Michoacán de Ocampo|Morelia|58111|16|58111||31|053|0507|Urbano|06
58100|San Guillermo|Fraccionamiento|Morelia|Michoacán de Ocampo|Morelia|58111|16|58111||21|053|3668|Urbano|06
58100|Valle Dorado Norte|Fraccionamiento|Morelia|Michoacán de Ocampo|Morelia|58111|16|58111||21|053|6621|Urbano|06
58110|Ejidal Francisco Villa|Colonia|Morelia|Michoacán de Ocampo|Morelia|58111|16|58111||09|053|0109|Urbano|06
58110|General Pedro María Anaya|Colonia|Morelia|Michoacán de Ocampo|Morelia|58111|16|58111||09|053|0110|Urbano|06
58110|Granjas del Maestro|Colonia|Morelia|Michoacán de Ocampo|Morelia|58111|16|58111||09|053|0111|Urbano|06
58110|Prados Verdes|Colonia|Morelia|Michoacán de Ocampo|Morelia|58111|16|58111||09|053|0113|Urbano|06
58110|Santiaguito|Colonia|Morelia|Michoacán de Ocampo|Morelia|58111|16|58111||09|053|0114|Urbano|06
58110|Doctor Miguel Silva González|Colonia|Morelia|Michoacán de Ocampo|Morelia|58111|16|58111||09|053|3426|Urbano|06
58110|Juan José Codallos|Colonia|Morelia|Michoacán de Ocampo|Morelia|58111|16|58111||09|053|4795|Urbano|06
58110|Jardines de Santiaguito|Colonia|Morelia|Michoacán de Ocampo|Morelia|58111|16|58111||09|053|4825|Urbano|06
58114|La Joya|Colonia|Morelia|Michoacán de Ocampo|Morelia|58111|16|58111||09|053|0116|Urbano|06
58114|INFONAVIT Loma Bonita|Unidad habitacional|Morelia|Michoacán de Ocampo|Morelia|58111|16|58111||31|053|0117|Urbano|06
58114|Popular Progreso|Colonia|Morelia|Michoacán de Ocampo|Morelia|58111|16|58111||09|053|0118|Urbano|06
58114|Ampliación Popular Progreso|Colonia|Morelia|Michoacán de Ocampo|Morelia|58111|16|58111||09|053|0119|Urbano|06
58114|Mirador de la Cantera|Conjunto habitacional|Morelia|Michoacán de Ocampo|Morelia|58111|16|58111||12|053|0176|Urbano|06
58114|Panorama|Unidad habitacional|Morelia|Michoacán de Ocampo|Morelia|58111|16|58111||31|053|0617|Urbano|06
58114|Ignacio Zaragoza|Colonia|Morelia|Michoacán de Ocampo|Morelia|58111|16|58111||09|053|0983|Urbano|06
58114|De las Canteras|Colonia|Morelia|Michoacán de Ocampo|Morelia|58111|16|58111||09|053|5546|Urbano|06
58115|Lago I|Colonia|Morelia|Michoacán de Ocampo|Morelia|58111|16|58111||09|053|0120|Urbano|06
58115|Lago II|Colonia|Morelia|Michoacán de Ocampo|Morelia|58111|16|58111||09|053|0122|Urbano|06
58115|Volcanes|Colonia|Morelia|Michoacán de Ocampo|Morelia|58111|16|58111||09|053|0124|Urbano|06
58115|Hacienda Real|Unidad habitacional|Morelia|Michoacán de Ocampo|Morelia|58111|16|58111||31|053|0492|Urbano|06
58115|Huertitas|Colonia|Morelia|Michoacán de Ocampo|Morelia|58111|16|58111||09|053|0591|Urbano|06
58115|Presa de los Reyes|Colonia|Morelia|Michoacán de Ocampo|Morelia|58111|16|58111||09|053|0592|Urbano|06
58115|El Lago 3|Colonia|Morelia|Michoacán de Ocampo|Morelia|58111|16|58111||09|053|3537|Urbano|06
58115|Jardines del Quinceo|Fraccionamiento|Morelia|Michoacán de Ocampo|Morelia|58111|16|58111||21|053|3593|Urbano|06
58115|Valle de los Reyes|Fraccionamiento|Morelia|Michoacán de Ocampo|Morelia|58111|16|58111||21|053|3709|Urbano|06
58116|Ampliación El Realito|Colonia|Morelia|Michoacán de Ocampo|Morelia|58111|16|58111||09|053|0121|Urbano|06
58116|Cruz del Barreno|Colonia|Morelia|Michoacán de Ocampo|Morelia|58111|16|58111||09|053|0125|Urbano|06
58116|El Realito|Colonia|Morelia|Michoacán de Ocampo|Morelia|58111|16|58111||09|053|0127|Urbano|06
58116|Josefa Ocampo de Mata|Colonia|Morelia|Michoacán de Ocampo|Morelia|58111|16|58111||09|053|0128|Urbano|06
58116|Loma Real|Colonia|Morelia|Michoacán de Ocampo|Morelia|58111|16|58111||09|053|0129|Urbano|06
58116|Mariano Escobedo|Colonia|Morelia|Michoacán de Ocampo|Morelia|58111|16|58111||09|053|0130|Urbano|06
58116|Mártires de Uruapan|Colonia|Morelia|Michoacán de Ocampo|Morelia|58111|16|58111||09|053|0131|Urbano|06
58116|Vicente Riva Palacio|Colonia|Morelia|Michoacán de Ocampo|Morelia|58111|16|58111||09|053|0132|Urbano|06
58116|Villas del Real|Colonia|Morelia|Michoacán de Ocampo|Morelia|58111|16|58111||09|053|0133|Urbano|06
58116|Ampliación Gertrudis Sánchez|Colonia|Morelia|Michoacán de Ocampo|Morelia|58111|16|58111||09|053|0153|Urbano|06
58116|La Factoría|Fraccionamiento|Morelia|Michoacán de Ocampo|Morelia|58111|16|58111||21|053|0166|Urbano|06
58116|Gertrudis Sánchez|Colonia|Morelia|Michoacán de Ocampo|Morelia|58111|16|58111||09|053|0356|Urbano|06
58116|Torreón Nuevo|Colonia|Morelia|Michoacán de Ocampo|Morelia|58111|16|58111||09|053|0476|Urbano|06
58116|Punta Floresta|Unidad habitacional|Morelia|Michoacán de Ocampo|Morelia|58111|16|58111||31|053|0487|Urbano|06
58116|Las Aves|Colonia|Morelia|Michoacán de Ocampo|Morelia|58111|16|58111||09|053|0518|Urbano|06
58116|Santa Cruz Campo Santo|Fraccionamiento|Morelia|Michoacán de Ocampo|Morelia|58111|16|58111||21|053|0550|Urbano|06
58116|Imperio Purépecha|Colonia|Morelia|Michoacán de Ocampo|Morelia|58111|16|58111||09|053|0577|Urbano|06
58116|Medallistas Olimpicos|Colonia|Morelia|Michoacán de Ocampo|Morelia|58111|16|58111||09|053|0593|Urbano|06
58116|Valle de los Manantiales|Colonia|Morelia|Michoacán de Ocampo|Morelia|58111|16|58111||09|053|0594|Urbano|06
58116|Hermenegildo Galeana|Colonia|Morelia|Michoacán de Ocampo|Morelia|58111|16|58111||09|053|0595|Urbano|06
58116|Pastor Manuel Sánchez Camarena|Colonia|Morelia|Michoacán de Ocampo|Morelia|58111|16|58111||09|053|0596|Urbano|06
58116|Valle del Real|Colonia|Morelia|Michoacán de Ocampo|Morelia|58111|16|58111||09|053|0597|Urbano|06
58116|10 de Junio|Colonia|Morelia|Michoacán de Ocampo|Morelia|58111|16|58111||09|053|0619|Urbano|06
58116|Ampliación Torreón Nuevo|Colonia|Morelia|Michoacán de Ocampo|Morelia|58111|16|58111||09|053|3583|Urbano|06
58116|Solidaridad|Colonia|Morelia|Michoacán de Ocampo|Morelia|58111|16|58111||09|053|3601|Urbano|06
58116|Torreón Nuevo|Conjunto habitacional|Morelia|Michoacán de Ocampo|Morelia|58111|16|58111||12|053|3602|Urbano|06
58116|Ampliación Mariano Escobedo|Colonia|Morelia|Michoacán de Ocampo|Morelia|58111|16|58111||09|053|3646|Urbano|06
58116|León Guzmán|Fraccionamiento|Morelia|Michoacán de Ocampo|Morelia|58111|16|58111||21|053|3658|Urbano|06
58116|Torreón Nuevo II|Conjunto habitacional|Morelia|Michoacán de Ocampo|Morelia|58111|16|58111||12|053|3669|Urbano|06
58116|Rinconada de Morelia|Conjunto habitacional|Morelia|Michoacán de Ocampo|Morelia|58111|16|58111||12|053|3706|Urbano|06
58116|Torreón Nuevo III|Conjunto habitacional|Morelia|Michoacán de Ocampo|Morelia|58111|16|58111||12|053|3720|Urbano|06
58116|Torreón Nuevo IV|Conjunto habitacional|Morelia|Michoacán de Ocampo|Morelia|58111|16|58111||12|053|3803|Urbano|06
58116|Villas del Real (Poniente)|Colonia|Morelia|Michoacán de Ocampo|Morelia|58111|16|58111||09|053|4788|Urbano|06
58116|José María Arteaga|Fraccionamiento|Morelia|Michoacán de Ocampo|Morelia|58111|16|58111||21|053|4838|Urbano|06
58116|Ampliación Solidaridad|Colonia|Morelia|Michoacán de Ocampo|Morelia|58111|16|58111||09|053|4938|Urbano|06
58116|Paseo Esmeralda|Conjunto habitacional|Morelia|Michoacán de Ocampo|Morelia|58111|16|58111||12|053|5963|Urbano|06
58116|Luis Córdoba Reyes|Colonia|Morelia|Michoacán de Ocampo|Morelia|58111|16|58111||09|053|6272|Urbano|06
58117|Lomas del Tecnológico|Colonia|Morelia|Michoacán de Ocampo|Morelia|58111|16|58111||09|053|0134|Urbano|06
58118|Barrio Alto|Colonia|Morelia|Michoacán de Ocampo|Morelia|58111|16|58111||09|053|0135|Urbano|06
58118|Francisco J. Múgica|Fraccionamiento|Morelia|Michoacán de Ocampo|Morelia|58111|16|58111||21|053|0136|Urbano|06
58118|La Soledad|Colonia|Morelia|Michoacán de Ocampo|Morelia|58111|16|58111||09|053|0137|Urbano|06
58118|Ampliación La Soledad|Colonia|Morelia|Michoacán de Ocampo|Morelia|58111|16|58111||09|053|0138|Urbano|06
58118|Ampliación La Soledad (Norte)|Colonia|Morelia|Michoacán de Ocampo|Morelia|58111|16|58111||09|053|0469|Urbano|06
58118|Bicentenario|Colonia|Morelia|Michoacán de Ocampo|Morelia|58111|16|58111||09|053|4935|Urbano|06
58118|El Paraíso|Colonia|Morelia|Michoacán de Ocampo|Morelia|58111|16|58111||09|053|6355|Urbano|06
58118|Arboledas|Fraccionamiento|Morelia|Michoacán de Ocampo|Morelia|58111|16|58111||21|053|6356|Urbano|06
58120|Enrique Arreguín Vélez|Conjunto habitacional|Morelia|Michoacán de Ocampo|Morelia|58111|16|58111||12|053|0141|Urbano|06
58120|Lomas de Santiaguito|Colonia|Morelia|Michoacán de Ocampo|Morelia|58111|16|58111||09|053|0142|Urbano|06
58120|FOVISSSTE Santiaguito|Unidad habitacional|Morelia|Michoacán de Ocampo|Morelia|58111|16|58111||31|053|0143|Urbano|06
58120|INDECO Santiaguito|Colonia|Morelia|Michoacán de Ocampo|Morelia|58111|16|58111||09|053|0145|Urbano|06
58127|Felipe Carrillo Puerto|Colonia|Morelia|Michoacán de Ocampo|Morelia|58111|16|58111||09|053|0146|Urbano|06
58127|Lomas de San Juan|Colonia|Morelia|Michoacán de Ocampo|Morelia|58111|16|58111||09|053|0147|Urbano|06
58127|Precursores de la Revolución|Colonia|Morelia|Michoacán de Ocampo|Morelia|58111|16|58111||09|053|0148|Urbano|06
58127|Ampliación Lomas de San Juan|Unidad habitacional|Morelia|Michoacán de Ocampo|Morelia|58111|16|58111||31|053|0500|Urbano|06
58128|Alfonso García Robles|Colonia|Morelia|Michoacán de Ocampo|Morelia|58111|16|58111||09|053|0149|Urbano|06
58128|Profesor Jesús Romero Flores|Colonia|Morelia|Michoacán de Ocampo|Morelia|58111|16|58111||09|053|0150|Urbano|06
58128|La Soledad (Oriente)|Fraccionamiento|Morelia|Michoacán de Ocampo|Morelia|58111|16|58111||21|053|0515|Urbano|06
58128|Tres de Agosto|Colonia|Morelia|Michoacán de Ocampo|Morelia|58111|16|58111||09|053|3001|Urbano|06
58128|Clara Córdoba|Colonia|Morelia|Michoacán de Ocampo|Morelia|58111|16|58111||09|053|3587|Urbano|06
58128|Santa Fe|Colonia|Morelia|Michoacán de Ocampo|Morelia|58111|16|58111||09|053|3600|Urbano|06
58128|Las Jacarandas|Conjunto habitacional|Morelia|Michoacán de Ocampo|Morelia|58111|16|58111||12|053|3852|Urbano|06
58128|Satélite|Colonia|Morelia|Michoacán de Ocampo|Morelia|58111|16|58111||09|053|4076|Urbano|06
58128|Centenario|Colonia|Morelia|Michoacán de Ocampo|Morelia|58111|16|58111||09|053|4936|Urbano|06
58128|Santa Fe Sur|Fraccionamiento|Morelia|Michoacán de Ocampo|Morelia|58111|16|58111||21|053|5964|Urbano|06
58128|El Sabino|Fraccionamiento|Morelia|Michoacán de Ocampo|Morelia|58111|16|58111||21|053|6358|Urbano|06
58130|Industrial|Colonia|Morelia|Michoacán de Ocampo|Morelia|58111|16|58111||09|053|0152|Urbano|06
58130|Obrera|Colonia|Morelia|Michoacán de Ocampo|Morelia|58111|16|58111||09|053|0154|Urbano|06
58140|Cuatro de Marzo|Colonia|Morelia|Michoacán de Ocampo|Morelia|58011|16|58011||09|053|0156|Urbano|06
58140|Esther Tapia|Colonia|Morelia|Michoacán de Ocampo|Morelia|58011|16|58011||09|053|0157|Urbano|06
58140|Guadalupe|Colonia|Morelia|Michoacán de Ocampo|Morelia|58011|16|58011||09|053|0158|Urbano|06
58140|Irrigación|Colonia|Morelia|Michoacán de Ocampo|Morelia|58011|16|58011||09|053|0159|Urbano|06
58140|Jardines de Guadalupe|Colonia|Morelia|Michoacán de Ocampo|Morelia|58011|16|58011||09|053|0160|Urbano|06
58140|Javier Mina|Colonia|Morelia|Michoacán de Ocampo|Morelia|58011|16|58011||09|053|0161|Urbano|06
58140|INFONAVIT La Colina|Unidad habitacional|Morelia|Michoacán de Ocampo|Morelia|58011|16|58011||31|053|0162|Urbano|06
58140|Linda Vista|Colonia|Morelia|Michoacán de Ocampo|Morelia|58011|16|58011||09|053|0163|Urbano|06
58140|Torres del Tepeyac|Colonia|Morelia|Michoacán de Ocampo|Morelia|58011|16|58011||09|053|0164|Urbano|06
58140|Popular Solidaria|Colonia|Morelia|Michoacán de Ocampo|Morelia|58011|16|58011||09|053|0165|Urbano|06
58140|Altavista|Unidad habitacional|Morelia|Michoacán de Ocampo|Morelia|58011|16|58011||31|053|0496|Urbano|06
58145|Centro SCT Michoacán|Equipamiento|Morelia|Michoacán de Ocampo|Morelia|58011|16|58011||17|053|0341|Urbano|06
58146|Francisca Xaviera Villegas|Colonia|Morelia|Michoacán de Ocampo|Morelia|58011|16|58011||09|053|0167|Urbano|06
58146|Ampliación Francisca Xaviera Villegas|Colonia|Morelia|Michoacán de Ocampo|Morelia|58011|16|58011||09|053|0168|Urbano|06
58146|José Trinidad Salgado|Colonia|Morelia|Michoacán de Ocampo|Morelia|58011|16|58011||09|053|0169|Urbano|06
58146|INFONAVIT Justo Mendoza|Unidad habitacional|Morelia|Michoacán de Ocampo|Morelia|58011|16|58011||31|053|0170|Urbano|06
58146|La Quemada|Colonia|Morelia|Michoacán de Ocampo|Morelia|58011|16|58011||09|053|0171|Urbano|06
58146|INFONAVIT La Quemada|Unidad habitacional|Morelia|Michoacán de Ocampo|Morelia|58011|16|58011||31|053|0172|Urbano|06
58146|Mártires de la Plaza|Unidad habitacional|Morelia|Michoacán de Ocampo|Morelia|58011|16|58011||31|053|0173|Urbano|06
58146|Alborada|Unidad habitacional|Morelia|Michoacán de Ocampo|Morelia|58011|16|58011||31|053|0495|Urbano|06
58146|Campos Elíseos|Fraccionamiento|Morelia|Michoacán de Ocampo|Morelia|58011|16|58011||21|053|0505|Urbano|06
58146|Víctor Manuel Tinoco Rubí|Fraccionamiento|Morelia|Michoacán de Ocampo|Morelia|58011|16|58011||21|053|0585|Urbano|06
58147|Defensores de Puebla|Colonia|Morelia|Michoacán de Ocampo|Morelia|58011|16|58011||09|053|0174|Urbano|06
58147|Leandro Valle|Colonia|Morelia|Michoacán de Ocampo|Morelia|58011|16|58011||09|053|0175|Urbano|06
58147|INFONAVIT Rafael Carrillo|Unidad habitacional|Morelia|Michoacán de Ocampo|Morelia|58011|16|58011||31|053|0177|Urbano|06
58147|Reforma|Colonia|Morelia|Michoacán de Ocampo|Morelia|58011|16|58011||09|053|0178|Urbano|06
58147|Ampliación Bosques del Quinceo|Unidad habitacional|Morelia|Michoacán de Ocampo|Morelia|58011|16|58011||31|053|0498|Urbano|06
58147|Asociación Zirahuén|Colonia|Morelia|Michoacán de Ocampo|Morelia|58011|16|58011||09|053|0583|Urbano|06
58147|Sindurio Norte|Colonia|Morelia|Michoacán de Ocampo|Morelia|58011|16|58011||09|053|0584|Urbano|06
58147|Catorce de Febrero|Colonia|Morelia|Michoacán de Ocampo|Morelia|58011|16|58011||09|053|3015|Urbano|06
58147|Mirador del Poniente|Colonia|Morelia|Michoacán de Ocampo|Morelia|58011|16|58011||09|053|3016|Urbano|06
58147|Ricardo Flores Magón|Colonia|Morelia|Michoacán de Ocampo|Morelia|58011|16|58011||09|053|3604|Urbano|06
58147|El Dorado|Colonia|Morelia|Michoacán de Ocampo|Morelia|58011|16|58011||09|053|3619|Urbano|06
58147|Francisco Zarco|Colonia|Morelia|Michoacán de Ocampo|Morelia|58011|16|58011||09|053|3620|Urbano|06
58147|Veintiseis de Julio|Colonia|Morelia|Michoacán de Ocampo|Morelia|58011|16|58011||09|053|3636|Urbano|06
58147|Mercado República|Zona comercial|Morelia|Michoacán de Ocampo|Morelia|58011|16|58011||33|053|4071|Urbano|06
58147|Bosques del Quinceo|Colonia|Morelia|Michoacán de Ocampo|Morelia|58011|16|58011||09|053|4760|Urbano|06
58147|Hermosa Provincia|Colonia|Morelia|Michoacán de Ocampo|Morelia|58011|16|58011||09|053|4945|Urbano|06
58147|Dos de Diciembre|Colonia|Morelia|Michoacán de Ocampo|Morelia|58011|16|58011||09|053|5537|Urbano|06
58147|Ampliación Dos de Diciembre|Colonia|Morelia|Michoacán de Ocampo|Morelia|58011|16|58011||09|053|6046|Urbano|06
58148|Emiliano Zapata|Colonia|Morelia|Michoacán de Ocampo|Morelia|58011|16|58011||09|053|0179|Urbano|06
58148|Félix Arreguín|Colonia|Morelia|Michoacán de Ocampo|Morelia|58011|16|58011||09|053|0180|Urbano|06
58148|José María Morelos|Colonia|Morelia|Michoacán de Ocampo|Morelia|58011|16|58011||09|053|0181|Urbano|06
58148|Los Álamos|Colonia|Morelia|Michoacán de Ocampo|Morelia|58011|16|58011||09|053|0182|Urbano|06
58148|Wenceslao Victoria|Colonia|Morelia|Michoacán de Ocampo|Morelia|58011|16|58011||09|053|0183|Urbano|06
58148|Ampliación Félix Arreguin|Colonia|Morelia|Michoacán de Ocampo|Morelia|58011|16|58011||09|053|6277|Urbano|06
58149|Vistas del Quinceo|Conjunto habitacional|Morelia|Michoacán de Ocampo|Morelia|58011|16|58011||12|053|0115|Urbano|06
58149|Ampliación Unidos Santa Cruz|Colonia|Morelia|Michoacán de Ocampo|Morelia|58011|16|58011||09|053|0123|Urbano|06
58149|Eduardo Ruiz|Colonia|Morelia|Michoacán de Ocampo|Morelia|58011|16|58011||09|053|0184|Urbano|06
58149|Ampliación Eduardo Ruíz|Colonia|Morelia|Michoacán de Ocampo|Morelia|58011|16|58011||09|053|0185|Urbano|06
58149|Ignacio Ramírez|Colonia|Morelia|Michoacán de Ocampo|Morelia|58011|16|58011||09|053|0186|Urbano|06
58149|Unidos Santa Cruz|Colonia|Morelia|Michoacán de Ocampo|Morelia|58011|16|58011||09|053|0187|Urbano|06
58149|Quinceo|Colonia|Morelia|Michoacán de Ocampo|Morelia|58011|16|58011||09|053|0358|Urbano|06
58149|Nuevo Horizonte|Colonia|Morelia|Michoacán de Ocampo|Morelia|58011|16|58011||09|053|0480|Urbano|06
58149|Terrazas Quinceo|Unidad habitacional|Morelia|Michoacán de Ocampo|Morelia|58011|16|58011||31|053|0490|Urbano|06
58149|Llanos del Quinceo|Condominio|Morelia|Michoacán de Ocampo|Morelia|58011|16|58011||10|053|0521|Urbano|06
58149|Santa Elena|Fraccionamiento|Morelia|Michoacán de Ocampo|Morelia|58011|16|58011||21|053|0551|Urbano|06
58149|Portento|Fraccionamiento|Morelia|Michoacán de Ocampo|Morelia|58011|16|58011||21|053|0569|Urbano|06
58149|Los Llanos|Colonia|Morelia|Michoacán de Ocampo|Morelia|58011|16|58011||09|053|0587|Urbano|06
58149|Héroes de México|Colonia|Morelia|Michoacán de Ocampo|Morelia|58011|16|58011||09|053|0588|Urbano|06
58149|Universidades de América|Colonia|Morelia|Michoacán de Ocampo|Morelia|58011|16|58011||09|053|0589|Urbano|06
58149|Niños Héroes de Chapultepec|Colonia|Morelia|Michoacán de Ocampo|Morelia|58011|16|58011||09|053|0590|Urbano|06
58149|Viveo|Unidad habitacional|Morelia|Michoacán de Ocampo|Morelia|58011|16|58011||31|053|0618|Urbano|06
58149|Gobernador Gildardo Magaña|Colonia|Morelia|Michoacán de Ocampo|Morelia|58011|16|58011||09|053|3019|Urbano|06
58149|Batalla de Morelia|Colonia|Morelia|Michoacán de Ocampo|Morelia|58011|16|58011||09|053|3585|Urbano|06
58149|Ampliación Niños Héroes de Chapultepec|Colonia|Morelia|Michoacán de Ocampo|Morelia|58011|16|58011||09|053|3603|Urbano|06
58149|Sebastián Lerdo de Tejada|Fraccionamiento|Morelia|Michoacán de Ocampo|Morelia|58011|16|58011||21|053|3607|Urbano|06
58149|Nicolaitas Ilustres|Fraccionamiento|Morelia|Michoacán de Ocampo|Morelia|58011|16|58011||21|053|3634|Urbano|06
58149|INFONAVIT Constitución de 1857|Unidad habitacional|Morelia|Michoacán de Ocampo|Morelia|58011|16|58011||31|053|3637|Urbano|06
58149|Ampliación Batalla de Morelia|Colonia|Morelia|Michoacán de Ocampo|Morelia|58011|16|58011||09|053|3660|Urbano|06
58149|José María de Cabrera|Colonia|Morelia|Michoacán de Ocampo|Morelia|58011|16|58011||09|053|3698|Urbano|06
58149|Mirador del Quinceo|Conjunto habitacional|Morelia|Michoacán de Ocampo|Morelia|58011|16|58011||12|053|3728|Urbano|06
58149|Nicolás de Régules|Conjunto habitacional|Morelia|Michoacán de Ocampo|Morelia|58011|16|58011||12|053|3875|Urbano|06
58149|Praderas del Quinceo|Fraccionamiento|Morelia|Michoacán de Ocampo|Morelia|58011|16|58011||21|053|3876|Urbano|06
58149|La Aurora|Fraccionamiento|Morelia|Michoacán de Ocampo|Morelia|58011|16|58011||21|053|3996|Urbano|06
58149|Eduardo Ruiz (Norte)|Colonia|Morelia|Michoacán de Ocampo|Morelia|58011|16|58011||09|053|4067|Urbano|06
58149|Villas de la Esperanza|Conjunto habitacional|Morelia|Michoacán de Ocampo|Morelia|58011|16|58011||12|053|4280|Urbano|06
58149|Valentín Gómez Farías|Conjunto habitacional|Morelia|Michoacán de Ocampo|Morelia|58011|16|58011||12|053|4396|Urbano|06
58149|El Resplandor|Colonia|Morelia|Michoacán de Ocampo|Morelia|58011|16|58011||09|053|6251|Urbano|06
58149|Guillermo Prieto I|Colonia|Morelia|Michoacán de Ocampo|Morelia|58011|16|58011||09|053|6270|Urbano|06
58149|Guillermo Prieto II|Colonia|Morelia|Michoacán de Ocampo|Morelia|58011|16|58011||09|053|6271|Urbano|06
58149|Las Higueras|Colonia|Morelia|Michoacán de Ocampo|Morelia|58011|16|58011||09|053|6362|Urbano|06
58149|Villa Hermosa|Colonia|Morelia|Michoacán de Ocampo|Morelia|58011|16|58011||09|053|6622|Urbano|06
58150|Bocanegra|Colonia|Morelia|Michoacán de Ocampo|Morelia|58011|16|58011||09|053|0188|Urbano|06
58150|Jacarandas|Colonia|Morelia|Michoacán de Ocampo|Morelia|58011|16|58011||09|053|0189|Urbano|06
58150|Plan de Ayutla|Colonia|Morelia|Michoacán de Ocampo|Morelia|58011|16|58011||09|053|0191|Urbano|06
58150|Tres Puentes|Colonia|Morelia|Michoacán de Ocampo|Morelia|58011|16|58011||09|053|0192|Urbano|06
58158|Carlos Salazar|Colonia|Morelia|Michoacán de Ocampo|Morelia|58011|16|58011||09|053|0193|Urbano|06
58158|Ampliación Carlos Salazar|Colonia|Morelia|Michoacán de Ocampo|Morelia|58011|16|58011||09|053|0194|Urbano|06
58158|Primo Tapia (Poniente)|Colonia|Morelia|Michoacán de Ocampo|Morelia|58011|16|58011||09|053|0998|Urbano|06
58160|El Porvenir|Colonia|Morelia|Michoacán de Ocampo|Morelia|58011|16|58011||09|053|0195|Urbano|06
58160|Las Flores|Colonia|Morelia|Michoacán de Ocampo|Morelia|58011|16|58011||09|053|0196|Urbano|06
58160|Las Margaritas|Colonia|Morelia|Michoacán de Ocampo|Morelia|58011|16|58011||09|053|0197|Urbano|06
58160|Ampliación Las Margaritas|Colonia|Morelia|Michoacán de Ocampo|Morelia|58011|16|58011||09|053|0198|Urbano|06
58160|Mauricio Martínez Solano|Colonia|Morelia|Michoacán de Ocampo|Morelia|58011|16|58011||09|053|0199|Urbano|06
58160|Melchor Ocampo|Colonia|Morelia|Michoacán de Ocampo|Morelia|58011|16|58011||09|053|0200|Urbano|06
58168|Ampliación El Porvenir|Colonia|Morelia|Michoacán de Ocampo|Morelia|58011|16|58011||09|053|0201|Urbano|06
58168|Santa Anita|Colonia|Morelia|Michoacán de Ocampo|Morelia|58011|16|58011||09|053|0202|Urbano|06
58170|Lomas del Valle|Colonia|Morelia|Michoacán de Ocampo|Morelia|58011|16|58011||09|053|0203|Urbano|06
58170|INFONAVIT Lomas del Valle|Unidad habitacional|Morelia|Michoacán de Ocampo|Morelia|58011|16|58011||31|053|0204|Urbano|06
58175|Ejidal Tres Puentes|Colonia|Morelia|Michoacán de Ocampo|Morelia|58011|16|58011||09|053|0206|Urbano|06
58178|Las Mariposas|Colonia|Morelia|Michoacán de Ocampo|Morelia|58011|16|58011||09|053|0207|Urbano|06
58178|Libertad|Colonia|Morelia|Michoacán de Ocampo|Morelia|58011|16|58011||09|053|0208|Urbano|06
58178|Sentimientos de la Nación|Colonia|Morelia|Michoacán de Ocampo|Morelia|58011|16|58011||09|053|0209|Urbano|06
58179|Héroes de Bajan|Colonia|Morelia|Michoacán de Ocampo|Morelia|58011|16|58011||09|053|0210|Urbano|06
58179|Jaujilla|Colonia|Morelia|Michoacán de Ocampo|Morelia|58011|16|58011||09|053|0211|Urbano|06
58179|Valerio Trujano|Colonia|Morelia|Michoacán de Ocampo|Morelia|58011|16|58011||09|053|0212|Urbano|06
58179|Villas del Sol|Colonia|Morelia|Michoacán de Ocampo|Morelia|58011|16|58011||09|053|3608|Urbano|06
58180|Adolfo López Mateos|Colonia|Morelia|Michoacán de Ocampo|Morelia|58011|16|58011||09|053|0213|Urbano|06
58180|Ampliación Adolfo López Mateos|Colonia|Morelia|Michoacán de Ocampo|Morelia|58011|16|58011||09|053|0214|Urbano|06
58180|INFONAVIT Adolfo López Mateos|Unidad habitacional|Morelia|Michoacán de Ocampo|Morelia|58011|16|58011||31|053|0215|Urbano|06
58180|Los Ejidos|Colonia|Morelia|Michoacán de Ocampo|Morelia|58011|16|58011||09|053|0216|Urbano|06
58180|Hacienda Corralejo|Fraccionamiento|Morelia|Michoacán de Ocampo|Morelia|58011|16|58011||21|053|0565|Urbano|06
58180|Adolfo López Mateos (Oriente)|Colonia|Morelia|Michoacán de Ocampo|Morelia|58011|16|58011||09|053|4834|Urbano|06
58183|Paseo del Álamo|Unidad habitacional|Morelia|Michoacán de Ocampo|Morelia|58011|16|58011||31|053|0536|Urbano|06
58183|Hacienda de San Diego|Fraccionamiento|Morelia|Michoacán de Ocampo|Morelia|58011|16|58011||21|053|5464|Urbano|06
58186|Campestre los Manantiales|Colonia|Morelia|Michoacán de Ocampo|Morelia|58011|16|58011||09|053|0218|Urbano|06
58186|INFONAVIT José Sixto Verduzco|Unidad habitacional|Morelia|Michoacán de Ocampo|Morelia|58011|16|58011||31|053|0219|Urbano|06
58186|INFONAVIT Los Manantiales|Unidad habitacional|Morelia|Michoacán de Ocampo|Morelia|58011|16|58011||31|053|0220|Urbano|06
58186|Las Higueras|Colonia|Morelia|Michoacán de Ocampo|Morelia|58011|16|58011||09|053|3012|Urbano|06
58187|INFONAVIT Juan Aldama|Unidad habitacional|Morelia|Michoacán de Ocampo|Morelia|58011|16|58011||31|053|0221|Urbano|06
58187|Las Águilas|Colonia|Morelia|Michoacán de Ocampo|Morelia|58011|16|58011||09|053|0222|Urbano|06
58188|Manantiales Poniente|Colonia|Morelia|Michoacán de Ocampo|Morelia|58011|16|58011||09|053|0060|Urbano|06
58188|Ampliación Los Manantiales|Colonia|Morelia|Michoacán de Ocampo|Morelia|58011|16|58011||09|053|0223|Urbano|06
58188|Los Manantiales de Morelia|Colonia|Morelia|Michoacán de Ocampo|Morelia|58011|16|58011||09|053|0224|Urbano|06
58189|Agua Clara|Colonia|Morelia|Michoacán de Ocampo|Morelia|58011|16|58011||09|053|0225|Urbano|06
58189|Vicente Guerrero|Colonia|Morelia|Michoacán de Ocampo|Morelia|58011|16|58011||09|053|0226|Urbano|06
58189|Rincón de Agua Clara|Colonia|Morelia|Michoacán de Ocampo|Morelia|58011|16|58011||09|053|6274|Urbano|06
58190|Agustín Arriaga Rivera|Colonia|Morelia|Michoacán de Ocampo|Morelia|58011|16|58011||09|053|0227|Urbano|06
58190|INDECO Expropiación Petrolera|Unidad habitacional|Morelia|Michoacán de Ocampo|Morelia|58011|16|58011||31|053|0228|Urbano|06
58190|Alcaide Ignacio Pérez|Colonia|Morelia|Michoacán de Ocampo|Morelia|58011|16|58011||09|053|0229|Urbano|06
58190|Nueva Valladolid|Colonia|Morelia|Michoacán de Ocampo|Morelia|58011|16|58011||09|053|0230|Urbano|06
58190|Rector Hidalgo|Colonia|Morelia|Michoacán de Ocampo|Morelia|58011|16|58011||09|053|0231|Urbano|06
58190|Santa Catalina|Unidad habitacional|Morelia|Michoacán de Ocampo|Morelia|58011|16|58011||31|053|0549|Urbano|06
58190|Valladolid|Fraccionamiento|Morelia|Michoacán de Ocampo|Morelia|58011|16|58011||21|053|3635|Urbano|06
58190|Real Valladolid|Conjunto habitacional|Morelia|Michoacán de Ocampo|Morelia|58011|16|58011||12|053|4765|Urbano|06
58194|Praderas de Morelia|Fraccionamiento|Morelia|Michoacán de Ocampo|Morelia|58011|16|58011||21|053|3009|Urbano|06
58194|Las Pampas|Fraccionamiento|Morelia|Michoacán de Ocampo|Morelia|58011|16|58011||21|053|3729|Urbano|06
58195|Los Ciruelos|Conjunto habitacional|Morelia|Michoacán de Ocampo|Morelia|58011|16|58011||12|053|0054|Urbano|06
58195|Puerta Nogal|Conjunto habitacional|Morelia|Michoacán de Ocampo|Morelia|58011|16|58011||12|053|0065|Urbano|06
58195|Finca Campestre|Conjunto habitacional|Morelia|Michoacán de Ocampo|Morelia|58011|16|58011||12|053|0155|Urbano|06
58195|Ana María Gallaga|Colonia|Morelia|Michoacán de Ocampo|Morelia|58011|16|58011||09|053|0237|Urbano|06
58195|Ampliación Ana María Gallaga|Colonia|Morelia|Michoacán de Ocampo|Morelia|58011|16|58011||09|053|0238|Urbano|06
58195|Arboleda de la Huerta|Colonia|Morelia|Michoacán de Ocampo|Morelia|58011|16|58011||09|053|0239|Urbano|06
58195|Constituyentes de Apatzingán de 1814|Colonia|Morelia|Michoacán de Ocampo|Morelia|58011|16|58011||09|053|0240|Urbano|06
58195|Doctor José María Coss|Colonia|Morelia|Michoacán de Ocampo|Morelia|58011|16|58011||09|053|0241|Urbano|06
58195|Mariano Michelena|Colonia|Morelia|Michoacán de Ocampo|Morelia|58011|16|58011||09|053|0242|Urbano|06
58195|Sitio de Cuautla|Colonia|Morelia|Michoacán de Ocampo|Morelia|58011|16|58011||09|053|0243|Urbano|06
58195|Campo Bello|Fraccionamiento|Morelia|Michoacán de Ocampo|Morelia|58011|16|58011||21|053|0255|Urbano|06
58195|Panteón el Vergel|Equipamiento|Morelia|Michoacán de Ocampo|Morelia|58011|16|58011||17|053|0284|Urbano|06
58195|Ampliación Hacienda del Valle|Unidad habitacional|Morelia|Michoacán de Ocampo|Morelia|58011|16|58011||31|053|0468|Urbano|06
58195|Vergel de las Flores|Condominio|Morelia|Michoacán de Ocampo|Morelia|58011|16|58011||10|053|0474|Urbano|06
58195|Tabiqueros|Colonia|Morelia|Michoacán de Ocampo|Morelia|58011|16|58011||09|053|0479|Urbano|06
58195|La Arriería|Colonia|Morelia|Michoacán de Ocampo|Morelia|58011|16|58011||09|053|0493|Urbano|06
58195|Albatros|Unidad habitacional|Morelia|Michoacán de Ocampo|Morelia|58011|16|58011||31|053|0494|Urbano|06
58195|Campestre del Vergel (Norte)|Unidad habitacional|Morelia|Michoacán de Ocampo|Morelia|58011|16|58011||31|053|0503|Urbano|06
58195|Loreto|Unidad habitacional|Morelia|Michoacán de Ocampo|Morelia|58011|16|58011||31|053|0524|Urbano|06
58195|Punta Roma|Condominio|Morelia|Michoacán de Ocampo|Morelia|58011|16|58011||10|053|0541|Urbano|06
58195|Rincón del Río Grande|Colonia|Morelia|Michoacán de Ocampo|Morelia|58011|16|58011||09|053|0543|Urbano|06
58195|Trabajadores del Cbta Num. 7|Fraccionamiento|Morelia|Michoacán de Ocampo|Morelia|58011|16|58011||21|053|0599|Urbano|06
58195|Granjas de la Huerta|Colonia|Morelia|Michoacán de Ocampo|Morelia|58011|16|58011||09|053|0600|Urbano|06
58195|Administración Nueva Valladolid Morelia|Colonia|Morelia|Michoacán de Ocampo|Morelia|58011|16|58011||09|053|0601|Urbano|06
58195|Rincón de La Santa Cruz|Colonia|Morelia|Michoacán de Ocampo|Morelia|58011|16|58011||09|053|3008|Urbano|06
58195|Hacienda La Trinidad|Colonia|Morelia|Michoacán de Ocampo|Morelia|58011|16|58011||09|053|3010|Urbano|06
58195|Las Huertas Country|Fraccionamiento|Morelia|Michoacán de Ocampo|Morelia|58011|16|58011||21|053|3588|Urbano|06
58195|Niños Héroes|Colonia|Morelia|Michoacán de Ocampo|Morelia|58011|16|58011||09|053|3591|Urbano|06
58195|La Calera|Colonia|Morelia|Michoacán de Ocampo|Morelia|58011|16|58011||09|053|3595|Urbano|06
58195|Constitución de Apatzingán|Fraccionamiento|Morelia|Michoacán de Ocampo|Morelia|58011|16|58011||21|053|3629|Urbano|06
58195|INFONAVIT Prensa Insurgente|Unidad habitacional|Morelia|Michoacán de Ocampo|Morelia|58011|16|58011||31|053|3630|Urbano|06
58195|Insurgentes de Valladolid|Colonia|Morelia|Michoacán de Ocampo|Morelia|58011|16|58011||09|053|3631|Urbano|06
58195|Ampliación Mariano Michelena|Colonia|Morelia|Michoacán de Ocampo|Morelia|58011|16|58011||09|053|3643|Urbano|06
58195|Mariano Ontiveros|Conjunto habitacional|Morelia|Michoacán de Ocampo|Morelia|58011|16|58011||12|053|3666|Urbano|06
58195|Rincón de la Trinidad|Colonia|Morelia|Michoacán de Ocampo|Morelia|58011|16|58011||09|053|3704|Urbano|06
58195|Campestre del Vergel|Conjunto habitacional|Morelia|Michoacán de Ocampo|Morelia|58011|16|58011||12|053|3730|Urbano|06
58195|Hacienda del Valle|Fraccionamiento|Morelia|Michoacán de Ocampo|Morelia|58011|16|58011||21|053|3748|Urbano|06
58195|Loma de Los Viñedos|Fraccionamiento|Morelia|Michoacán de Ocampo|Morelia|58011|16|58011||21|053|4070|Urbano|06
58195|Ampliación Club Campestre La Huerta|Colonia|Morelia|Michoacán de Ocampo|Morelia|58011|16|58011||09|053|4789|Urbano|06
58195|Escritor de la Independencia|Colonia|Morelia|Michoacán de Ocampo|Morelia|58011|16|58011||09|053|4823|Urbano|06
58195|Hacienda los Viñedos|Fraccionamiento|Morelia|Michoacán de Ocampo|Morelia|58011|16|58011||21|053|4944|Urbano|06
58195|La Campiña|Fraccionamiento|Morelia|Michoacán de Ocampo|Morelia|58011|16|58011||21|053|4946|Urbano|06
58195|Máximo Bravo|Colonia|Morelia|Michoacán de Ocampo|Morelia|58011|16|58011||09|053|4949|Urbano|06
58195|Ampliación Servando Teresa de Mier|Fraccionamiento|Morelia|Michoacán de Ocampo|Morelia|58011|16|58011||21|053|5954|Urbano|06
58195|Ampliación Campestre del Vergel|Colonia|Morelia|Michoacán de Ocampo|Morelia|58011|16|58011||09|053|6258|Urbano|06
58195|Nuevo Vergel|Colonia|Morelia|Michoacán de Ocampo|Morelia|58011|16|58011||09|053|6259|Urbano|06
58195|Santa Martha|Colonia|Morelia|Michoacán de Ocampo|Morelia|58011|16|58011||09|053|6260|Urbano|06
58195|Servando Teresa de Mier|Fraccionamiento|Morelia|Michoacán de Ocampo|Morelia|58011|16|58011||21|053|6287|Urbano|06
58195|Bello Horizonte|Fraccionamiento|Morelia|Michoacán de Ocampo|Morelia|58011|16|58011||21|053|6293|Urbano|06
58196|INDECO El Vivero|Unidad habitacional|Morelia|Michoacán de Ocampo|Morelia|58011|16|58011||31|053|0244|Urbano|06
58196|Solear Torremolinos|Colonia|Morelia|Michoacán de Ocampo|Morelia|58011|16|58011||09|053|6275|Urbano|06
58197|Villas Morelianas|Fraccionamiento|Morelia|Michoacán de Ocampo|Morelia|58011|16|58011||21|053|0053|Urbano|06
58197|Jardines de la Loma|Fraccionamiento|Morelia|Michoacán de Ocampo|Morelia|58011|16|58011||21|053|0066|Urbano|06
58197|Carlos María de Bustamante|Colonia|Morelia|Michoacán de Ocampo|Morelia|58011|16|58011||09|053|0245|Urbano|06
58197|Jardines de Torremolinos|Colonia|Morelia|Michoacán de Ocampo|Morelia|58011|16|58011||09|053|0246|Urbano|06
58197|Ampliación Jardines de Torremolinos|Colonia|Morelia|Michoacán de Ocampo|Morelia|58011|16|58011||09|053|0247|Urbano|06
58197|Princesa Eréndira|Conjunto habitacional|Morelia|Michoacán de Ocampo|Morelia|58011|16|58011||12|053|0278|Urbano|06
58197|Rinconada del Valle|Fraccionamiento|Morelia|Michoacán de Ocampo|Morelia|58011|16|58011||21|053|0602|Urbano|06
58197|Hermenegildo Galeana|Fraccionamiento|Morelia|Michoacán de Ocampo|Morelia|58011|16|58011||21|053|3696|Urbano|06
58197|Residencial San José de la Huerta|Fraccionamiento|Morelia|Michoacán de Ocampo|Morelia|58011|16|58011||21|053|3727|Urbano|06
58197|Congreso de Chilpancingo|Conjunto habitacional|Morelia|Michoacán de Ocampo|Morelia|58011|16|58011||12|053|4836|Urbano|06
58199|INFONAVIT CEPAMISA|Unidad habitacional|Morelia|Michoacán de Ocampo|Morelia|58011|16|58011||31|053|0248|Urbano|06
58200|Ciudad Industrial|Colonia|Morelia|Michoacán de Ocampo|Morelia|58241|16|58241||09|053|0249|Urbano|06
58200|Consuelo Alfaro de Vázquez|Colonia|Morelia|Michoacán de Ocampo|Morelia|58241|16|58241||09|053|0598|Urbano|06
58200|Bosques Tres Marías|Conjunto habitacional|Morelia|Michoacán de Ocampo|Morelia|58241|16|58241||12|053|3870|Urbano|06
58200|Parque Industrial|Fraccionamiento|Morelia|Michoacán de Ocampo|Morelia|58241|16|58241||21|053|4074|Urbano|06
58200|Lomas del Bosque|Fraccionamiento|Morelia|Michoacán de Ocampo|Morelia|58241|16|58241||21|053|4276|Urbano|06
58200|Cañadas del Bosque|Colonia|Morelia|Michoacán de Ocampo|Morelia|58241|16|58241||09|053|6265|Urbano|06
58210|Artículo 27 Constitucional|Colonia|Morelia|Michoacán de Ocampo|Morelia|58241|16|58241||09|053|0250|Urbano|06
58210|Lomas de Morelia|Fraccionamiento|Morelia|Michoacán de Ocampo|Morelia|58241|16|58241||21|053|0251|Urbano|06
58210|Independencia|Colonia|Morelia|Michoacán de Ocampo|Morelia|58241|16|58241||09|053|0252|Urbano|06
58210|Isaac Arriaga|Colonia|Morelia|Michoacán de Ocampo|Morelia|58241|16|58241||09|053|0253|Urbano|06
58210|Ampliación Isaac Arriaga|Colonia|Morelia|Michoacán de Ocampo|Morelia|58241|16|58241||09|053|0254|Urbano|06
58210|Torres Revolución|Colonia|Morelia|Michoacán de Ocampo|Morelia|58241|16|58241||09|053|6276|Urbano|06
58216|Bosques de Oriente|Colonia|Morelia|Michoacán de Ocampo|Morelia|58241|16|58241||09|053|0257|Urbano|06
58217|Primo Tapia|Colonia|Morelia|Michoacán de Ocampo|Morelia|58241|16|58241||09|053|0258|Urbano|06
58218|Ampliación División del Norte|Colonia|Morelia|Michoacán de Ocampo|Morelia|58241|16|58241||09|053|0126|Urbano|06
58218|Aquiles Serdán|Colonia|Morelia|Michoacán de Ocampo|Morelia|58241|16|58241||09|053|0259|Urbano|06
58218|Canteras|Colonia|Morelia|Michoacán de Ocampo|Morelia|58241|16|58241||09|053|0260|Urbano|06
58218|Central de Abastos|Zona comercial|Morelia|Michoacán de Ocampo|Morelia|58241|16|58241||33|053|0261|Urbano|06
58218|División del Norte|Colonia|Morelia|Michoacán de Ocampo|Morelia|58241|16|58241||09|053|0262|Urbano|06
58218|Elías Pérez Ávalos|Colonia|Morelia|Michoacán de Ocampo|Morelia|58241|16|58241||09|053|0263|Urbano|06
58218|Salvador Escalante|Colonia|Morelia|Michoacán de Ocampo|Morelia|58241|16|58241||09|053|0264|Urbano|06
58218|José María Pino Suárez|Colonia|Morelia|Michoacán de Ocampo|Morelia|58241|16|58241||09|053|3594|Urbano|06
58218|Ampliación Aquiles Serdán|Colonia|Morelia|Michoacán de Ocampo|Morelia|58241|16|58241||09|053|3644|Urbano|06
58219|Congreso Constituyente de Michoacán|Colonia|Morelia|Michoacán de Ocampo|Morelia|58241|16|58241||09|053|0266|Urbano|06
58219|Constituyentes de Querétaro|Colonia|Morelia|Michoacán de Ocampo|Morelia|58241|16|58241||09|053|0267|Urbano|06
58219|Diego Rivera|Colonia|Morelia|Michoacán de Ocampo|Morelia|58241|16|58241||09|053|0268|Urbano|06
58219|Joaquín Amaro|Colonia|Morelia|Michoacán de Ocampo|Morelia|58241|16|58241||09|053|0269|Urbano|06
58219|Julián Bonavit|Colonia|Morelia|Michoacán de Ocampo|Morelia|58241|16|58241||09|053|0270|Urbano|06
58219|Martín Castrejón|Colonia|Morelia|Michoacán de Ocampo|Morelia|58241|16|58241||09|053|0271|Urbano|06
58219|Salvador Alcaraz Romero|Colonia|Morelia|Michoacán de Ocampo|Morelia|58241|16|58241||09|053|0273|Urbano|06
58219|Veinte de Noviembre|Colonia|Morelia|Michoacán de Ocampo|Morelia|58241|16|58241||09|053|0274|Urbano|06
58219|Ampliación Veinte de Noviembre|Colonia|Morelia|Michoacán de Ocampo|Morelia|58241|16|58241||09|053|0275|Urbano|06
58219|Arco de la Cantera|Colonia|Morelia|Michoacán de Ocampo|Morelia|58241|16|58241||09|053|0502|Urbano|06
58220|Enrique Ramírez|Colonia|Morelia|Michoacán de Ocampo|Morelia|58241|16|58241||09|053|0276|Urbano|06
58226|Unión|Colonia|Morelia|Michoacán de Ocampo|Morelia|58241|16|58241||09|053|0277|Urbano|06
58226|Nuevo Amanecer|Colonia|Morelia|Michoacán de Ocampo|Morelia|58241|16|58241||09|053|3003|Urbano|06
58226|Nueva Unión|Fraccionamiento|Morelia|Michoacán de Ocampo|Morelia|58241|16|58241||21|053|3656|Urbano|06
58226|Ilustres Novohispanos|Colonia|Morelia|Michoacán de Ocampo|Morelia|58241|16|58241||09|053|3714|Urbano|06
58227|Vicente Lombardo Toledano|Colonia|Morelia|Michoacán de Ocampo|Morelia|58241|16|58241||09|053|3932|Urbano|06
58228|Buenavista I|Colonia|Morelia|Michoacán de Ocampo|Morelia|58241|16|58241||09|053|0279|Urbano|06
58228|Buenavista II|Colonia|Morelia|Michoacán de Ocampo|Morelia|58241|16|58241||09|053|0280|Urbano|06
58228|Virrey Antonio de Mendoza|Colonia|Morelia|Michoacán de Ocampo|Morelia|58241|16|58241||09|053|0281|Urbano|06
58228|La Primavera|Colonia|Morelia|Michoacán de Ocampo|Morelia|58241|16|58241||09|053|3621|Urbano|06
58229|Lázaro Cárdenas|Fraccionamiento|Morelia|Michoacán de Ocampo|Morelia|58241|16|58241||21|053|0282|Urbano|06
58230|Cinco de Mayo|Colonia|Morelia|Michoacán de Ocampo|Morelia|58241|16|58241||09|053|0283|Urbano|06
58230|Vasco de Quiroga|Colonia|Morelia|Michoacán de Ocampo|Morelia|58241|16|58241||09|053|0285|Urbano|06
58240|Eréndira|Colonia|Morelia|Michoacán de Ocampo|Morelia|58241|16|58241||09|053|0287|Urbano|06
58240|Lomas de Guayangareo|Colonia|Morelia|Michoacán de Ocampo|Morelia|58241|16|58241||09|053|0288|Urbano|06
58240|Lomas de Hidalgo|Colonia|Morelia|Michoacán de Ocampo|Morelia|58241|16|58241||09|053|0289|Urbano|06
58240|Matamoros|Colonia|Morelia|Michoacán de Ocampo|Morelia|58241|16|58241||09|053|0290|Urbano|06
58240|Torre Belo Grand|Condominio|Morelia|Michoacán de Ocampo|Morelia|58241|16|58241||10|053|0552|Urbano|06
58244|INFONAVIT Lomas de Hidalgo|Unidad habitacional|Morelia|Michoacán de Ocampo|Morelia|58241|16|58241||31|053|0291|Urbano|06
58245|Virreyes|Colonia|Morelia|Michoacán de Ocampo|Morelia|58241|16|58241||09|053|0292|Urbano|06
58248|Hospitales de Don Vasco|Colonia|Morelia|Michoacán de Ocampo|Morelia|58241|16|58241||09|053|0294|Urbano|06
58249|El Mirador del Punhuato|Colonia|Morelia|Michoacán de Ocampo|Morelia|58241|16|58241||09|053|0295|Urbano|06
58250|Insurgentes|Colonia|Morelia|Michoacán de Ocampo|Morelia|58241|16|58241||09|053|0296|Urbano|06
58250|Pascual Ortiz de Ayala|Colonia|Morelia|Michoacán de Ocampo|Morelia|58241|16|58241||09|053|0298|Urbano|06
58250|Residencial Rey Chimalpopoca|Unidad habitacional|Morelia|Michoacán de Ocampo|Morelia|58241|16|58241||31|053|0299|Urbano|06
58253|Los Abedules|Unidad habitacional|Morelia|Michoacán de Ocampo|Morelia|58241|16|58241||31|053|0525|Urbano|06
58253|Colinas del Sol|Conjunto habitacional|Morelia|Michoacán de Ocampo|Morelia|58241|16|58241||12|053|5956|Urbano|06
58253|El Ejido de Atapaneo|Colonia|Morelia|Michoacán de Ocampo|Morelia|58241|16|58241||09|053|6302|Urbano|06
58254|Orquídeas|Colonia|Morelia|Michoacán de Ocampo|Morelia|58241|16|58241||09|053|0024|Urbano|06
58254|Puerta Tres Marías Norte|Fraccionamiento|Morelia|Michoacán de Ocampo|Morelia|58241|16|58241||21|053|0088|Urbano|06
58254|Puerta Tres Marías Sur|Colonia|Morelia|Michoacán de Ocampo|Morelia|58241|16|58241||09|053|0095|Urbano|06
58254|Argos|Colonia|Morelia|Michoacán de Ocampo|Morelia|58241|16|58241||09|053|0301|Urbano|06
58254|Francisco Xavier Clavijero|Colonia|Morelia|Michoacán de Ocampo|Morelia|58241|16|58241||09|053|0302|Urbano|06
58254|Fray Antonio de Lisboa|Colonia|Morelia|Michoacán de Ocampo|Morelia|58241|16|58241||09|053|0303|Urbano|06
58254|Ampliación Lomas del Punhuato|Colonia|Morelia|Michoacán de Ocampo|Morelia|58241|16|58241||09|053|0304|Urbano|06
58254|Mil Cumbres|Colonia|Morelia|Michoacán de Ocampo|Morelia|58241|16|58241||09|053|0305|Urbano|06
58254|Ampliación Mil Cumbres|Colonia|Morelia|Michoacán de Ocampo|Morelia|58241|16|58241||09|053|0306|Urbano|06
58254|Valle del Punhuato|Colonia|Morelia|Michoacán de Ocampo|Morelia|58241|16|58241||09|053|0307|Urbano|06
58254|Los Pirules|Colonia|Morelia|Michoacán de Ocampo|Morelia|58241|16|58241||09|053|0359|Urbano|06
58254|Monte Vento|Condominio|Morelia|Michoacán de Ocampo|Morelia|58241|16|58241||10|053|0471|Urbano|06
58254|Puerta Tres Marías Sur II|Fraccionamiento|Morelia|Michoacán de Ocampo|Morelia|58241|16|58241||21|053|0477|Urbano|06
58254|Arboledas Tres Marías|Unidad habitacional|Morelia|Michoacán de Ocampo|Morelia|58241|16|58241||31|053|0501|Urbano|06
58254|Linda Vista Tres Marías|Fraccionamiento|Morelia|Michoacán de Ocampo|Morelia|58241|16|58241||21|053|0519|Urbano|06
58254|Rinconada los Pirules|Colonia|Morelia|Michoacán de Ocampo|Morelia|58241|16|58241||09|053|0546|Urbano|06
58254|Valle de Mil Cumbres Sur|Colonia|Morelia|Michoacán de Ocampo|Morelia|58241|16|58241||09|053|0558|Urbano|06
58254|Vicente Santa María|Fraccionamiento|Morelia|Michoacán de Ocampo|Morelia|58241|16|58241||21|053|0559|Urbano|06
58254|Lomas de las Américas|Colonia|Morelia|Michoacán de Ocampo|Morelia|58241|16|58241||09|053|3425|Urbano|06
58254|Valle de las Flores|Colonia|Morelia|Michoacán de Ocampo|Morelia|58241|16|58241||09|053|3611|Urbano|06
58254|Faldas del Punhuato|Colonia|Morelia|Michoacán de Ocampo|Morelia|58241|16|58241||09|053|3652|Urbano|06
58254|Horizontes de Morelia|Fraccionamiento|Morelia|Michoacán de Ocampo|Morelia|58241|16|58241||21|053|3681|Urbano|06
58254|México|Fraccionamiento|Morelia|Michoacán de Ocampo|Morelia|58241|16|58241||21|053|3702|Urbano|06
58254|Tres Marías|Condominio|Morelia|Michoacán de Ocampo|Morelia|58241|16|58241||10|053|3708|Urbano|06
58254|Terrazas Tres Marías|Conjunto habitacional|Morelia|Michoacán de Ocampo|Morelia|58241|16|58241||12|053|3929|Urbano|06
58254|Mandarinos|Conjunto habitacional|Morelia|Michoacán de Ocampo|Morelia|58241|16|58241||12|053|4277|Urbano|06
58254|Rincón del Punhuato|Colonia|Morelia|Michoacán de Ocampo|Morelia|58241|16|58241||09|053|4278|Urbano|06
58254|Los Cedros|Conjunto habitacional|Morelia|Michoacán de Ocampo|Morelia|58241|16|58241||12|053|4763|Urbano|06
58254|Fresnos Oriente|Fraccionamiento|Morelia|Michoacán de Ocampo|Morelia|58241|16|58241||21|053|4794|Urbano|06
58254|Real Punhuato|Colonia|Morelia|Michoacán de Ocampo|Morelia|58241|16|58241||09|053|4800|Urbano|06
58254|Ana Sofía|Colonia|Morelia|Michoacán de Ocampo|Morelia|58241|16|58241||09|053|4831|Urbano|06
58254|Condominio Jacarandas|Fraccionamiento|Morelia|Michoacán de Ocampo|Morelia|58241|16|58241||21|053|4941|Urbano|06
58254|Terrazas Zero|Conjunto habitacional|Morelia|Michoacán de Ocampo|Morelia|58241|16|58241||12|053|4950|Urbano|06
58254|Centro de Negocios|Fraccionamiento|Morelia|Michoacán de Ocampo|Morelia|58241|16|58241||21|053|5538|Urbano|06
58254|Alonso de la Veracruz|Colonia|Morelia|Michoacán de Ocampo|Morelia|58241|16|58241||09|053|6252|Urbano|06
58254|Bartolomé de las Casas|Colonia|Morelia|Michoacán de Ocampo|Morelia|58241|16|58241||09|053|6253|Urbano|06
58254|Colegios Novohispanos|Colonia|Morelia|Michoacán de Ocampo|Morelia|58241|16|58241||09|053|6254|Urbano|06
58254|Corporativos Tres Marías|Colonia|Morelia|Michoacán de Ocampo|Morelia|58241|16|58241||09|053|6255|Urbano|06
58254|Fresnos Oriente II|Colonia|Morelia|Michoacán de Ocampo|Morelia|58241|16|58241||09|053|6256|Urbano|06
58254|Paseo del Parque|Colonia|Morelia|Michoacán de Ocampo|Morelia|58241|16|58241||09|053|6257|Urbano|06
58254|Valle de Mil Cumbres|Fraccionamiento|Morelia|Michoacán de Ocampo|Morelia|58241|16|58241||21|053|6288|Urbano|06
58254|Los Pirules|Fraccionamiento|Morelia|Michoacán de Ocampo|Morelia|58241|16|58241||21|053|6360|Urbano|06
58254|Los Olivos|Condominio|Morelia|Michoacán de Ocampo|Morelia|58241|16|58241||10|053|6617|Urbano|06
58255|Eucaliptos|Colonia|Morelia|Michoacán de Ocampo|Morelia|58241|16|58241||09|053|0308|Urbano|06
58255|Residencial Lancaster|Fraccionamiento|Morelia|Michoacán de Ocampo|Morelia|58241|16|58241||21|053|0309|Urbano|06
58255|San Rafael|Colonia|Morelia|Michoacán de Ocampo|Morelia|58241|16|58241||09|053|0310|Urbano|06
58256|Lomas del Punhuato|Colonia|Morelia|Michoacán de Ocampo|Morelia|58241|16|58241||09|053|0311|Urbano|06
58256|Cumbre Toscana|Conjunto habitacional|Morelia|Michoacán de Ocampo|Morelia|58241|16|58241||12|053|6615|Urbano|06
58257|Paseo de las Lomas|Colonia|Morelia|Michoacán de Ocampo|Morelia|58241|16|58241||09|053|0312|Urbano|06
58258|Paraíso Monarca|Fraccionamiento|Morelia|Michoacán de Ocampo|Morelia|58241|16|58241||21|053|0062|Urbano|06
58258|Dieciocho de Mayo|Colonia|Morelia|Michoacán de Ocampo|Morelia|58241|16|58241||09|053|0313|Urbano|06
58258|Ampliación Dieciocho de Mayo|Colonia|Morelia|Michoacán de Ocampo|Morelia|58241|16|58241||09|053|0314|Urbano|06
58258|Diego de Basalenque|Colonia|Morelia|Michoacán de Ocampo|Morelia|58241|16|58241||09|053|0315|Urbano|06
58258|Doce de Diciembre|Colonia|Morelia|Michoacán de Ocampo|Morelia|58241|16|58241||09|053|0316|Urbano|06
58258|Loma Libre|Colonia|Morelia|Michoacán de Ocampo|Morelia|58241|16|58241||09|053|0317|Urbano|06
58258|Nicolás Romero|Colonia|Morelia|Michoacán de Ocampo|Morelia|58241|16|58241||09|053|0318|Urbano|06
58258|Nuevo Punhuato|Colonia|Morelia|Michoacán de Ocampo|Morelia|58241|16|58241||09|053|0319|Urbano|06
58258|Portales de Morelia|Colonia|Morelia|Michoacán de Ocampo|Morelia|58241|16|58241||09|053|0320|Urbano|06
58258|Ampliación Nicolás Romero|Colonia|Morelia|Michoacán de Ocampo|Morelia|58241|16|58241||09|053|3647|Urbano|06
58258|Villas de Lancaster|Conjunto habitacional|Morelia|Michoacán de Ocampo|Morelia|58241|16|58241||12|053|3804|Urbano|06
58258|Antonio Alzate|Fraccionamiento|Morelia|Michoacán de Ocampo|Morelia|58241|16|58241||21|053|4792|Urbano|06
58259|FOVISSSTE Acueducto|Unidad habitacional|Morelia|Michoacán de Ocampo|Morelia|58241|16|58241||31|053|0321|Urbano|06
58260|Punta Terraverde|Condominio|Morelia|Michoacán de Ocampo|Morelia|58241|16|58241||10|053|0106|Urbano|06
58260|Chapultepec Norte|Colonia|Morelia|Michoacán de Ocampo|Morelia|58241|16|58241||09|053|0322|Urbano|06
58260|Chapultepec Oriente|Colonia|Morelia|Michoacán de Ocampo|Morelia|58241|16|58241||09|053|0323|Urbano|06
58260|Chapultepec Sur|Colonia|Morelia|Michoacán de Ocampo|Morelia|58241|16|58241||09|053|0324|Urbano|06
58260|Juan Escutia|Condominio|Morelia|Michoacán de Ocampo|Morelia|58241|16|58241||10|053|0513|Urbano|06
58270|Jardines del Rincón|Colonia|Morelia|Michoacán de Ocampo|Morelia|58241|16|58241||09|053|0330|Urbano|06
58270|La Rinconada|Colonia|Morelia|Michoacán de Ocampo|Morelia|58241|16|58241||09|053|0332|Urbano|06
58270|Américas Britania|Fraccionamiento|Morelia|Michoacán de Ocampo|Morelia|58241|16|58241||21|053|0333|Urbano|06
58270|Rincón Bugambilias|Colonia|Morelia|Michoacán de Ocampo|Morelia|58241|16|58241||09|053|0334|Urbano|06
58270|Poblado Ocolusen|Colonia|Morelia|Michoacán de Ocampo|Morelia|58241|16|58241||09|053|0995|Urbano|06
58270|Rincón de Ocolusen|Colonia|Morelia|Michoacán de Ocampo|Morelia|58241|16|58241||09|053|1005|Urbano|06
58270|Real Mil Cumbres|Fraccionamiento|Morelia|Michoacán de Ocampo|Morelia|58241|16|58241||21|053|3719|Urbano|06
58270|Las Américas|Colonia|Morelia|Michoacán de Ocampo|Morelia|58241|16|58241||09|053|3853|Urbano|06
58277|Del Periodista|Colonia|Morelia|Michoacán de Ocampo|Morelia|58241|16|58241||09|053|0335|Urbano|06
58277|Fray Antonio de San Miguel Iglesias|Colonia|Morelia|Michoacán de Ocampo|Morelia|58241|16|58241||09|053|0336|Urbano|06
58277|Punta Alba III|Unidad habitacional|Morelia|Michoacán de Ocampo|Morelia|58241|16|58241||31|053|0473|Urbano|06
58277|El Virrey|Fraccionamiento|Morelia|Michoacán de Ocampo|Morelia|58241|16|58241||21|053|0520|Urbano|06
58277|La Floresta|Fraccionamiento|Morelia|Michoacán de Ocampo|Morelia|58241|16|58241||21|053|3413|Urbano|06
58277|Punta Alba|Fraccionamiento|Morelia|Michoacán de Ocampo|Morelia|58241|16|58241||21|053|5550|Urbano|06
58278|Cumbres Morelia|Colonia|Morelia|Michoacán de Ocampo|Morelia|58241|16|58241||09|053|0337|Urbano|06
58280|Cinco de Diciembre|Colonia|Morelia|Michoacán de Ocampo|Morelia|58241|16|58241||09|053|0338|Urbano|06
58280|Del Empleado|Colonia|Morelia|Michoacán de Ocampo|Morelia|58241|16|58241||09|053|0339|Urbano|06
58280|Nueva Chapultepec|Colonia|Morelia|Michoacán de Ocampo|Morelia|58241|16|58241||09|053|0340|Urbano|06
58290|Bosque Camelinas|Colonia|Morelia|Michoacán de Ocampo|Morelia|58241|16|58241||09|053|0343|Urbano|06
58290|Comisión Federal de Electricidad|Equipamiento|Morelia|Michoacán de Ocampo|Morelia|58241|16|58241||17|053|0344|Urbano|06
58290|Electricistas|Colonia|Morelia|Michoacán de Ocampo|Morelia|58241|16|58241||09|053|0345|Urbano|06
58290|La Loma|Colonia|Morelia|Michoacán de Ocampo|Morelia|58241|16|58241||09|053|0346|Urbano|06
58290|Camelinas|Colonia|Morelia|Michoacán de Ocampo|Morelia|58241|16|58241||09|053|0347|Urbano|06
58290|INFONAVIT Camelinas|Unidad habitacional|Morelia|Michoacán de Ocampo|Morelia|58241|16|58241||31|053|0348|Urbano|06
58295|Ejidal Ocolusen|Colonia|Morelia|Michoacán de Ocampo|Morelia|58241|16|58241||09|053|0349|Urbano|06
58295|Terrazas del Campestre|Colonia|Morelia|Michoacán de Ocampo|Morelia|58241|16|58241||09|053|0350|Urbano|06
58296|Club Campestre de Morelia|Colonia|Morelia|Michoacán de Ocampo|Morelia|58241|16|58241||09|053|0351|Urbano|06
58297|Cundagua|Colonia|Morelia|Michoacán de Ocampo|Morelia|58241|16|58241||09|053|0352|Urbano|06
58297|Prados del Campestre|Colonia|Morelia|Michoacán de Ocampo|Morelia|58241|16|58241||09|053|0353|Urbano|06
58300|Atapaneo|Pueblo|Morelia|Michoacán de Ocampo||58241|16|58241||28|053|0354|Rural|
58300|La Aldea|Colonia|Morelia|Michoacán de Ocampo||58241|16|58241||09|053|0357|Urbano|
58300|Villas Oriente|Unidad habitacional|Morelia|Michoacán de Ocampo||58241|16|58241||31|053|0475|Urbano|
58300|La Nueva Aldea (Fracción E)|Fraccionamiento|Morelia|Michoacán de Ocampo||58241|16|58241||21|053|0483|Urbano|
58300|Ampliación la Aldea Poniente|Unidad habitacional|Morelia|Michoacán de Ocampo||58241|16|58241||31|053|0499|Urbano|
58300|Jardines de la Aldea|Unidad habitacional|Morelia|Michoacán de Ocampo||58241|16|58241||31|053|0512|Urbano|
58300|Valle de los Robles|Fraccionamiento|Morelia|Michoacán de Ocampo||58241|16|58241||21|053|0557|Urbano|
58300|La Hacienda de Atapaneo|Rancho|Morelia|Michoacán de Ocampo||58241|16|58241||48|053|0568|Rural|
58300|Verónica López 3ra. Etapa|Colonia|Morelia|Michoacán de Ocampo||58241|16|58241||09|053|0578|Urbano|
58300|Huertos de Atapaneo|Fraccionamiento|Morelia|Michoacán de Ocampo||58241|16|58241||21|053|3672|Rural|
58300|Lomas de la Aldea|Colonia|Morelia|Michoacán de Ocampo||58241|16|58241||09|053|3724|Urbano|
58300|La Nueva Aldea|Fraccionamiento|Morelia|Michoacán de Ocampo||58241|16|58241||21|053|3758|Rural|
58300|Lucio Blanco|Colonia|Morelia|Michoacán de Ocampo||58241|16|58241||09|053|3857|Urbano|
58300|La Nueva Aldea II|Fraccionamiento|Morelia|Michoacán de Ocampo||58241|16|58241||21|053|3921|Rural|
58300|Ampliación La Nueva Aldea|Conjunto habitacional|Morelia|Michoacán de Ocampo||58241|16|58241||12|053|4065|Urbano|
58300|Pablo González Casanova|Colonia|Morelia|Michoacán de Ocampo||58241|16|58241||09|053|4799|Rural|
58300|Filomeno Mata|Colonia|Morelia|Michoacán de Ocampo||58241|16|58241||09|053|4824|Urbano|
58300|Natalio Vázquez Pallares|Colonia|Morelia|Michoacán de Ocampo||58241|16|58241||09|053|4826|Urbano|
58300|Nueva Floresta|Colonia|Morelia|Michoacán de Ocampo||58241|16|58241||09|053|4827|Urbano|
58300|Serapio Rendón|Fraccionamiento|Morelia|Michoacán de Ocampo||58241|16|58241||21|053|5540|Urbano|
58300|El Sauce|Fraccionamiento|Morelia|Michoacán de Ocampo||58241|16|58241||21|053|5957|Urbano|
58300|La Ladera Oriente|Fraccionamiento|Morelia|Michoacán de Ocampo||58241|16|58241||21|053|5958|Urbano|
58300|Francisco I. Madero|Colonia|Morelia|Michoacán de Ocampo||58241|16|58241||09|053|6269|Urbano|
58300|Campestre las Cabañas|Fraccionamiento|Morelia|Michoacán de Ocampo||58241|16|58241||21|053|6357|Urbano|
58300|Camposanto|Fraccionamiento|Morelia|Michoacán de Ocampo||58241|16|58241||21|053|6614|Urbano|
58300|El Río|Fraccionamiento|Morelia|Michoacán de Ocampo||58241|16|58241||21|053|6616|Urbano|
58301|Río Bello (El Campamento)|Ranchería|Morelia|Michoacán de Ocampo||58011|16|58011||29|053|0360|Rural|
58301|San José de las Torres|Pueblo|Morelia|Michoacán de Ocampo||58011|16|58011||28|053|0361|Rural|
58301|El Laurelito (La Izama)|Ranchería|Morelia|Michoacán de Ocampo||58011|16|58011||29|053|6371|Rural|
58302|Puerto de Buenavista|Colonia|Morelia|Michoacán de Ocampo||58241|16|58241||09|053|0362|Urbano|
58303|Francisco J. Múgica Velázquez|Pueblo|Morelia|Michoacán de Ocampo||58241|16|58241||28|053|0363|Rural|
58304|México Nuevo|Fraccionamiento|Morelia|Michoacán de Ocampo||58882|16|58882||21|053|0531|Urbano|
58304|Misión del Valle|Conjunto habitacional|Morelia|Michoacán de Ocampo||58882|16|58882||12|053|3761|Urbano|
58304|Misión del Valle II|Conjunto habitacional|Morelia|Michoacán de Ocampo||58882|16|58882||12|053|3856|Urbano|
58304|Misión del Valle III|Conjunto habitacional|Morelia|Michoacán de Ocampo||58882|16|58882||12|053|3998|Urbano|
58304|Misión del Valle IV|Conjunto habitacional|Morelia|Michoacán de Ocampo||58882|16|58882||12|053|4072|Urbano|
58304|Sufragio Femenino Mexicano|Conjunto habitacional|Morelia|Michoacán de Ocampo||58882|16|58882||12|053|4279|Rural|
58304|José Vasconcelos|Colonia|Morelia|Michoacán de Ocampo||58882|16|58882||09|053|4932|Urbano|
58304|La Palma|Fraccionamiento|Morelia|Michoacán de Ocampo||58882|16|58882||21|053|5959|Urbano|
58304|Ampliación la Palma|Colonia|Morelia|Michoacán de Ocampo||58882|16|58882||09|053|6613|Urbano|
58310|Cotzurio|Ranchería|Morelia|Michoacán de Ocampo||58111|16|58111||29|053|0364|Rural|
58310|Chiquimitío|Pueblo|Morelia|Michoacán de Ocampo||58111|16|58111||28|053|0365|Rural|
58310|La Presa (La Presa de Chiquimitío)|Pueblo|Morelia|Michoacán de Ocampo||58111|16|58111||28|053|0366|Rural|
58310|La Carbonera|Ranchería|Morelia|Michoacán de Ocampo||58111|16|58111||29|053|6318|Rural|
58312|Asiento de Piedra (El Chirihuindo)|Ranchería|Morelia|Michoacán de Ocampo||58011|16|58011||29|053|0367|Rural|
58312|San Pedro Chicácuaro|Ranchería|Morelia|Michoacán de Ocampo||58011|16|58011||29|053|0368|Rural|
58312|Tiristarán|Ranchería|Morelia|Michoacán de Ocampo||58011|16|58011||29|053|0369|Rural|
58312|El Fresno|Ranchería|Morelia|Michoacán de Ocampo||58011|16|58011||29|053|6303|Rural|
58313|El Pino (El Pino Cuate)|Ranchería|Morelia|Michoacán de Ocampo||58011|16|58011||29|053|6306|Rural|
58313|Jerécuaro|Ranchería|Morelia|Michoacán de Ocampo||58011|16|58011||29|053|6315|Rural|
58313|La Soledad|Ranchería|Morelia|Michoacán de Ocampo||58011|16|58011||29|053|6327|Rural|
58313|La Tuna Manza|Ranchería|Morelia|Michoacán de Ocampo||58011|16|58011||29|053|6328|Rural|
58313|Los Cuervos|Ranchería|Morelia|Michoacán de Ocampo||58011|16|58011||29|053|6333|Rural|
58314|13 de Abril|Colonia|Morelia|Michoacán de Ocampo||58011|16|58011||09|053|0481|Rural|
58314|María Auxiliadora (Casa Hogar)|Ranchería|Morelia|Michoacán de Ocampo||58011|16|58011||29|053|6296|Rural|
58314|Colonia Luis Donaldo Colosio|Ranchería|Morelia|Michoacán de Ocampo||58011|16|58011||29|053|6297|Rural|
58314|Colonia Mujeres Mexicanas|Ranchería|Morelia|Michoacán de Ocampo||58011|16|58011||29|053|6298|Rural|
58317|El Porvenir (Rancho de Jesús)|Ejido|Morelia|Michoacán de Ocampo||58111|16|58111||15|053|0370|Rural|
58317|La Amargosilla|Ranchería|Morelia|Michoacán de Ocampo||58111|16|58111||29|053|6316|Rural|
58317|Buenos Aires|Ranchería|Morelia|Michoacán de Ocampo||58111|16|58111||29|053|6370|Rural|
58320|Teremendo de los Reyes|Pueblo|Morelia|Michoacán de Ocampo||58011|16|58011||28|053|0371|Rural|
58321|Coro Grande|Ranchería|Morelia|Michoacán de Ocampo||58011|16|58011||29|053|0372|Rural|
58321|La Alberca|Ranchería|Morelia|Michoacán de Ocampo||58011|16|58011||29|053|0373|Rural|
58321|San Antonio Carupo|Pueblo|Morelia|Michoacán de Ocampo||58011|16|58011||28|053|0374|Rural|
58321|Tzintzimacato Grande|Ranchería|Morelia|Michoacán de Ocampo||58011|16|58011||29|053|0375|Rural|
58321|Zajo Chico|Ranchería|Morelia|Michoacán de Ocampo||58011|16|58011||29|053|0376|Rural|
58321|Zajo Grande|Ranchería|Morelia|Michoacán de Ocampo||58011|16|58011||29|053|0377|Rural|
58322|Tzintzimacato Chico|Ranchería|Morelia|Michoacán de Ocampo||58011|16|58011||29|053|0378|Rural|
58323|Aracurio|Ranchería|Morelia|Michoacán de Ocampo||58011|16|58011||29|053|0379|Rural|
58323|Terehuicho|Ranchería|Morelia|Michoacán de Ocampo||58011|16|58011||29|053|0380|Rural|
58324|Teremendo Jasso|Ranchería|Morelia|Michoacán de Ocampo||58011|16|58011||29|053|0381|Rural|
58330|Jardín de la Montaña|Unidad habitacional|Morelia|Michoacán de Ocampo||58011|16|58011||31|053|0020|Urbano|
58330|Cuto de La Esperanza|Pueblo|Morelia|Michoacán de Ocampo||58011|16|58011||28|053|0382|Rural|
58330|El Cerrito Itzicuaro|Ejido|Morelia|Michoacán de Ocampo||58011|16|58011||15|053|0383|Rural|
58330|El Potrero|Colonia|Morelia|Michoacán de Ocampo||58011|16|58011||09|053|0384|Urbano|
58330|Ignacio Allende|Colonia|Morelia|Michoacán de Ocampo||58011|16|58011||09|053|0385|Urbano|
58330|La Concepción|Ranchería|Morelia|Michoacán de Ocampo||58011|16|58011||29|053|0386|Rural|
58330|El Resumidero|Pueblo|Morelia|Michoacán de Ocampo||58011|16|58011||28|053|0387|Rural|
58330|Río Florido|Colonia|Morelia|Michoacán de Ocampo||58011|16|58011||09|053|0388|Urbano|
58330|San Lorenzo Itzicuaro|Colonia|Morelia|Michoacán de Ocampo||58011|16|58011||09|053|0389|Rural|
58330|Margarita Morán|Colonia|Morelia|Michoacán de Ocampo||58011|16|58011||09|053|0482|Urbano|
58330|Amistad|Unidad habitacional|Morelia|Michoacán de Ocampo||58011|16|58011||31|053|0497|Urbano|
58330|Campestre San Lorenzo|Unidad habitacional|Morelia|Michoacán de Ocampo||58011|16|58011||31|053|0504|Urbano|
58330|Jardín de la Montaña II|Unidad habitacional|Morelia|Michoacán de Ocampo||58011|16|58011||31|053|0510|Urbano|
58330|Lomas del Mayoral|Unidad habitacional|Morelia|Michoacán de Ocampo||58011|16|58011||31|053|0511|Urbano|
58330|San Isidro|Colonia|Morelia|Michoacán de Ocampo||58011|16|58011||09|053|0547|Urbano|
58330|San Marcos|Fraccionamiento|Morelia|Michoacán de Ocampo||58011|16|58011||21|053|0548|Urbano|
58330|Itzicuaro|Colonia|Morelia|Michoacán de Ocampo||58011|16|58011||09|053|3632|Rural|
58330|La Hacienda|Conjunto habitacional|Morelia|Michoacán de Ocampo|Morelia|58011|16|58011||12|053|3684|Urbano|06
58330|Lomas de La Maestranza|Fraccionamiento|Morelia|Michoacán de Ocampo||58011|16|58011||21|053|3685|Rural|
58330|Del Bosque|Conjunto habitacional|Morelia|Michoacán de Ocampo||58011|16|58011||12|053|3694|Rural|
58330|Villa Magna|Fraccionamiento|Morelia|Michoacán de Ocampo||58011|16|58011||21|053|3711|Urbano|
58330|Villas del Pedregal|Fraccionamiento|Morelia|Michoacán de Ocampo||58011|16|58011||21|053|3855|Urbano|
58330|Ampliación Río Florido|Colonia|Morelia|Michoacán de Ocampo||58011|16|58011||09|053|4835|Urbano|
58330|Cerritos|Colonia|Morelia|Michoacán de Ocampo||58011|16|58011||09|053|4940|Rural|
58330|Ampliación Palma de Tacícuaro|Fraccionamiento|Morelia|Michoacán de Ocampo||58011|16|58011||21|053|6612|Urbano|
58331|Buenavista|Ranchería|Morelia|Michoacán de Ocampo||58011|16|58011||29|053|0390|Rural|
58331|Capula|Pueblo|Morelia|Michoacán de Ocampo||58011|16|58011||28|053|0391|Urbano|
58331|Charaquendo|Colonia|Morelia|Michoacán de Ocampo||58011|16|58011||09|053|0579|Urbano|
58331|2 de Octubre|Colonia|Morelia|Michoacán de Ocampo||58011|16|58011||09|053|6291|Urbano|
58331|Guadalupe (Capula)|Colonia|Morelia|Michoacán de Ocampo||58011|16|58011||09|053|6292|Urbano|
58332|Cuanajillo Grande|Ranchería|Morelia|Michoacán de Ocampo||58011|16|58011||29|053|0392|Rural|
58332|Tacícuaro|Pueblo|Morelia|Michoacán de Ocampo||58011|16|58011||28|053|0393|Rural|
58332|El Progreso|Colonia|Morelia|Michoacán de Ocampo||58011|16|58011||09|053|3640|Rural|
58332|Hacienda Real de La Mina|Fraccionamiento|Morelia|Michoacán de Ocampo||58011|16|58011||21|053|3653|Rural|
58332|Cuanajillo del Toro|Pueblo|Morelia|Michoacán de Ocampo||58011|16|58011||28|053|3871|Rural|
58332|Parastaco|Ranchería|Morelia|Michoacán de Ocampo||58011|16|58011||29|053|6334|Rural|
58332|Paseos de Morelia|Conjunto habitacional|Morelia|Michoacán de Ocampo||58011|16|58011||12|053|6619|Rural|
58333|Iratzio|Pueblo|Morelia|Michoacán de Ocampo||58011|16|58011||28|053|0394|Rural|
58333|Jardines de Iratzio|Fraccionamiento|Morelia|Michoacán de Ocampo||58011|16|58011||21|053|3683|Rural|
58334|El Correo|Pueblo|Morelia|Michoacán de Ocampo||58011|16|58011||28|053|0395|Rural|
58334|El Pino del Rayo|Ranchería|Morelia|Michoacán de Ocampo||58011|16|58011||29|053|6307|Rural|
58335|Joyitas|Ranchería|Morelia|Michoacán de Ocampo||58011|16|58011||29|053|0396|Rural|
58335|Las Trojes|Ranchería|Morelia|Michoacán de Ocampo||58011|16|58011||29|053|0397|Rural|
58335|San Bernabé|Ranchería|Morelia|Michoacán de Ocampo||58011|16|58011||29|053|0398|Rural|
58335|Montaña Dorada|Fraccionamiento|Morelia|Michoacán de Ocampo||58011|16|58011||21|053|6286|Rural|
58335|La Luz|Ranchería|Morelia|Michoacán de Ocampo||58011|16|58011||29|053|6323|Rural|
58336|San Jose Itzicuaro|Ranchería|Morelia|Michoacán de Ocampo||58011|16|58011||29|053|0399|Rural|
58336|El Terrero|Unidad habitacional|Morelia|Michoacán de Ocampo||58011|16|58011||31|053|0508|Urbano|
58336|Las Garzas|Colonia|Morelia|Michoacán de Ocampo||58011|16|58011||09|053|3617|Rural|
58336|Villas de la Loma II|Conjunto habitacional|Morelia|Michoacán de Ocampo||58011|16|58011||12|053|3725|Urbano|
58336|Villas de la Loma|Conjunto habitacional|Morelia|Michoacán de Ocampo||58011|16|58011||12|053|3726|Urbano|
58336|Villas de la Loma III|Conjunto habitacional|Morelia|Michoacán de Ocampo||58011|16|58011||12|053|3735|Urbano|
58336|La Luz|Fraccionamiento|Morelia|Michoacán de Ocampo||58011|16|58011||21|053|3737|Rural|
58337|Ampliación San Pascual|Colonia|Morelia|Michoacán de Ocampo|Morelia|58011|16|58011||09|053|0004|Urbano|06
58337|San Mateo III|Conjunto habitacional|Morelia|Michoacán de Ocampo|Morelia|58011|16|58011||12|053|0108|Urbano|06
58337|Hacienda Cipres|Conjunto habitacional|Morelia|Michoacán de Ocampo|Morelia|58011|16|58011||12|053|0140|Urbano|06
58337|Las Palmas|Colonia|Morelia|Michoacán de Ocampo|Morelia|58011|16|58011||09|053|0144|Urbano|06
58337|Rincón de los Fresnos|Colonia|Morelia|Michoacán de Ocampo|Morelia|58011|16|58011||09|053|0190|Urbano|06
58337|San Gabriel|Condominio|Morelia|Michoacán de Ocampo|Morelia|58011|16|58011||10|053|0234|Urbano|06
58337|Arboledas Valladolid|Colonia|Morelia|Michoacán de Ocampo|Morelia|58011|16|58011||09|053|0400|Urbano|06
58337|Guadalupe Victoria|Colonia|Morelia|Michoacán de Ocampo|Morelia|58011|16|58011||09|053|0401|Urbano|06
58337|Huertos Agua Azul|Fraccionamiento|Morelia|Michoacán de Ocampo|Morelia|58011|16|58011||21|053|0402|Urbano|06
58337|Ampliación Ignacio López Rayón|Colonia|Morelia|Michoacán de Ocampo|Morelia|58011|16|58011||09|053|0403|Urbano|06
58337|Jardines de Sindurio|Colonia|Morelia|Michoacán de Ocampo|Morelia|58011|16|58011||09|053|0404|Urbano|06
58337|La Esperanza|Colonia|Morelia|Michoacán de Ocampo|Morelia|58011|16|58011||09|053|0405|Urbano|06
58337|La Nueva Esperanza|Colonia|Morelia|Michoacán de Ocampo|Morelia|58011|16|58011||09|053|0406|Urbano|06
58337|Lomas del Pedregal|Fraccionamiento|Morelia|Michoacán de Ocampo|Morelia|58011|16|58011||21|053|0408|Urbano|06
58337|Manuel García Pueblita|Colonia|Morelia|Michoacán de Ocampo|Morelia|58011|16|58011||09|053|0409|Urbano|06
58337|Margarita Maza de Juárez|Colonia|Morelia|Michoacán de Ocampo|Morelia|58011|16|58011||09|053|0410|Urbano|06
58337|Michoacán|Colonia|Morelia|Michoacán de Ocampo|Morelia|58011|16|58011||09|053|0411|Urbano|06
58337|Niño Artillero|Colonia|Morelia|Michoacán de Ocampo|Morelia|58011|16|58011||09|053|0412|Urbano|06
58337|El Parian|Colonia|Morelia|Michoacán de Ocampo|Morelia|58011|16|58011||09|053|0413|Urbano|06
58337|Rincón del Pedregal|Colonia|Morelia|Michoacán de Ocampo|Morelia|58011|16|58011||09|053|0414|Urbano|06
58337|San Isidro Itzícuaro|Colonia|Morelia|Michoacán de Ocampo|Morelia|58011|16|58011||09|053|0415|Urbano|06
58337|San Pascual|Colonia|Morelia|Michoacán de Ocampo|Morelia|58011|16|58011||09|053|0416|Urbano|06
58337|Tinijaro|Colonia|Morelia|Michoacán de Ocampo|Morelia|58011|16|58011||09|053|0417|Urbano|06
58337|Unión Antorchista|Fraccionamiento|Morelia|Michoacán de Ocampo|Morelia|58011|16|58011||21|053|0418|Urbano|06
58337|Sindurio|Colonia|Morelia|Michoacán de Ocampo|Morelia|58011|16|58011||09|053|0419|Urbano|06
58337|Solear Poniente|Unidad habitacional|Morelia|Michoacán de Ocampo|Morelia|58011|16|58011||31|053|0488|Urbano|06
58337|Alameda|Unidad habitacional|Morelia|Michoacán de Ocampo|Morelia|58011|16|58011||31|053|0491|Urbano|06
58337|Valle de las Rosas|Colonia|Morelia|Michoacán de Ocampo|Morelia|58011|16|58011||09|053|0555|Urbano|06
58337|La Herradura (Antiguo Camino Real)|Colonia|Morelia|Michoacán de Ocampo|Morelia|58011|16|58011||09|053|0575|Urbano|06
58337|Granjas de Morelia|Colonia|Morelia|Michoacán de Ocampo|Morelia|58011|16|58011||09|053|0580|Urbano|06
58337|Miravalle|Colonia|Morelia|Michoacán de Ocampo|Morelia|58011|16|58011||09|053|0581|Urbano|06
58337|Benito Juárez|Colonia|Morelia|Michoacán de Ocampo|Morelia|58011|16|58011||09|053|0582|Urbano|06
58337|Las Huares|Colonia|Morelia|Michoacán de Ocampo|Morelia|58011|16|58011||09|053|0586|Urbano|06
58337|Loma Dorada|Fraccionamiento|Morelia|Michoacán de Ocampo|Morelia|58011|16|58011||21|053|3013|Urbano|06
58337|Rincón de la Ortiga|Colonia|Morelia|Michoacán de Ocampo|Morelia|58011|16|58011||09|053|3605|Urbano|06
58337|Villas Insurgentes|Fraccionamiento|Morelia|Michoacán de Ocampo|Morelia|58011|16|58011||21|053|3614|Urbano|06
58337|Mariano Abasolo|Colonia|Morelia|Michoacán de Ocampo|Morelia|58011|16|58011||09|053|3615|Urbano|06
58337|Lomas de la Aurora|Fraccionamiento|Morelia|Michoacán de Ocampo|Morelia|58011|16|58011||21|053|3616|Urbano|06
58337|Ario 1815|Fraccionamiento|Morelia|Michoacán de Ocampo|Morelia|58011|16|58011||21|053|3618|Urbano|06
58337|Veintitres de Marzo|Colonia|Morelia|Michoacán de Ocampo|Morelia|58011|16|58011||09|053|3628|Urbano|06
58337|Huertas del Poniente|Colonia|Morelia|Michoacán de Ocampo|Morelia|58011|16|58011||09|053|3638|Urbano|06
58337|Héroes Republicanos|Colonia|Morelia|Michoacán de Ocampo|Morelia|58011|16|58011||09|053|3639|Urbano|06
58337|Rincón del Ángel|Conjunto habitacional|Morelia|Michoacán de Ocampo|Morelia|58011|16|58011||12|053|3641|Urbano|06
58337|Ciudad Jardín|Colonia|Morelia|Michoacán de Ocampo|Morelia|58011|16|58011||09|053|3642|Urbano|06
58337|Hacienda de Tinijaro|Fraccionamiento|Morelia|Michoacán de Ocampo|Morelia|58011|16|58011||21|053|3671|Urbano|06
58337|Jardines de la Aurora|Fraccionamiento|Morelia|Michoacán de Ocampo|Morelia|58011|16|58011||21|053|3673|Urbano|06
58337|Patriotas Republicanos|Fraccionamiento|Morelia|Michoacán de Ocampo|Morelia|58011|16|58011||21|053|3675|Urbano|06
58337|Residencial Tinijaro|Fraccionamiento|Morelia|Michoacán de Ocampo|Morelia|58011|16|58011||21|053|3676|Urbano|06
58337|Rinconada de Tinijaro|Fraccionamiento|Morelia|Michoacán de Ocampo|Morelia|58011|16|58011||21|053|3677|Urbano|06
58337|Defensores de la República|Fraccionamiento|Morelia|Michoacán de Ocampo|Morelia|58011|16|58011||21|053|3682|Urbano|06
58337|Juan Álvarez|Conjunto habitacional|Morelia|Michoacán de Ocampo|Morelia|58011|16|58011||12|053|3699|Urbano|06
58337|Las Peñas|Fraccionamiento|Morelia|Michoacán de Ocampo|Morelia|58011|16|58011||21|053|3700|Urbano|06
58337|Rincón Tarasco|Conjunto habitacional|Morelia|Michoacán de Ocampo|Morelia|58011|16|58011||12|053|3705|Urbano|06
58337|Villas del Parian|Conjunto habitacional|Morelia|Michoacán de Ocampo|Morelia|58011|16|58011||12|053|3712|Urbano|06
58337|Héroes Insurgentes|Fraccionamiento|Morelia|Michoacán de Ocampo|Morelia|58011|16|58011||21|053|3756|Urbano|06
58337|Leyes de Reforma|Conjunto habitacional|Morelia|Michoacán de Ocampo|Morelia|58011|16|58011||12|053|3858|Urbano|06
58337|Héroes de la Nación|Colonia|Morelia|Michoacán de Ocampo|Morelia|58011|16|58011||09|053|3873|Urbano|06
58337|Ampliación Ciudad Jardín|Colonia|Morelia|Michoacán de Ocampo|Morelia|58011|16|58011||09|053|4064|Urbano|06
58337|San Mateo|Conjunto habitacional|Morelia|Michoacán de Ocampo|Morelia|58011|16|58011||12|053|4075|Urbano|06
58337|El Ciprés|Colonia|Morelia|Michoacán de Ocampo|Morelia|58011|16|58011||09|053|4272|Urbano|06
58337|El Parian (Poniente)|Fraccionamiento|Morelia|Michoacán de Ocampo|Morelia|58011|16|58011||21|053|4273|Urbano|06
58337|La Insurgencia|Fraccionamiento|Morelia|Michoacán de Ocampo|Morelia|58011|16|58011||21|053|4275|Urbano|06
58337|Agua Nueva|Fraccionamiento|Morelia|Michoacán de Ocampo|Morelia|58011|16|58011||21|053|4767|Urbano|06
58337|Jesús González Ortega|Colonia|Morelia|Michoacán de Ocampo|Morelia|58011|16|58011||09|053|4768|Urbano|06
58337|Manantiales del Parian|Colonia|Morelia|Michoacán de Ocampo|Morelia|58011|16|58011||09|053|4769|Urbano|06
58337|Monte Blanco|Conjunto habitacional|Morelia|Michoacán de Ocampo|Morelia|58011|16|58011||12|053|4770|Urbano|06
58337|Ignacio López Rayón|Colonia|Morelia|Michoacán de Ocampo|Morelia|58011|16|58011||09|053|4787|Urbano|06
58337|Ampliación Niño Artillero|Colonia|Morelia|Michoacán de Ocampo|Morelia|58011|16|58011||09|053|4791|Urbano|06
58337|San Mateo II|Conjunto habitacional|Morelia|Michoacán de Ocampo|Morelia|58011|16|58011||12|053|4830|Urbano|06
58337|Defensores de la República II|Conjunto habitacional|Morelia|Michoacán de Ocampo|Morelia|58011|16|58011||12|053|4837|Urbano|06
58337|Benedicto López|Colonia|Morelia|Michoacán de Ocampo|Morelia|58011|16|58011||09|053|4939|Urbano|06
58337|Congreso Hispanoamericano|Colonia|Morelia|Michoacán de Ocampo|Morelia|58011|16|58011||09|053|4942|Urbano|06
58337|La Esperanza III|Colonia|Morelia|Michoacán de Ocampo|Morelia|58011|16|58011||09|053|4947|Urbano|06
58337|Camponubes|Conjunto habitacional|Morelia|Michoacán de Ocampo|Morelia|58011|16|58011||12|053|5545|Urbano|06
58337|Ejército de la República|Colonia|Morelia|Michoacán de Ocampo|Morelia|58011|16|58011||09|053|6266|Urbano|06
58337|Ampliación de San Isidro Itzícuaro|Colonia|Morelia|Michoacán de Ocampo|Morelia|58011|16|58011||09|053|6354|Urbano|06
58337|Las Guares|Colonia|Morelia|Michoacán de Ocampo|Morelia|58011|16|58011||09|053|6361|Urbano|06
58337|San Isidro Itzícuaro|Colonia|Morelia|Michoacán de Ocampo|Morelia|58011|16|58011||09|053|6364|Urbano|06
58337|San Gregorio|Colonia|Morelia|Michoacán de Ocampo|Morelia|58011|16|58011||09|053|6620|Urbano|06
58338|Las Flores|Ranchería|Morelia|Michoacán de Ocampo||58011|16|58011||29|053|0420|Rural|
58340|San Nicolás Obispo|Pueblo|Morelia|Michoacán de Ocampo||58011|16|58011||28|053|0421|Rural|
58341|Bosques de la Presa|Fraccionamiento|Morelia|Michoacán de Ocampo||58011|16|58011||21|053|0139|Urbano|
58341|INDECO La Huerta|Unidad habitacional|Morelia|Michoacán de Ocampo||58011|16|58011||31|053|0236|Urbano|
58341|Socialista|Colonia|Morelia|Michoacán de Ocampo||58011|16|58011||09|053|0256|Urbano|
58341|Emiliano Zapata|Fraccionamiento|Morelia|Michoacán de Ocampo||58011|16|58011||21|053|0422|Urbano|
58341|Tenencia Morelos|Colonia|Morelia|Michoacán de Ocampo||58011|16|58011||09|053|0423|Urbano|
58341|San José del Cerrito|Colonia|Morelia|Michoacán de Ocampo||58011|16|58011||09|053|0424|Urbano|
58341|San Juanito Itzicuaro|Pueblo|Morelia|Michoacán de Ocampo||58011|16|58011||28|053|0425|Rural|
58341|Simpanio Norte|Colonia|Morelia|Michoacán de Ocampo||58011|16|58011||09|053|0426|Urbano|
58341|Periodismo|Colonia|Morelia|Michoacán de Ocampo||58011|16|58011||09|053|0537|Urbano|
58341|Vistas la Huerta|Unidad habitacional|Morelia|Michoacán de Ocampo||58011|16|58011||31|053|0564|Urbano|
58341|Monte Rubio (Borucas)|Colonia|Morelia|Michoacán de Ocampo||58011|16|58011||09|053|0615|Urbano|
58341|El Edén|Colonia|Morelia|Michoacán de Ocampo||58011|16|58011||09|053|0616|Urbano|
58341|Pablo Galeana|Colonia|Morelia|Michoacán de Ocampo||58011|16|58011||09|053|3539|Urbano|
58341|El Arquito|Colonia|Morelia|Michoacán de Ocampo||58011|16|58011||09|053|3651|Urbano|
58341|Los Mezquites|Fraccionamiento|Morelia|Michoacán de Ocampo||58011|16|58011||21|053|3701|Rural|
58341|San Antonio|Fraccionamiento|Morelia|Michoacán de Ocampo||58011|16|58011||21|053|3707|Urbano|
58341|Simpanio Norte II|Colonia|Morelia|Michoacán de Ocampo||58011|16|58011||09|053|3848|Urbano|
58341|Ampliación Simpanio Norte|Colonia|Morelia|Michoacán de Ocampo||58011|16|58011||09|053|4309|Urbano|
58341|Lomas de La Campiña|Colonia|Morelia|Michoacán de Ocampo||58011|16|58011||09|053|4796|Rural|
58341|Nicolás Bravo|Fraccionamiento|Morelia|Michoacán de Ocampo||58011|16|58011||21|053|5961|Rural|
58341|Balneario el Ejido|Ranchería|Morelia|Michoacán de Ocampo||58011|16|58011||29|053|6373|Rural|
58341|Kimberly Clark de México (KCM)|Zona industrial|Morelia|Michoacán de Ocampo||58011|16|58011||37|053|6374|Rural|
58341|Ex-Ejido Zimpanio Norte|Ranchería|Morelia|Michoacán de Ocampo||58011|16|58011||29|053|6375|Rural|
58342|San Javier|Fraccionamiento|Morelia|Michoacán de Ocampo||58011|16|58011||21|053|0037|Rural|
58342|Manga Prieta|Rancho|Morelia|Michoacán de Ocampo||58011|16|58011||48|053|0342|Rural|
58342|La Mintzita (Piedra Dura)|Colonia|Morelia|Michoacán de Ocampo||58011|16|58011||09|053|0428|Rural|
58342|San Antonio Parangare|Ranchería|Morelia|Michoacán de Ocampo||58011|16|58011||29|053|0429|Rural|
58342|Uruapilla|Ranchería|Morelia|Michoacán de Ocampo||58011|16|58011||29|053|0430|Rural|
58342|Humberto Gutiérrez Corona|Colonia|Morelia|Michoacán de Ocampo||58011|16|58011||09|053|0567|Rural|
58342|Roca Dura|Colonia|Morelia|Michoacán de Ocampo||58011|16|58011||09|053|0570|Rural|
58342|2 de Marzo|Colonia|Morelia|Michoacán de Ocampo||58011|16|58011||09|053|0573|Rural|
58342|Jardines de San Antonio|Fraccionamiento|Morelia|Michoacán de Ocampo||58011|16|58011||21|053|4274|Rural|
58342|El Rodeo (Las Praderas)|Ranchería|Morelia|Michoacán de Ocampo||58011|16|58011||29|053|6311|Rural|
58342|La Mora|Ranchería|Morelia|Michoacán de Ocampo||58011|16|58011||29|053|6344|Rural|
58342|La Providencia|Ranchería|Morelia|Michoacán de Ocampo||58011|16|58011||29|053|6345|Rural|
58342|Rancho Prieto (Los Pinos)|Ranchería|Morelia|Michoacán de Ocampo||58011|16|58011||29|053|6346|Rural|
58343|Santa Rosalía|Ranchería|Morelia|Michoacán de Ocampo||58011|16|58011||29|053|0293|Rural|
58343|Arroyo Colorado|Ranchería|Morelia|Michoacán de Ocampo||58011|16|58011||29|053|0431|Rural|
58343|El Taray|Ranchería|Morelia|Michoacán de Ocampo||58011|16|58011||29|053|0432|Rural|
58343|La Cofradía|Ranchería|Morelia|Michoacán de Ocampo||58011|16|58011||29|053|0433|Rural|
58343|Las Cruces|Ranchería|Morelia|Michoacán de Ocampo||58011|16|58011||29|053|0434|Rural|
58343|Pueblo Viejo|Ranchería|Morelia|Michoacán de Ocampo||58011|16|58011||29|053|0435|Rural|
58343|Santiago Undameo|Pueblo|Morelia|Michoacán de Ocampo||58011|16|58011||28|053|0436|Rural|
58343|Los Cipreses|Fraccionamiento|Morelia|Michoacán de Ocampo||58011|16|58011||21|053|3633|Rural|
58343|Huertitas|Ranchería|Morelia|Michoacán de Ocampo||58011|16|58011||29|053|6313|Rural|
58343|La Ciénega (Torrecillas de Atécuaro)|Ranchería|Morelia|Michoacán de Ocampo||58011|16|58011||29|053|6320|Rural|
58343|La Sanguijuela|Ranchería|Morelia|Michoacán de Ocampo||58011|16|58011||29|053|6326|Rural|
58343|Santa Mónica|Ranchería|Morelia|Michoacán de Ocampo||58011|16|58011||29|053|6349|Rural|
58344|El Bañito|Ranchería|Morelia|Michoacán de Ocampo||58461|16|58461||29|053|0437|Rural|
58344|San Rafael Coapa|Ranchería|Morelia|Michoacán de Ocampo||58461|16|58461||29|053|0438|Rural|
58344|Tiripetío|Pueblo|Morelia|Michoacán de Ocampo||58461|16|58461||28|053|0439|Rural|
58344|San José Coapa|Ranchería|Morelia|Michoacán de Ocampo||58461|16|58461||29|053|0444|Rural|
58344|El Reparo|Ranchería|Morelia|Michoacán de Ocampo||58461|16|58461||29|053|0446|Rural|
58344|San Antonio Coapa|Ranchería|Morelia|Michoacán de Ocampo||58461|16|58461||29|053|0447|Rural|
58344|San Carlos Coapa|Ranchería|Morelia|Michoacán de Ocampo||58461|16|58461||29|053|0448|Rural|
58344|Hermenegildo Galeana|Colonia|Morelia|Michoacán de Ocampo||58461|16|58461||09|053|3872|Rural|
58344|La Valenciana|Fraccionamiento|Morelia|Michoacán de Ocampo||58461|16|58461||21|053|6285|Rural|
58344|El Mesón Colorado|Ranchería|Morelia|Michoacán de Ocampo||58461|16|58461||29|053|6305|Rural|
58344|Isaac Arriaga (Noriega)|Ranchería|Morelia|Michoacán de Ocampo||58461|16|58461||29|053|6314|Rural|
58344|La Providencia|Ranchería|Morelia|Michoacán de Ocampo||58461|16|58461||29|053|6325|Rural|
58344|San Rafaelillo (La Haciendita)|Ranchería|Morelia|Michoacán de Ocampo||58461|16|58461||29|053|6348|Rural|
58345|El Aguaje|Rancho|Morelia|Michoacán de Ocampo||58011|16|58011||48|053|0331|Rural|
58345|El Barretero Tercera Etapa|Rancho|Morelia|Michoacán de Ocampo||58011|16|58011||48|053|0407|Rural|
58345|Joya de Buenavista|Ranchería|Morelia|Michoacán de Ocampo||58011|16|58011||29|053|0440|Rural|
58345|Joya de la Huerta|Ranchería|Morelia|Michoacán de Ocampo||58011|16|58011||29|053|0441|Rural|
58345|Estación Jácuaro (Colonia la Reunión)|Ranchería|Morelia|Michoacán de Ocampo||58011|16|58011||29|053|0442|Rural|
58345|Nueva Florida|Ranchería|Morelia|Michoacán de Ocampo||58011|16|58011||29|053|0443|Rural|
58346|El Escobal|Ranchería|Morelia|Michoacán de Ocampo||58011|16|58011||29|053|0445|Rural|
58346|Tirio|Ranchería|Morelia|Michoacán de Ocampo||58011|16|58011||29|053|0449|Rural|
58346|La Estancia|Ranchería|Morelia|Michoacán de Ocampo||58011|16|58011||29|053|3757|Rural|
58346|Cañada de Buena Vista|Ranchería|Morelia|Michoacán de Ocampo||58011|16|58011||29|053|6294|Rural|
58346|La Palmita (La Trampa)|Ranchería|Morelia|Michoacán de Ocampo||58011|16|58011||29|053|6324|Rural|
58346|Patambo|Ranchería|Morelia|Michoacán de Ocampo||58011|16|58011||29|053|6336|Rural|
58347|Chihuerio|Ranchería|Morelia|Michoacán de Ocampo||58461|16|58461||29|053|0450|Rural|
58347|La Maiza|Ranchería|Morelia|Michoacán de Ocampo||58461|16|58461||29|053|0451|Rural|
58347|Potrerillos|Ranchería|Morelia|Michoacán de Ocampo||58461|16|58461||29|053|0452|Rural|
58347|San Miguel Coapa|Ranchería|Morelia|Michoacán de Ocampo||58461|16|58461||29|053|0453|Rural|
58347|La Yerbabuena|Ranchería|Morelia|Michoacán de Ocampo||58461|16|58461||29|053|0454|Rural|
58348|Coíntzio|Ranchería|Morelia|Michoacán de Ocampo||58011|16|58011||29|053|0455|Rural|
58348|San Pedro|Conjunto habitacional|Morelia|Michoacán de Ocampo||58011|16|58011||12|053|4937|Rural|
58350|Lartesi|Conjunto habitacional|Morelia|Michoacán de Ocampo||58011|16|58011||12|053|0021|Urbano|
58350|Valle del Paraíso|Fraccionamiento|Morelia|Michoacán de Ocampo||58011|16|58011||21|053|0112|Urbano|
58350|Paseo de las Aves|Condominio|Morelia|Michoacán de Ocampo||58011|16|58011||10|053|0272|Urbano|
58350|Jesús del Monte|Pueblo|Morelia|Michoacán de Ocampo||58011|16|58011||28|053|0457|Urbano|
58350|Los Laureles|Fraccionamiento|Morelia|Michoacán de Ocampo||58011|16|58011||21|053|0484|Urbano|
58350|La Lomita|Condominio|Morelia|Michoacán de Ocampo||58011|16|58011||10|053|0506|Urbano|
58350|La Toscana|Condominio|Morelia|Michoacán de Ocampo||58011|16|58011||10|053|0516|Urbano|
58350|Villa Magnolias|Fraccionamiento|Morelia|Michoacán de Ocampo||58011|16|58011||21|053|0532|Urbano|
58350|Monte Real|Fraccionamiento|Morelia|Michoacán de Ocampo||58011|16|58011||21|053|0533|Urbano|
58350|Paseo de los Canarios|Condominio|Morelia|Michoacán de Ocampo||58011|16|58011||10|053|0535|Urbano|
58350|Rincón Monte Bello|Unidad habitacional|Morelia|Michoacán de Ocampo||58011|16|58011||31|053|0544|Urbano|
58350|Coto del Ángel|Fraccionamiento|Morelia|Michoacán de Ocampo||58011|16|58011||21|053|3670|Urbano|
58350|Monte Bello|Fraccionamiento|Morelia|Michoacán de Ocampo||58011|16|58011||21|053|3674|Urbano|
58350|Cruz de la Capilla|Fraccionamiento|Morelia|Michoacán de Ocampo||58011|16|58011||21|053|3680|Urbano|
58350|Montaña Monarca III|Fraccionamiento|Morelia|Michoacán de Ocampo||58011|16|58011||21|053|3721|Urbano|
58350|Montaña Monarca I|Fraccionamiento|Morelia|Michoacán de Ocampo||58011|16|58011||21|053|3722|Urbano|
58350|Hacienda del Monte|Fraccionamiento|Morelia|Michoacán de Ocampo||58011|16|58011||21|053|3723|Urbano|
58350|Parque Sur|Fraccionamiento|Morelia|Michoacán de Ocampo||58011|16|58011||21|053|3736|Urbano|
58350|Punta Monarca|Fraccionamiento|Morelia|Michoacán de Ocampo||58011|16|58011||21|053|3877|Urbano|
58350|Rincón de la Montaña|Fraccionamiento|Morelia|Michoacán de Ocampo||58011|16|58011||21|053|3878|Urbano|
58350|Las Cruces|Conjunto habitacional|Morelia|Michoacán de Ocampo||58011|16|58011||12|053|4069|Urbano|
58350|Bosque Monarca|Fraccionamiento|Morelia|Michoacán de Ocampo||58011|16|58011||21|053|4271|Urbano|
58350|Campestre del Monte|Fraccionamiento|Morelia|Michoacán de Ocampo||58011|16|58011||21|053|4793|Urbano|
58350|La Higuera|Fraccionamiento|Morelia|Michoacán de Ocampo||58011|16|58011||21|053|5547|Urbano|
58350|Campobello|Conjunto habitacional|Morelia|Michoacán de Ocampo||58011|16|58011||12|053|5955|Urbano|
58350|Paseo del Refugio|Fraccionamiento|Morelia|Michoacán de Ocampo||58011|16|58011||21|053|5962|Urbano|
58350|Sendero del Bosque|Fraccionamiento|Morelia|Michoacán de Ocampo||58011|16|58011||21|053|5965|Urbano|
58350|Esmeralda|Colonia|Morelia|Michoacán de Ocampo||58011|16|58011||09|053|6267|Urbano|
58350|Misión de la Montaña|Colonia|Morelia|Michoacán de Ocampo||58011|16|58011||09|053|6268|Urbano|
58350|Residencial Vivalto|Condominio|Morelia|Michoacán de Ocampo||58011|16|58011||10|053|6280|Urbano|
58352|Puente Hernández|Rancho|Morelia|Michoacán de Ocampo||58011|16|58011||48|053|0300|Rural|
58352|El Landín|Rancho|Morelia|Michoacán de Ocampo||58011|16|58011||48|053|0325|Rural|
58352|Nieves|Ranchería|Morelia|Michoacán de Ocampo||58011|16|58011||29|053|0459|Rural|
58352|Rancho Viejo|Ranchería|Morelia|Michoacán de Ocampo||58011|16|58011||29|053|6347|Rural|
58352|El Reparo|Ranchería|Morelia|Michoacán de Ocampo||58011|16|58011||29|053|6372|Rural|
58353|Loma Caliente|Ranchería|Morelia|Michoacán de Ocampo||58011|16|58011||29|053|0460|Rural|
58353|Ojo de Agua|Ranchería|Morelia|Michoacán de Ocampo||58011|16|58011||29|053|0461|Rural|
58353|Ojo de Agua (Escorpión Potrerito)|Colonia|Morelia|Michoacán de Ocampo||58011|16|58011||09|053|6366|Rural|
58353|Palo Amarillo|Ranchería|Morelia|Michoacán de Ocampo||58011|16|58011||29|053|6367|Rural|
58353|Puerto de Pinos|Ranchería|Morelia|Michoacán de Ocampo||58011|16|58011||29|053|6368|Rural|
58353|La Ceja|Ranchería|Morelia|Michoacán de Ocampo||58011|16|58011||29|053|6369|Rural|
58355|Las Mesitas|Rancho|Morelia|Michoacán de Ocampo||58011|16|58011||48|053|0328|Rural|
58355|Buenavista|Ranchería|Morelia|Michoacán de Ocampo||58011|16|58011||29|053|0463|Rural|
58355|Hojas Anchas|Ranchería|Morelia|Michoacán de Ocampo||58011|16|58011||29|053|0464|Rural|
58355|Umécuaro|Pueblo|Morelia|Michoacán de Ocampo||58011|16|58011||28|053|0465|Rural|
58355|Campichahua|Ranchería|Morelia|Michoacán de Ocampo||58011|16|58011||29|053|6295|Rural|
58355|La Codorniz|Ranchería|Morelia|Michoacán de Ocampo||58011|16|58011||29|053|6321|Rural|
58355|Loma Puerto del Tigre (Loma del Tigre)|Ranchería|Morelia|Michoacán de Ocampo||58011|16|58011||29|053|6331|Rural|
58355|Puente Gallegos|Ranchería|Morelia|Michoacán de Ocampo||58011|16|58011||29|053|6339|Rural|
58355|Puerto del Madroño|Ranchería|Morelia|Michoacán de Ocampo||58011|16|58011||29|053|6342|Rural|
58356|Puentecillas (Puentecitas)|Ranchería|Morelia|Michoacán de Ocampo||58011|16|58011||29|053|0286|Rural|
58356|El Carretero|Rancho|Morelia|Michoacán de Ocampo||58011|16|58011||48|053|0326|Rural|
58356|Atécuaro|Pueblo|Morelia|Michoacán de Ocampo||58011|16|58011||28|053|0456|Rural|
58356|Ichaqueo|Ranchería|Morelia|Michoacán de Ocampo||58011|16|58011||29|053|0466|Rural|
58356|Oikos|Fraccionamiento|Morelia|Michoacán de Ocampo||58011|16|58011||21|053|5548|Rural|
58356|Curimeo|Ranchería|Morelia|Michoacán de Ocampo||58011|16|58011||29|053|6299|Rural|
58356|El Arenal|Ranchería|Morelia|Michoacán de Ocampo||58011|16|58011||29|053|6301|Rural|
58356|El Laurel|Ranchería|Morelia|Michoacán de Ocampo||58011|16|58011||29|053|6304|Rural|
58356|La Artesa|Ranchería|Morelia|Michoacán de Ocampo||58011|16|58011||29|053|6317|Rural|
58356|La Cieneguita (La Ciénega)|Ranchería|Morelia|Michoacán de Ocampo||58011|16|58011||29|053|6319|Rural|
58356|La Laguna (Los Caracoles)|Ranchería|Morelia|Michoacán de Ocampo||58011|16|58011||29|053|6322|Rural|
58356|Las Palomas|Ranchería|Morelia|Michoacán de Ocampo||58011|16|58011||29|053|6329|Rural|
58356|Las Tinajas (La Tinaja)|Ranchería|Morelia|Michoacán de Ocampo||58011|16|58011||29|053|6330|Rural|
58356|Los Capulines|Ranchería|Morelia|Michoacán de Ocampo||58011|16|58011||29|053|6332|Rural|
58356|Parritas|Ranchería|Morelia|Michoacán de Ocampo||58011|16|58011||29|053|6335|Rural|
58356|Pueblo Viejo|Ranchería|Morelia|Michoacán de Ocampo||58011|16|58011||29|053|6338|Rural|
58356|Puerto de Celaya|Ranchería|Morelia|Michoacán de Ocampo||58011|16|58011||29|053|6341|Rural|
58356|Puerto la Sosa|Ranchería|Morelia|Michoacán de Ocampo||58011|16|58011||29|053|6343|Rural|
58357|Tumbisca|Pueblo|Morelia|Michoacán de Ocampo||58011|16|58011||28|053|3983|Rural|
58357|Agua Zarca|Ranchería|Morelia|Michoacán de Ocampo||58011|16|58011||29|053|6308|Rural|
58357|Buenavista|Ranchería|Morelia|Michoacán de Ocampo||58011|16|58011||29|053|6309|Rural|
58357|El Alacrán|Ranchería|Morelia|Michoacán de Ocampo||58011|16|58011||29|053|6310|Rural|
58358|Torrecillas (La Torrecilla)|Ranchería|Morelia|Michoacán de Ocampo||58011|16|58011||29|053|0297|Rural|
58358|San Miguel del Monte|Pueblo|Morelia|Michoacán de Ocampo||58011|16|58011||28|053|0458|Rural|
58358|El Agua Escondida|Ranchería|Morelia|Michoacán de Ocampo||58011|16|58011||29|053|6300|Rural|
58358|Huertitas|Ranchería|Morelia|Michoacán de Ocampo||58011|16|58011||29|053|6312|Rural|
58358|Planchapón (Peñas de San Pedro)|Ranchería|Morelia|Michoacán de Ocampo||58011|16|58011||29|053|6337|Rural|
58358|Torrecillas|Ranchería|Morelia|Michoacán de Ocampo||58011|16|58011||29|053|6350|Rural|
58358|Zimpanio Sur|Ranchería|Morelia|Michoacán de Ocampo||58011|16|58011||29|053|6351|Rural|
58359|El Durazno|Ranchería|Morelia|Michoacán de Ocampo||58011|16|58011||29|053|0467|Rural|
58360|Huaniqueo de Morales|Colonia|Huaniqueo|Michoacán de Ocampo||58361|16|58361||09|037|0468|Urbano|
58360|Barrio Alto|Colonia|Huaniqueo|Michoacán de Ocampo||58361|16|58361||09|037|6630|Urbano|
58360|El Morral|Colonia|Huaniqueo|Michoacán de Ocampo||58361|16|58361||09|037|6631|Urbano|
58360|El Progreso (El Porvenir)|Colonia|Huaniqueo|Michoacán de Ocampo||58361|16|58361||09|037|6632|Urbano|
58360|El Torrente|Colonia|Huaniqueo|Michoacán de Ocampo||58361|16|58361||09|037|6633|Urbano|
58360|Lindavista|Colonia|Huaniqueo|Michoacán de Ocampo||58361|16|58361||09|037|6634|Urbano|
58360|Los Aguacates|Colonia|Huaniqueo|Michoacán de Ocampo||58361|16|58361||09|037|6635|Urbano|
58360|Barrio San Juan|Colonia|Huaniqueo|Michoacán de Ocampo||58361|16|58361||09|037|6636|Urbano|
58362|San Nicolás de las Piedras|Ranchería|Huaniqueo|Michoacán de Ocampo||58361|16|58361||29|037|0475|Rural|
58362|La Presa|Ranchería|Huaniqueo|Michoacán de Ocampo||58361|16|58361||29|037|0476|Rural|
58362|Santa Fe de la Labor|Ranchería|Huaniqueo|Michoacán de Ocampo||58361|16|58361||29|037|0477|Rural|
58363|El Cerrito|Pueblo|Huaniqueo|Michoacán de Ocampo||58361|16|58361||28|037|0478|Rural|
58363|Jaripitiro|Ranchería|Huaniqueo|Michoacán de Ocampo||58361|16|58361||29|037|0479|Rural|
58363|20 de Noviembre|Ranchería|Huaniqueo|Michoacán de Ocampo||58361|16|58361||29|037|0480|Rural|
58364|Huapeo|Ranchería|Huaniqueo|Michoacán de Ocampo||58361|16|58361||29|037|0469|Rural|
58364|La Manza|Ranchería|Huaniqueo|Michoacán de Ocampo||58361|16|58361||29|037|0471|Rural|
58364|Ojo de Agua (Ojo de Agua de Manza)|Ranchería|Huaniqueo|Michoacán de Ocampo||58361|16|58361||29|037|0472|Rural|
58365|Puerta de Jaripitiro|Pueblo|Huaniqueo|Michoacán de Ocampo||58361|16|58361||28|037|0470|Rural|
58380|Tendeparacua|Pueblo|Huaniqueo|Michoacán de Ocampo||58361|16|58361||28|037|0482|Rural|
58383|Arostaro|Rancho|Huaniqueo|Michoacán de Ocampo||58361|16|58361||48|037|0001|Rural|
58383|La Yerbabuena (La Cieneguita)|Ranchería|Huaniqueo|Michoacán de Ocampo||58361|16|58361||29|037|6626|Rural|
58383|San Ángel|Ranchería|Huaniqueo|Michoacán de Ocampo||58361|16|58361||29|037|6629|Rural|
58384|Santiago|Ranchería|Huaniqueo|Michoacán de Ocampo||58361|16|58361||29|037|0481|Rural|
58384|Casas de Alto|Ranchería|Huaniqueo|Michoacán de Ocampo||58361|16|58361||29|037|6624|Rural|
58384|El Chupadero|Ranchería|Huaniqueo|Michoacán de Ocampo||58361|16|58361||29|037|6625|Rural|
58384|Los Alcantares|Ranchería|Huaniqueo|Michoacán de Ocampo||58361|16|58361||29|037|6627|Rural|
58390|Tecacho|Ranchería|Huaniqueo|Michoacán de Ocampo||58361|16|58361||29|037|0483|Rural|
58390|San Pedro Puruátiro|Pueblo|Huaniqueo|Michoacán de Ocampo||58361|16|58361||28|037|0484|Rural|
58391|Tacupillo|Ranchería|Huaniqueo|Michoacán de Ocampo||58361|16|58361||29|037|0485|Rural|
58398|Coeperio|Ranchería|Huaniqueo|Michoacán de Ocampo||58361|16|58361||29|037|0487|Rural|
58399|Jesús María|Ejido|Huaniqueo|Michoacán de Ocampo||58361|16|58361||15|037|0488|Rural|
58399|Puente San Isidro|Ranchería|Huaniqueo|Michoacán de Ocampo||58361|16|58361||29|037|6628|Rural|
58400|Coeneo de la Libertad Centro|Colonia|Coeneo|Michoacán de Ocampo||58405|16|58405||09|016|0489|Urbano|
58400|De la Cruz|Colonia|Coeneo|Michoacán de Ocampo||58405|16|58405||09|016|6435|Urbano|
58400|De la Salud|Colonia|Coeneo|Michoacán de Ocampo||58405|16|58405||09|016|6436|Urbano|
58400|El Porvenir|Colonia|Coeneo|Michoacán de Ocampo||58405|16|58405||09|016|6437|Urbano|
58400|El Rosario|Colonia|Coeneo|Michoacán de Ocampo||58405|16|58405||09|016|6438|Urbano|
58400|El Santuario|Colonia|Coeneo|Michoacán de Ocampo||58405|16|58405||09|016|6439|Urbano|
58400|La Aurora|Colonia|Coeneo|Michoacán de Ocampo||58405|16|58405||09|016|6440|Urbano|
58400|La Calzada|Colonia|Coeneo|Michoacán de Ocampo||58405|16|58405||09|016|6441|Urbano|
58400|La Esperanza|Colonia|Coeneo|Michoacán de Ocampo||58405|16|58405||09|016|6442|Urbano|
58400|Las Flores|Colonia|Coeneo|Michoacán de Ocampo||58405|16|58405||09|016|6443|Urbano|
58400|Libertad (Epitacio Huerta)|Colonia|Coeneo|Michoacán de Ocampo||58405|16|58405||09|016|6444|Urbano|
58400|Reyes|Colonia|Coeneo|Michoacán de Ocampo||58405|16|58405||09|016|6445|Urbano|
58400|Santa Eduwiges|Colonia|Coeneo|Michoacán de Ocampo||58405|16|58405||09|016|6446|Urbano|
58400|Santa Lucía|Colonia|Coeneo|Michoacán de Ocampo||58405|16|58405||09|016|6447|Urbano|
58403|El Cobrero|Ranchería|Coeneo|Michoacán de Ocampo||58405|16|58405||29|016|0501|Rural|
58403|San Pedro Zipiajo|Pueblo|Coeneo|Michoacán de Ocampo||58405|16|58405||28|016|0502|Rural|
58403|La Palma|Rancho|Coeneo|Michoacán de Ocampo||58405|16|58405||48|016|6430|Rural|
58403|Matorio|Rancho|Coeneo|Michoacán de Ocampo||58405|16|58405||48|016|6433|Rural|
58404|El Rodeo|Ranchería|Coeneo|Michoacán de Ocampo||58405|16|58405||29|016|0491|Rural|
58404|La Cofradía (El Capulín)|Ranchería|Coeneo|Michoacán de Ocampo||58405|16|58405||29|016|0493|Rural|
58404|Laredo|Ranchería|Coeneo|Michoacán de Ocampo||58405|16|58405||29|016|0494|Rural|
58404|Primo Tapia (El Chirimoyo)|Ranchería|Coeneo|Michoacán de Ocampo||58405|16|58405||29|016|0495|Rural|
58404|Quencio|Ranchería|Coeneo|Michoacán de Ocampo||58405|16|58405||29|016|0496|Rural|
58404|Agua Caliente|Ranchería|Coeneo|Michoacán de Ocampo||58405|16|58405||29|016|0498|Rural|
58404|Bellas Fuentes|Ranchería|Coeneo|Michoacán de Ocampo||58405|16|58405||29|016|0499|Rural|
58404|San Pedro Tacaro|Ranchería|Coeneo|Michoacán de Ocampo||58405|16|58405||29|016|0504|Rural|
58404|La Cieneguita|Ranchería|Coeneo|Michoacán de Ocampo||58405|16|58405||29|016|6428|Rural|
58406|San Isidro|Ranchería|Coeneo|Michoacán de Ocampo||58405|16|58405||29|016|0497|Rural|
58406|El Durazno (San José del Durazno)|Ranchería|Coeneo|Michoacán de Ocampo||58405|16|58405||29|016|6426|Rural|
58406|La Higuera|Rancho|Coeneo|Michoacán de Ocampo||58405|16|58405||48|016|6429|Rural|
58406|Ojo de Agüita|Ranchería|Coeneo|Michoacán de Ocampo||58405|16|58405||29|016|6434|Rural|
58407|Chahueto|Ranchería|Coeneo|Michoacán de Ocampo||58361|16|58361||29|016|0490|Rural|
58407|La Cañada|Ranchería|Coeneo|Michoacán de Ocampo||58361|16|58361||29|016|0492|Rural|
58407|El Puente del Mirador|Ranchería|Coeneo|Michoacán de Ocampo||58361|16|58361||29|016|0503|Rural|
58407|Tacupo|Ranchería|Coeneo|Michoacán de Ocampo||58361|16|58361||29|016|0505|Rural|
58410|Félix Ireta|Colonia|Coeneo|Michoacán de Ocampo||58405|16|58405||09|016|0500|Rural|
58410|Cortijo Nuevo|Ranchería|Coeneo|Michoacán de Ocampo||58405|16|58405||29|016|0507|Rural|
58410|Cortijo Viejo|Ranchería|Coeneo|Michoacán de Ocampo||58405|16|58405||29|016|0508|Rural|
58410|Emiliano Zapata|Colonia|Coeneo|Michoacán de Ocampo||58405|16|58405||09|016|0509|Rural|
58410|Agua Blanca|Rancho|Coeneo|Michoacán de Ocampo||58405|16|58405||48|016|6424|Rural|
58410|Los Jacales|Rancho|Coeneo|Michoacán de Ocampo||58405|16|58405||48|016|6432|Rural|
58412|El Transval|Ranchería|Coeneo|Michoacán de Ocampo||58405|16|58405||29|016|0510|Rural|
58412|Pretoria|Ranchería|Coeneo|Michoacán de Ocampo||58405|16|58405||29|016|0511|Rural|
58412|Tunguitiro|Ranchería|Coeneo|Michoacán de Ocampo||58405|16|58405||29|016|0513|Rural|
58413|Colonia Benito Juárez (Los Charcos)|Pueblo|Coeneo|Michoacán de Ocampo||58405|16|58405||28|016|0514|Rural|
58413|Cotiro|Ranchería|Coeneo|Michoacán de Ocampo||58405|16|58405||29|016|0515|Rural|
58413|Matugeo (San Marcos)|Ranchería|Coeneo|Michoacán de Ocampo||58405|16|58405||29|016|0517|Rural|
58414|Comanja|Pueblo|Coeneo|Michoacán de Ocampo||58405|16|58405||28|016|0516|Rural|
58414|Caratacua|Ranchería|Coeneo|Michoacán de Ocampo||58405|16|58405||29|016|6425|Rural|
58414|Las Mesas|Ranchería|Coeneo|Michoacán de Ocampo||58405|16|58405||29|016|6431|Rural|
58415|Santiago Azajo|Pueblo|Coeneo|Michoacán de Ocampo||58405|16|58405||28|016|0518|Rural|
58416|La Constitución|Ranchería|Coeneo|Michoacán de Ocampo||58405|16|58405||29|016|0520|Rural|
58420|Altamira o Buenavista|Fraccionamiento|Quiroga|Michoacán de Ocampo||58421|16|58421||21|073|0001|Urbano|
58420|Cerro Azul|Fraccionamiento|Quiroga|Michoacán de Ocampo||58421|16|58421||21|073|0002|Urbano|
58420|Cucupao|Colonia|Quiroga|Michoacán de Ocampo||58421|16|58421||09|073|0003|Urbano|
58420|De la Cruz|Colonia|Quiroga|Michoacán de Ocampo||58421|16|58421||09|073|0004|Urbano|
58420|El Jazmín|Colonia|Quiroga|Michoacán de Ocampo||58421|16|58421||09|073|0005|Urbano|
58420|El Tzirate|Fraccionamiento|Quiroga|Michoacán de Ocampo||58421|16|58421||21|073|0006|Urbano|
58420|Hacienda de Quiroga|Fraccionamiento|Quiroga|Michoacán de Ocampo||58421|16|58421||21|073|0007|Urbano|
58420|La Joyita|Colonia|Quiroga|Michoacán de Ocampo||58421|16|58421||09|073|0008|Urbano|
58420|La Morera|Colonia|Quiroga|Michoacán de Ocampo||58421|16|58421||09|073|0009|Urbano|
58420|La Pacanda|Colonia|Quiroga|Michoacán de Ocampo||58421|16|58421||09|073|0010|Urbano|
58420|El Pino|Fraccionamiento|Quiroga|Michoacán de Ocampo||58421|16|58421||21|073|0011|Urbano|
58420|La Muñeca|Colonia|Quiroga|Michoacán de Ocampo||58421|16|58421||09|073|0012|Urbano|
58420|Niños Héroes|Colonia|Quiroga|Michoacán de Ocampo||58421|16|58421||09|073|0013|Urbano|
58420|Prados Verdes|Fraccionamiento|Quiroga|Michoacán de Ocampo||58421|16|58421||21|073|0014|Urbano|
58420|Tirimicuita|Colonia|Quiroga|Michoacán de Ocampo||58421|16|58421||09|073|0015|Urbano|
58420|Vista al Lago|Fraccionamiento|Quiroga|Michoacán de Ocampo||58421|16|58421||21|073|0016|Urbano|
58420|El Samano|Colonia|Quiroga|Michoacán de Ocampo||58421|16|58421||09|073|0022|Urbano|
58420|Quiroga Centro|Colonia|Quiroga|Michoacán de Ocampo||58421|16|58421||09|073|0521|Urbano|
58420|La Cañada|Colonia|Quiroga|Michoacán de Ocampo||58421|16|58421||09|073|4817|Urbano|
58423|Tzirandangatzio|Rancho|Quiroga|Michoacán de Ocampo||58421|16|58421||48|073|0021|Rural|
58423|Atzimbo|Pueblo|Quiroga|Michoacán de Ocampo||58421|16|58421||28|073|0524|Rural|
58424|Caríngaro|Ranchería|Quiroga|Michoacán de Ocampo||58421|16|58421||29|073|0017|Rural|
58425|Icuacato|Ranchería|Quiroga|Michoacán de Ocampo||58421|16|58421||29|073|0525|Rural|
58426|Sanambo|Ranchería|Quiroga|Michoacán de Ocampo||58421|16|58421||29|073|0522|Rural|
58430|San Andrés Ziróndaro|Pueblo|Quiroga|Michoacán de Ocampo||58421|16|58421||28|073|0526|Urbano|
58433|Santa Fe de la Laguna|Pueblo|Quiroga|Michoacán de Ocampo||58421|16|58421||28|073|0528|Urbano|
58435|San Jerónimo Purenchécuaro|Pueblo|Quiroga|Michoacán de Ocampo||58421|16|58421||28|073|0527|Rural|
58436|Chupícuaro|Rancho|Quiroga|Michoacán de Ocampo||58421|16|58421||48|073|0018|Rural|
58436|El Cárcamo|Colonia|Quiroga|Michoacán de Ocampo||58421|16|58421||09|073|0019|Rural|
58436|Kutzaro|Rancho|Quiroga|Michoacán de Ocampo||58421|16|58421||48|073|0020|Rural|
58440|Tzintzuntzan|Pueblo|Tzintzuntzan|Michoacán de Ocampo||58421|16|58421||28|100|0530|Urbano|
58440|Yaguaro|Colonia|Tzintzuntzan|Michoacán de Ocampo||58421|16|58421||09|100|6718|Urbano|
58440|El Pueblito|Colonia|Tzintzuntzan|Michoacán de Ocampo||58421|16|58421||09|100|6719|Urbano|
58440|El Rincón|Colonia|Tzintzuntzan|Michoacán de Ocampo||58421|16|58421||09|100|6720|Urbano|
58442|Ihuatzio|Pueblo|Tzintzuntzan|Michoacán de Ocampo||58421|16|58421||28|100|0531|Urbano|
58443|El Jagüey|Ranchería|Tzintzuntzan|Michoacán de Ocampo||58421|16|58421||29|100|0532|Rural|
58443|Las Cuevas|Ranchería|Tzintzuntzan|Michoacán de Ocampo||58421|16|58421||29|100|6733|Rural|
58443|Los Corrales|Ranchería|Tzintzuntzan|Michoacán de Ocampo||58421|16|58421||29|100|6734|Rural|
58443|Nuevo Rodeo|Ranchería|Tzintzuntzan|Michoacán de Ocampo||58421|16|58421||29|100|6736|Rural|
58443|San Isidro (Tziparamuco)|Ranchería|Tzintzuntzan|Michoacán de Ocampo||58421|16|58421||29|100|6738|Rural|
58443|San Rafael|Ranchería|Tzintzuntzan|Michoacán de Ocampo||58421|16|58421||29|100|6739|Rural|
58443|Santa Cruz|Ranchería|Tzintzuntzan|Michoacán de Ocampo||58421|16|58421||29|100|6741|Rural|
58444|Fontezuelas|Pueblo|Tzintzuntzan|Michoacán de Ocampo||58421|16|58421||28|100|0001|Rural|
58444|Coenembo|Ranchería|Tzintzuntzan|Michoacán de Ocampo||58421|16|58421||29|100|0529|Rural|
58444|El Pozo|Ranchería|Tzintzuntzan|Michoacán de Ocampo||58421|16|58421||29|100|6724|Rural|
58444|El Tigre|Ranchería|Tzintzuntzan|Michoacán de Ocampo||58421|16|58421||29|100|6726|Rural|
58444|La Noria|Ranchería|Tzintzuntzan|Michoacán de Ocampo||58421|16|58421||29|100|6730|Rural|
58445|Patambicho|Ranchería|Tzintzuntzan|Michoacán de Ocampo||58421|16|58421||29|100|2917|Rural|
58445|Las Camelinas|Ranchería|Tzintzuntzan|Michoacán de Ocampo||58421|16|58421||29|100|6732|Rural|
58445|Los Granjenos (El Puerto de los Granjenos)|Ranchería|Tzintzuntzan|Michoacán de Ocampo||58421|16|58421||29|100|6735|Rural|
58445|Puerta de Coenembo|Ranchería|Tzintzuntzan|Michoacán de Ocampo||58421|16|58421||29|100|6737|Rural|
58445|Tzocurio|Ranchería|Tzintzuntzan|Michoacán de Ocampo||58421|16|58421||29|100|6746|Rural|
58446|Colonia Lázaro Cárdenas|Ranchería|Tzintzuntzan|Michoacán de Ocampo||58421|16|58421||29|100|6721|Rural|
58446|Colonia San Juan|Ranchería|Tzintzuntzan|Michoacán de Ocampo||58421|16|58421||29|100|6722|Rural|
58446|Sanabria|Ranchería|Tzintzuntzan|Michoacán de Ocampo||58421|16|58421||29|100|6740|Rural|
58446|Tzintzuntzita|Ranchería|Tzintzuntzan|Michoacán de Ocampo||58421|16|58421||29|100|6744|Rural|
58446|Tziranga (Tzizanga)|Ranchería|Tzintzuntzan|Michoacán de Ocampo||58421|16|58421||29|100|6745|Rural|
58447|Cucuchucho (San Pedro)|Pueblo|Tzintzuntzan|Michoacán de Ocampo||58421|16|58421||28|100|3995|Rural|
58447|El Tecolote|Ranchería|Tzintzuntzan|Michoacán de Ocampo||58421|16|58421||29|100|6725|Rural|
58447|Santiago Tzipijo|Ranchería|Tzintzuntzan|Michoacán de Ocampo||58421|16|58421||29|100|6742|Rural|
58448|Ichupio|Ranchería|Tzintzuntzan|Michoacán de Ocampo||58421|16|58421||29|100|6727|Rural|
58448|Isla de Pacanda (Isla Pacanda)|Ranchería|Tzintzuntzan|Michoacán de Ocampo||58421|16|58421||29|100|6728|Rural|
58448|Tarerío|Ranchería|Tzintzuntzan|Michoacán de Ocampo||58421|16|58421||29|100|6743|Rural|
58448|Ucasanastacua (El Espíritu)|Ranchería|Tzintzuntzan|Michoacán de Ocampo||58421|16|58421||29|100|6747|Rural|
58450|Lagunillas|Pueblo|Lagunillas|Michoacán de Ocampo||61601|16|61601||28|048|0536|Urbano|
58450|San Antonio|Barrio|Lagunillas|Michoacán de Ocampo||61601|16|61601||02|048|6246|Urbano|
58453|Fontezuelas|Pueblo|Lagunillas|Michoacán de Ocampo||61601|16|61601||28|048|0534|Rural|
58454|La Caja|Ranchería|Lagunillas|Michoacán de Ocampo||61601|16|61601||29|048|0533|Rural|
58454|Las Pilas|Ranchería|Lagunillas|Michoacán de Ocampo||61601|16|61601||29|048|0537|Rural|
58454|El Romeral|Ranchería|Lagunillas|Michoacán de Ocampo||61601|16|61601||29|048|6250|Rural|
58455|Huatzangio|Pueblo|Lagunillas|Michoacán de Ocampo||61601|16|61601||28|048|0535|Rural|
58455|El Rincón|Rancho|Lagunillas|Michoacán de Ocampo||61601|16|61601||48|048|6247|Rural|
58455|El Romeral (El Jicote)|Ranchería|Lagunillas|Michoacán de Ocampo||61601|16|61601||29|048|6248|Rural|
58456|Yerbabuena Vieja|Ranchería|Lagunillas|Michoacán de Ocampo||61601|16|61601||29|048|0001|Rural|
58456|Ojo de Agua de Pastores|Ranchería|Lagunillas|Michoacán de Ocampo||61601|16|61601||29|048|0538|Rural|
58456|Pastores|Ranchería|Lagunillas|Michoacán de Ocampo||61601|16|61601||29|048|6249|Rural|
58460|La Florida|Colonia|Acuitzio|Michoacán de Ocampo||58461|16|58461||09|001|0002|Urbano|
58460|Bella Vista|Colonia|Acuitzio|Michoacán de Ocampo||58461|16|58461||09|001|0003|Urbano|
58460|Acuitzio del Canje|Colonia|Acuitzio|Michoacán de Ocampo||58461|16|58461||09|001|0539|Urbano|
58460|Vicente Riva Palacio|Colonia|Acuitzio|Michoacán de Ocampo||58461|16|58461||09|001|0548|Urbano|
58460|Francisco Villa|Colonia|Acuitzio|Michoacán de Ocampo||58461|16|58461||09|001|5570|Urbano|
58460|Las Peñas|Colonia|Acuitzio|Michoacán de Ocampo||58461|16|58461||09|001|5571|Urbano|
58460|Magisterio|Colonia|Acuitzio|Michoacán de Ocampo||58461|16|58461||09|001|5572|Urbano|
58460|Ricardo Flores Magón|Colonia|Acuitzio|Michoacán de Ocampo||58461|16|58461||09|001|5573|Urbano|
58460|Vista Bella|Fraccionamiento|Acuitzio|Michoacán de Ocampo||58461|16|58461||21|001|5574|Urbano|
58463|Huajumbo|Ranchería|Acuitzio|Michoacán de Ocampo||58461|16|58461||29|001|0540|Rural|
58463|Corralo (Tirindiriz)|Ranchería|Acuitzio|Michoacán de Ocampo||58461|16|58461||29|001|5579|Rural|
58463|El Auxilio (Los Tanques)|Ranchería|Acuitzio|Michoacán de Ocampo||58461|16|58461||29|001|5581|Rural|
58463|El Paredón|Ranchería|Acuitzio|Michoacán de Ocampo||58461|16|58461||29|001|5585|Rural|
58463|La Huizata|Ranchería|Acuitzio|Michoacán de Ocampo||58461|16|58461||29|001|5589|Rural|
58463|Las Juntas|Ranchería|Acuitzio|Michoacán de Ocampo||58461|16|58461||29|001|5595|Rural|
58463|Loma del Pastor|Ranchería|Acuitzio|Michoacán de Ocampo||58461|16|58461||29|001|5596|Rural|
58463|Tepatzicuaro|Ranchería|Acuitzio|Michoacán de Ocampo||58461|16|58461||29|001|5601|Rural|
58463|Rosa de Castilla|Ranchería|Acuitzio|Michoacán de Ocampo||58461|16|58461||29|001|5602|Rural|
58464|Las Trojes (Las Trojas)|Rancho|Acuitzio|Michoacán de Ocampo||58461|16|58461||48|001|0001|Rural|
58464|El Varal|Ranchería|Acuitzio|Michoacán de Ocampo||58461|16|58461||29|001|0542|Rural|
58464|Agua Grande|Ranchería|Acuitzio|Michoacán de Ocampo||58461|16|58461||29|001|5575|Rural|
58464|Agua Puerca|Ranchería|Acuitzio|Michoacán de Ocampo||58461|16|58461||29|001|5576|Rural|
58464|El Ciprés|Ranchería|Acuitzio|Michoacán de Ocampo||58461|16|58461||29|001|5582|Rural|
58464|El Tzintzún|Ranchería|Acuitzio|Michoacán de Ocampo||58461|16|58461||29|001|5587|Rural|
58464|La Peñita|Ranchería|Acuitzio|Michoacán de Ocampo||58461|16|58461||29|001|5591|Rural|
58464|La Vinata|Ranchería|Acuitzio|Michoacán de Ocampo||58461|16|58461||29|001|5593|Rural|
58464|Páramo|Ranchería|Acuitzio|Michoacán de Ocampo||58461|16|58461||29|001|5599|Rural|
58465|Cútzaro (Cúzaro)|Ranchería|Acuitzio|Michoacán de Ocampo||58461|16|58461||29|001|0543|Rural|
58465|Ziparapio el Alto (Ziparapio)|Ranchería|Acuitzio|Michoacán de Ocampo||58461|16|58461||29|001|0544|Rural|
58465|Arroyo Hondo|Ranchería|Acuitzio|Michoacán de Ocampo||58461|16|58461||29|001|5578|Rural|
58465|Cruz Gorda|Ranchería|Acuitzio|Michoacán de Ocampo||58461|16|58461||29|001|5580|Rural|
58465|La Paloma (Ziparapio el Alto)|Ranchería|Acuitzio|Michoacán de Ocampo||58461|16|58461||29|001|5590|Rural|
58466|San Andrés Coapa|Pueblo|Acuitzio|Michoacán de Ocampo||58461|16|58461||28|001|0546|Rural|
58466|La Campana|Ranchería|Acuitzio|Michoacán de Ocampo||58461|16|58461||29|001|5588|Rural|
58466|Los Aguacates|Ranchería|Acuitzio|Michoacán de Ocampo||58461|16|58461||29|001|5597|Rural|
58466|Tamanguío|Ranchería|Acuitzio|Michoacán de Ocampo||58461|16|58461||29|001|5603|Rural|
58467|La Laja|Ranchería|Acuitzio|Michoacán de Ocampo||58461|16|58461||29|001|0547|Rural|
58467|El Melón|Ranchería|Acuitzio|Michoacán de Ocampo||58461|16|58461||29|001|5583|Rural|
58467|El Moral|Ranchería|Acuitzio|Michoacán de Ocampo||58461|16|58461||29|001|5584|Rural|
58467|El Terrero|Ranchería|Acuitzio|Michoacán de Ocampo||58461|16|58461||29|001|5586|Rural|
58467|Las Canoas|Ranchería|Acuitzio|Michoacán de Ocampo||58461|16|58461||29|001|5594|Rural|
58467|Paso del Muerto|Ranchería|Acuitzio|Michoacán de Ocampo||58461|16|58461||29|001|5598|Rural|
58467|Tirípano|Ranchería|Acuitzio|Michoacán de Ocampo||58461|16|58461||29|001|5604|Rural|
58468|La Angostura|Ranchería|Acuitzio|Michoacán de Ocampo||58461|16|58461||29|001|0549|Rural|
58468|La Palma|Ranchería|Acuitzio|Michoacán de Ocampo||58461|16|58461||29|001|0550|Rural|
58468|Aróstaro|Ranchería|Acuitzio|Michoacán de Ocampo||58461|16|58461||29|001|5577|Rural|
58468|La Tinaja|Ranchería|Acuitzio|Michoacán de Ocampo||58461|16|58461||29|001|5592|Rural|
58468|La Florida|Ranchería|Acuitzio|Michoacán de Ocampo||58461|16|58461||29|001|5600|Rural|
58480|Agraria|Colonia|Madero|Michoacán de Ocampo||58482|16|58482||09|049|0001|Urbano|
58480|Aserradero Viejo|Colonia|Madero|Michoacán de Ocampo||58482|16|58482||09|049|0002|Urbano|
58480|Bellavista|Colonia|Madero|Michoacán de Ocampo||58482|16|58482||09|049|0003|Urbano|
58480|Buenos Aires|Colonia|Madero|Michoacán de Ocampo||58482|16|58482||09|049|0004|Urbano|
58480|INFONAVIT|Colonia|Madero|Michoacán de Ocampo||58482|16|58482||09|049|0005|Urbano|
58480|Lázaro Cárdenas|Colonia|Madero|Michoacán de Ocampo||58482|16|58482||09|049|0006|Urbano|
58480|El Rastro|Colonia|Madero|Michoacán de Ocampo||58482|16|58482||09|049|0162|Urbano|
58480|Villa Madero Centro|Colonia|Madero|Michoacán de Ocampo||58482|16|58482||09|049|0551|Urbano|
58480|Los Pinos|Colonia|Madero|Michoacán de Ocampo||58482|16|58482||09|049|3849|Urbano|
58481|Etúcuaro|Pueblo|Madero|Michoacán de Ocampo||58482|16|58482||28|049|0552|Rural|
58483|El Perdido|Rancho|Madero|Michoacán de Ocampo||58482|16|58482||48|049|0051|Rural|
58483|El Terranate|Rancho|Madero|Michoacán de Ocampo||58482|16|58482||48|049|0062|Rural|
58483|El Tocuro|Rancho|Madero|Michoacán de Ocampo||58482|16|58482||48|049|0065|Rural|
58483|El Zangarro|Ranchería|Madero|Michoacán de Ocampo||58482|16|58482||29|049|0067|Rural|
58483|La Concepción|Rancho|Madero|Michoacán de Ocampo||58482|16|58482||48|049|0080|Rural|
58483|La Reserva|Rancho|Madero|Michoacán de Ocampo||58482|16|58482||48|049|0094|Rural|
58483|Loma del Sauz|Rancho|Madero|Michoacán de Ocampo||58482|16|58482||48|049|0105|Rural|
58483|Los Limoncitos|Rancho|Madero|Michoacán de Ocampo||58482|16|58482||48|049|0110|Rural|
58483|La Cumbre|Ranchería|Madero|Michoacán de Ocampo||58482|16|58482||29|049|0554|Rural|
58483|Platanalillo|Ranchería|Madero|Michoacán de Ocampo||58482|16|58482||29|049|0555|Rural|
58484|Agua Blanca|Rancho|Madero|Michoacán de Ocampo||58482|16|58482||48|049|0008|Rural|
58484|Cerro Blanco (Cabuayana)|Rancho|Madero|Michoacán de Ocampo||58482|16|58482||48|049|0014|Rural|
58484|Cerro Prieto|Rancho|Madero|Michoacán de Ocampo||58482|16|58482||48|049|0016|Rural|
58484|El Carrizal|Ranchería|Madero|Michoacán de Ocampo||58482|16|58482||29|049|0035|Rural|
58484|El Durazno|Rancho|Madero|Michoacán de Ocampo||58482|16|58482||48|049|0043|Rural|
58484|El Gatal|Rancho|Madero|Michoacán de Ocampo||58482|16|58482||48|049|0045|Rural|
58484|El Granadito|Rancho|Madero|Michoacán de Ocampo||58482|16|58482||48|049|0046|Rural|
58484|El Limón|Rancho|Madero|Michoacán de Ocampo||58482|16|58482||48|049|0047|Rural|
58484|El Salitre|Rancho|Madero|Michoacán de Ocampo||58482|16|58482||48|049|0058|Rural|
58484|Joya de Amoles|Rancho|Madero|Michoacán de Ocampo||58482|16|58482||48|049|0073|Rural|
58484|La Palma|Rancho|Madero|Michoacán de Ocampo||58482|16|58482||48|049|0091|Rural|
58484|La Soledad|Rancho|Madero|Michoacán de Ocampo||58482|16|58482||48|049|0096|Rural|
58484|Los Negrillos|Rancho|Madero|Michoacán de Ocampo||58482|16|58482||48|049|0111|Rural|
58484|Los Planes|Ranchería|Madero|Michoacán de Ocampo||58482|16|58482||29|049|0114|Rural|
58484|Los Planes|Rancho|Madero|Michoacán de Ocampo||58482|16|58482||48|049|0115|Rural|
58484|Los Terremotos|Rancho|Madero|Michoacán de Ocampo||58482|16|58482||48|049|0118|Rural|
58484|El Cajete|Rancho|Madero|Michoacán de Ocampo||58482|16|58482||48|049|0161|Rural|
58484|Cahuatzio (Caguatzio)|Ranchería|Madero|Michoacán de Ocampo||58482|16|58482||29|049|0556|Rural|
58485|Cuesta de las Vigas|Rancho|Madero|Michoacán de Ocampo||58482|16|58482||48|049|0022|Rural|
58485|El Bosque|Ranchería|Madero|Michoacán de Ocampo||58482|16|58482||29|049|0029|Rural|
58485|El Cargadero|Rancho|Madero|Michoacán de Ocampo||58482|16|58482||48|049|0034|Rural|
58485|La Caja|Rancho|Madero|Michoacán de Ocampo||58482|16|58482||48|049|0075|Rural|
58485|La Carpintería|Rancho|Madero|Michoacán de Ocampo||58482|16|58482||48|049|0076|Rural|
58485|Llano de las Vacas|Rancho|Madero|Michoacán de Ocampo||58482|16|58482||48|049|0103|Rural|
58485|Los Belenes|Rancho|Madero|Michoacán de Ocampo||58482|16|58482||48|049|0108|Rural|
58485|Punta de la Loma|Rancho|Madero|Michoacán de Ocampo||58482|16|58482||48|049|0134|Rural|
58485|Acatén|Ranchería|Madero|Michoacán de Ocampo||58482|16|58482||29|049|0557|Rural|
58486|El Caracol|Rancho|Madero|Michoacán de Ocampo||58482|16|58482||48|049|0033|Rural|
58486|El Zapote|Rancho|Madero|Michoacán de Ocampo||58482|16|58482||48|049|0068|Rural|
58486|Las Lomas|Rancho|Madero|Michoacán de Ocampo||58482|16|58482||48|049|0099|Rural|
58486|Los Aguacates|Rancho|Madero|Michoacán de Ocampo||58482|16|58482||48|049|0106|Rural|
58486|El Tizate|Rancho|Madero|Michoacán de Ocampo||58482|16|58482||48|049|0157|Rural|
58486|Moreno|Ranchería|Madero|Michoacán de Ocampo||58482|16|58482||29|049|0558|Rural|
58487|Cuacurio de los Yanes|Rancho|Madero|Michoacán de Ocampo||58482|16|58482||48|049|0021|Rural|
58487|El Cristal|Rancho|Madero|Michoacán de Ocampo||58482|16|58482||48|049|0040|Rural|
58487|La Chuparrosa|Rancho|Madero|Michoacán de Ocampo||58482|16|58482||48|049|0078|Rural|
58487|Loma de Cancho|Ranchería|Madero|Michoacán de Ocampo||58482|16|58482||29|049|0104|Rural|
58487|Palizada|Ranchería|Madero|Michoacán de Ocampo||58482|16|58482||29|049|0123|Rural|
58487|Puente Coraza (El Encino de las Chicas)|Ranchería|Madero|Michoacán de Ocampo||58482|16|58482||29|049|0130|Rural|
58487|Tererio|Rancho|Madero|Michoacán de Ocampo||58482|16|58482||48|049|0148|Rural|
58487|Tunácuaro|Rancho|Madero|Michoacán de Ocampo||58482|16|58482||48|049|0152|Rural|
58487|La Parrita|Rancho|Madero|Michoacán de Ocampo||58482|16|58482||48|049|0163|Rural|
58487|Laguna Seca|Ranchería|Madero|Michoacán de Ocampo||58482|16|58482||29|049|0559|Rural|
58487|Los Lobos|Ranchería|Madero|Michoacán de Ocampo||58482|16|58482||29|049|0560|Rural|
58488|Buenavista (El Pedregal)|Rancho|Madero|Michoacán de Ocampo||58482|16|58482||48|049|0012|Rural|
58488|Cieneguillas|Rancho|Madero|Michoacán de Ocampo||58482|16|58482||48|049|0017|Rural|
58488|El Castillo|Rancho|Madero|Michoacán de Ocampo||58482|16|58482||48|049|0036|Rural|
58488|El Derrumbadero|Rancho|Madero|Michoacán de Ocampo||58482|16|58482||48|049|0042|Rural|
58488|El Puertecito|Rancho|Madero|Michoacán de Ocampo||58482|16|58482||48|049|0054|Rural|
58488|La Ciénega|Rancho|Madero|Michoacán de Ocampo||58482|16|58482||48|049|0079|Rural|
58488|Plan de Habas|Rancho|Madero|Michoacán de Ocampo||58482|16|58482||48|049|0128|Rural|
58488|Rincón de la Eratzicua|Rancho|Madero|Michoacán de Ocampo||58482|16|58482||48|049|0138|Rural|
58488|Ziparapio el Bajo|Ranchería|Madero|Michoacán de Ocampo||58482|16|58482||29|049|0156|Rural|
58488|Acúmbaro|Rancho|Madero|Michoacán de Ocampo||58482|16|58482||48|049|0165|Rural|
58488|Porúas (La Tarjea)|Rancho|Madero|Michoacán de Ocampo||58482|16|58482||48|049|0561|Rural|
58488|San Pedro|Pueblo|Madero|Michoacán de Ocampo||58482|16|58482||28|049|0562|Rural|
58489|El Llanito|Rancho|Madero|Michoacán de Ocampo||58482|16|58482||48|049|0048|Rural|
58489|La Ceibita|Rancho|Madero|Michoacán de Ocampo||58482|16|58482||48|049|0077|Rural|
58489|San Miguel|Rancho|Madero|Michoacán de Ocampo||58482|16|58482||48|049|0143|Rural|
58489|Santas Marías|Ranchería|Madero|Michoacán de Ocampo||58482|16|58482||29|049|0563|Rural|
58489|San Pedro Piedras Gordas|Rancho|Madero|Michoacán de Ocampo||58482|16|58482||48|049|5536|Rural|
58490|El Tigre (Barranca el Tigre)|Rancho|Madero|Michoacán de Ocampo||58482|16|58482||48|049|0063|Rural|
58490|Tamborero|Rancho|Madero|Michoacán de Ocampo||58482|16|58482||48|049|0145|Rural|
58490|San Diego Curucupatzeo|Ranchería|Madero|Michoacán de Ocampo||58482|16|58482||29|049|0564|Rural|
58490|Turio|Ranchería|Madero|Michoacán de Ocampo||58482|16|58482||29|049|0565|Rural|
58491|La Estancia|Ranchería|Madero|Michoacán de Ocampo||58482|16|58482||29|049|0566|Rural|
58493|Arenal|Rancho|Madero|Michoacán de Ocampo||58482|16|58482||48|049|0010|Rural|
58493|Codallos|Rancho|Madero|Michoacán de Ocampo||58482|16|58482||48|049|0019|Rural|
58493|El Añil|Rancho|Madero|Michoacán de Ocampo||58482|16|58482||48|049|0027|Rural|
58493|El Capire (El Capiri)|Rancho|Madero|Michoacán de Ocampo||58482|16|58482||48|049|0032|Rural|
58493|El Chilar|Rancho|Madero|Michoacán de Ocampo||58482|16|58482||48|049|0038|Rural|
58493|El Turbante|Rancho|Madero|Michoacán de Ocampo||58482|16|58482||48|049|0066|Rural|
58493|Huajiniquil|Rancho|Madero|Michoacán de Ocampo||58482|16|58482||48|049|0071|Rural|
58493|La Joya Grande|Rancho|Madero|Michoacán de Ocampo||58482|16|58482||48|049|0085|Rural|
58493|La Morena|Rancho|Madero|Michoacán de Ocampo||58482|16|58482||48|049|0088|Rural|
58493|La Sierrita|Rancho|Madero|Michoacán de Ocampo||58482|16|58482||48|049|0095|Rural|
58493|Las Juntas|Rancho|Madero|Michoacán de Ocampo||58482|16|58482||48|049|0098|Rural|
58493|Renoval|Rancho|Madero|Michoacán de Ocampo||58482|16|58482||48|049|0137|Rural|
58493|Zapote|Rancho|Madero|Michoacán de Ocampo||58482|16|58482||48|049|0154|Rural|
58493|El Ahijadero|Ranchería|Madero|Michoacán de Ocampo||58482|16|58482||29|049|0567|Rural|
58494|Ceiba Mocha|Rancho|Madero|Michoacán de Ocampo||58482|16|58482||48|049|0013|Rural|
58494|El Chayote|Rancho|Madero|Michoacán de Ocampo||58482|16|58482||48|049|0037|Rural|
58494|Ispancillos|Rancho|Madero|Michoacán de Ocampo||58482|16|58482||48|049|0072|Rural|
58494|Los Ailes|Rancho|Madero|Michoacán de Ocampo||58482|16|58482||48|049|0107|Rural|
58494|Milpillitas|Rancho|Madero|Michoacán de Ocampo||58482|16|58482||48|049|0120|Rural|
58494|Naranjo|Rancho|Madero|Michoacán de Ocampo||58482|16|58482||48|049|0121|Rural|
58494|Poder de Dios|Rancho|Madero|Michoacán de Ocampo||58482|16|58482||48|049|0129|Rural|
58494|Rancho Grande|Rancho|Madero|Michoacán de Ocampo||58482|16|58482||48|049|0136|Rural|
58494|San Juan|Rancho|Madero|Michoacán de Ocampo||58482|16|58482||48|049|0142|Rural|
58494|Trincheras|Rancho|Madero|Michoacán de Ocampo||58482|16|58482||48|049|0150|Rural|
58494|Truchas|Rancho|Madero|Michoacán de Ocampo||58482|16|58482||48|049|0151|Rural|
58494|La Rueda|Rancho|Madero|Michoacán de Ocampo||58482|16|58482||48|049|0159|Rural|
58494|Milpillas|Ranchería|Madero|Michoacán de Ocampo||58482|16|58482||29|049|0568|Rural|
58495|Cieneguita|Rancho|Madero|Michoacán de Ocampo||58482|16|58482||48|049|0018|Rural|
58495|Cuindora|Rancho|Madero|Michoacán de Ocampo||58482|16|58482||48|049|0023|Rural|
58495|El Cajete|Rancho|Madero|Michoacán de Ocampo||58482|16|58482||48|049|0030|Rural|
58495|El Capire|Rancho|Madero|Michoacán de Ocampo||58482|16|58482||48|049|0031|Rural|
58495|El Eje|Rancho|Madero|Michoacán de Ocampo||58482|16|58482||48|049|0044|Rural|
58495|El Platanito|Rancho|Madero|Michoacán de Ocampo||58482|16|58482||48|049|0052|Rural|
58495|El Puente de San José (El Puente Uno)|Rancho|Madero|Michoacán de Ocampo||58482|16|58482||48|049|0053|Rural|
58495|El Real|Rancho|Madero|Michoacán de Ocampo||58482|16|58482||48|049|0056|Rural|
58495|El Reparo|Rancho|Madero|Michoacán de Ocampo||58482|16|58482||48|049|0057|Rural|
58495|Guajiniquil|Rancho|Madero|Michoacán de Ocampo||58482|16|58482||48|049|0070|Rural|
58495|La Limonera|Rancho|Madero|Michoacán de Ocampo||58482|16|58482||48|049|0086|Rural|
58495|Piedras Blancas|Rancho|Madero|Michoacán de Ocampo||58482|16|58482||48|049|0126|Rural|
58495|Pinzanitos|Rancho|Madero|Michoacán de Ocampo||58482|16|58482||48|049|0127|Rural|
58495|Ranchito|Ranchería|Madero|Michoacán de Ocampo||58482|16|58482||29|049|0135|Rural|
58495|Santa Catarina|Rancho|Madero|Michoacán de Ocampo||58482|16|58482||48|049|0144|Rural|
58495|Las Sidras de Turio|Ranchería|Madero|Michoacán de Ocampo||58482|16|58482||29|049|0569|Rural|
58496|Arroyo Verde|Rancho|Madero|Michoacán de Ocampo||58482|16|58482||48|049|0011|Rural|
58496|El Añil (Mesa el Añil)|Rancho|Madero|Michoacán de Ocampo||58482|16|58482||48|049|0028|Rural|
58496|El Cirián|Rancho|Madero|Michoacán de Ocampo||58482|16|58482||48|049|0039|Rural|
58496|El Cuirindal|Rancho|Madero|Michoacán de Ocampo||58482|16|58482||48|049|0041|Rural|
58496|El Naranjito|Rancho|Madero|Michoacán de Ocampo||58482|16|58482||48|049|0049|Rural|
58496|El Salto Grande|Rancho|Madero|Michoacán de Ocampo||58482|16|58482||48|049|0059|Rural|
58496|El Sauz|Rancho|Madero|Michoacán de Ocampo||58482|16|58482||48|049|0060|Rural|
58496|El Zapote Huerta (Zapote de la Peña)|Rancho|Madero|Michoacán de Ocampo||58482|16|58482||48|049|0069|Rural|
58496|La Pinzanera|Rancho|Madero|Michoacán de Ocampo||58482|16|58482||48|049|0093|Rural|
58496|Los Nogales|Rancho|Madero|Michoacán de Ocampo||58482|16|58482||48|049|0112|Rural|
58496|Peña Redonda|Rancho|Madero|Michoacán de Ocampo||58482|16|58482||48|049|0125|Rural|
58496|Saiba de los Gallos|Rancho|Madero|Michoacán de Ocampo||58482|16|58482||48|049|0139|Rural|
58496|Salto Chico|Rancho|Madero|Michoacán de Ocampo||58482|16|58482||48|049|0140|Rural|
58496|Tepeguajes (Tepehuajes)|Rancho|Madero|Michoacán de Ocampo||58482|16|58482||48|049|0147|Rural|
58496|Zapote Bandolo|Rancho|Madero|Michoacán de Ocampo||58482|16|58482||48|049|0155|Rural|
58496|La Bejuquera|Rancho|Madero|Michoacán de Ocampo||58482|16|58482||48|049|0160|Rural|
58496|Balcones|Ranchería|Madero|Michoacán de Ocampo||58482|16|58482||29|049|0570|Rural|
58497|Divisadero|Rancho|Madero|Michoacán de Ocampo||58482|16|58482||48|049|0025|Rural|
58497|El Águila|Rancho|Madero|Michoacán de Ocampo||58482|16|58482||48|049|0026|Rural|
58497|La Joya de los Nogales|Rancho|Madero|Michoacán de Ocampo||58482|16|58482||48|049|0084|Rural|
58497|La Loma de las Camelinas|Rancho|Madero|Michoacán de Ocampo||58482|16|58482||48|049|0087|Rural|
58497|La Muñeca|Rancho|Madero|Michoacán de Ocampo||58482|16|58482||48|049|0089|Rural|
58497|Maravillas|Rancho|Madero|Michoacán de Ocampo||58482|16|58482||48|049|0119|Rural|
58497|San José de las Cidras|Ranchería|Madero|Michoacán de Ocampo||58482|16|58482||29|049|0141|Rural|
58497|Tepame (Tepamis)|Rancho|Madero|Michoacán de Ocampo||58482|16|58482||48|049|0146|Rural|
58497|Cuacurio de los Gómez (El Puerto de Cuacurio)|Ranchería|Madero|Michoacán de Ocampo||58482|16|58482||29|049|0571|Rural|
58497|La Soledadita|Ranchería|Madero|Michoacán de Ocampo||58482|16|58482||29|049|0572|Rural|
58497|Parritas (El Aguacate)|Ranchería|Madero|Michoacán de Ocampo||58482|16|58482||29|049|3982|Rural|
58498|Agua Azul|Rancho|Madero|Michoacán de Ocampo||58482|16|58482||48|049|0007|Rural|
58498|Cerro Gallo (Puerto la Osamenta)|Rancho|Madero|Michoacán de Ocampo||58482|16|58482||48|049|0015|Rural|
58498|Derrumbadero|Rancho|Madero|Michoacán de Ocampo||58482|16|58482||48|049|0024|Rural|
58498|La Escondida|Rancho|Madero|Michoacán de Ocampo||58482|16|58482||48|049|0082|Rural|
58498|La Naranjada|Rancho|Madero|Michoacán de Ocampo||58482|16|58482||48|049|0090|Rural|
58498|Las Charandas (La Zarcita)|Rancho|Madero|Michoacán de Ocampo||58482|16|58482||48|049|0097|Rural|
58498|Las Tablas (Las Tablitas Potreros)|Rancho|Madero|Michoacán de Ocampo||58482|16|58482||48|049|0101|Rural|
58498|Puerto de los Papeles|Rancho|Madero|Michoacán de Ocampo||58482|16|58482||48|049|0132|Rural|
58498|Puerto del Zapote|Rancho|Madero|Michoacán de Ocampo||58482|16|58482||48|049|0133|Rural|
58498|Ucasiro|Ranchería|Madero|Michoacán de Ocampo||58482|16|58482||29|049|0153|Rural|
58498|El Tejocote|Rancho|Madero|Michoacán de Ocampo||58482|16|58482||48|049|0164|Rural|
58498|Piumo|Pueblo|Madero|Michoacán de Ocampo||58482|16|58482||28|049|0573|Rural|
58498|Sinda|Pueblo|Madero|Michoacán de Ocampo||58482|16|58482||28|049|0574|Rural|
58499|Coronillas|Rancho|Madero|Michoacán de Ocampo||58482|16|58482||48|049|0020|Rural|
58499|El Ranchito|Rancho|Madero|Michoacán de Ocampo||58482|16|58482||48|049|0055|Rural|
58499|El Tejocote|Rancho|Madero|Michoacán de Ocampo||58482|16|58482||48|049|0061|Rural|
58499|La Cuesta de los Lobos|Rancho|Madero|Michoacán de Ocampo||58482|16|58482||48|049|0081|Rural|
58499|La Peñita (Pito Real)|Rancho|Madero|Michoacán de Ocampo||58482|16|58482||48|049|0092|Rural|
58499|Las Pilitas|Rancho|Madero|Michoacán de Ocampo||58482|16|58482||48|049|0100|Rural|
58499|Las Trojas (Rincón de Trojes)|Rancho|Madero|Michoacán de Ocampo||58482|16|58482||48|049|0102|Rural|
58499|Los Fresnos|Rancho|Madero|Michoacán de Ocampo||58482|16|58482||48|049|0109|Rural|
58499|Los Ojos de Agua|Ranchería|Madero|Michoacán de Ocampo||58482|16|58482||29|049|0113|Rural|
58499|Los Planes|Rancho|Madero|Michoacán de Ocampo||58482|16|58482||48|049|0116|Rural|
58499|Los Planes de Etúcuaro|Rancho|Madero|Michoacán de Ocampo||58482|16|58482||48|049|0117|Rural|
58499|Nogales|Rancho|Madero|Michoacán de Ocampo||58482|16|58482||48|049|0122|Rural|
58499|Paso del Tigre|Rancho|Madero|Michoacán de Ocampo||58482|16|58482||48|049|0124|Rural|
58499|Puente Quemado|Rancho|Madero|Michoacán de Ocampo||58482|16|58482||48|049|0131|Rural|
58499|El Capulín|Ranchería|Madero|Michoacán de Ocampo||58482|16|58482||29|049|0575|Rural|
58499|El Duende|Rancho|Madero|Michoacán de Ocampo||58482|16|58482||48|049|5618|Rural|
58500|Centro|Colonia|Puruándiro|Michoacán de Ocampo|Puruándiro|58501|16|58501||09|071|0577|Urbano|17
58500|La Huerta|Fraccionamiento|Puruándiro|Michoacán de Ocampo|Puruándiro|58501|16|58501||21|071|3393|Urbano|17
58500|Eréndira|Fraccionamiento|Puruándiro|Michoacán de Ocampo|Puruándiro|58501|16|58501||21|071|3576|Urbano|17
58500|Tabachines|Fraccionamiento|Puruándiro|Michoacán de Ocampo|Puruándiro|58501|16|58501||21|071|3581|Urbano|17
58502|El Maestro|Colonia|Puruándiro|Michoacán de Ocampo|Puruándiro|58501|16|58501||09|071|3384|Urbano|17
58502|Jacarandas|Fraccionamiento|Puruándiro|Michoacán de Ocampo|Puruándiro|58501|16|58501||21|071|3390|Urbano|17
58502|La Loma|Colonia|Puruándiro|Michoacán de Ocampo|Puruándiro|58501|16|58501||09|071|3395|Urbano|17
58502|Tenerías|Colonia|Puruándiro|Michoacán de Ocampo|Puruándiro|58501|16|58501||09|071|3408|Urbano|17
58502|Del Ángel|Fraccionamiento|Puruándiro|Michoacán de Ocampo|Puruándiro|58501|16|58501||21|071|3577|Urbano|17
58502|INFONAVIT La Loma|Unidad habitacional|Puruándiro|Michoacán de Ocampo|Puruándiro|58501|16|58501||31|071|3578|Urbano|17
58502|Libertad|Fraccionamiento|Puruándiro|Michoacán de Ocampo|Puruándiro|58501|16|58501||21|071|3579|Urbano|17
58502|Nuevo Amanecer|Fraccionamiento|Puruándiro|Michoacán de Ocampo|Puruándiro|58501|16|58501||21|071|3580|Urbano|17
58502|El Marquezado|Fraccionamiento|Puruándiro|Michoacán de Ocampo|Puruándiro|58501|16|58501||21|071|3861|Urbano|17
58502|Loma Dorada|Colonia|Puruándiro|Michoacán de Ocampo|Puruándiro|58501|16|58501||09|071|4377|Urbano|17
58502|Los Presidentes|Colonia|Puruándiro|Michoacán de Ocampo|Puruándiro|58501|16|58501||09|071|4379|Urbano|17
58503|Adolfo López Mateos|Colonia|Puruándiro|Michoacán de Ocampo|Puruándiro|58501|16|58501||09|071|3379|Urbano|17
58503|El Salitre|Colonia|Puruándiro|Michoacán de Ocampo|Puruándiro|58501|16|58501||09|071|3385|Urbano|17
58503|Jeroche|Colonia|Puruándiro|Michoacán de Ocampo|Puruándiro|58501|16|58501||09|071|3391|Urbano|17
58503|Lomas del Agua Tibia|Fraccionamiento|Puruándiro|Michoacán de Ocampo|Puruándiro|58501|16|58501||21|071|3400|Urbano|17
58503|Purua|Fraccionamiento|Puruándiro|Michoacán de Ocampo|Puruándiro|58501|16|58501||21|071|3406|Urbano|17
58503|Vista Bella|Fraccionamiento|Puruándiro|Michoacán de Ocampo|Puruándiro|58501|16|58501||21|071|3411|Urbano|17
58503|Carano|Colonia|Puruándiro|Michoacán de Ocampo|Puruándiro|58501|16|58501||09|071|4372|Urbano|17
58503|El Ranchito|Colonia|Puruándiro|Michoacán de Ocampo|Puruándiro|58501|16|58501||09|071|4373|Urbano|17
58503|Lomas del Salitre|Colonia|Puruándiro|Michoacán de Ocampo|Puruándiro|58501|16|58501||09|071|4378|Urbano|17
58504|El Saucito|Colonia|Puruándiro|Michoacán de Ocampo|Puruándiro|58501|16|58501||09|071|3386|Urbano|17
58504|El Saucito FOVISSSTE|Unidad habitacional|Puruándiro|Michoacán de Ocampo|Puruándiro|58501|16|58501||31|071|3387|Urbano|17
58505|El Magisterio|Fraccionamiento|Puruándiro|Michoacán de Ocampo|Puruándiro|58501|16|58501||21|071|3383|Urbano|17
58505|Francisco Javier Mujica|Fraccionamiento|Puruándiro|Michoacán de Ocampo|Puruándiro|58501|16|58501||21|071|3389|Urbano|17
58505|La Yerbabuena|Colonia|Puruándiro|Michoacán de Ocampo|Puruándiro|58501|16|58501||09|071|3396|Urbano|17
58505|Las Américas|Fraccionamiento|Puruándiro|Michoacán de Ocampo|Puruándiro|58501|16|58501||21|071|3397|Urbano|17
58505|Tepeyac|Colonia|Puruándiro|Michoacán de Ocampo|Puruándiro|58501|16|58501||09|071|3409|Urbano|17
58505|Santuario de Guadalupe|Fraccionamiento|Puruándiro|Michoacán de Ocampo|Puruándiro|58501|16|58501||21|071|3860|Urbano|17
58505|Lomas del Tepeyac|Fraccionamiento|Puruándiro|Michoacán de Ocampo|Puruándiro|58501|16|58501||21|071|4840|Urbano|17
58505|San Juan|Colonia|Puruándiro|Michoacán de Ocampo|Puruándiro|58501|16|58501||09|071|4852|Urbano|17
58506|Isaac Arriaga|Colonia|Puruándiro|Michoacán de Ocampo|Puruándiro|58501|16|58501||09|071|3388|Urbano|17
58506|Lázaro Cárdenas|Colonia|Puruándiro|Michoacán de Ocampo|Puruándiro|58501|16|58501||09|071|3398|Urbano|17
58506|Lomas del Pedregal|Colonia|Puruándiro|Michoacán de Ocampo|Puruándiro|58501|16|58501||09|071|3401|Urbano|17
58506|Melchor Ocampo|Colonia|Puruándiro|Michoacán de Ocampo|Puruándiro|58501|16|58501||09|071|3404|Urbano|17
58506|Poblanas|Colonia|Puruándiro|Michoacán de Ocampo|Puruándiro|58501|16|58501||09|071|3405|Urbano|17
58506|La Arboleda|Colonia|Puruándiro|Michoacán de Ocampo|Puruándiro|58501|16|58501||09|071|4374|Urbano|17
58506|La Cuevita|Colonia|Puruándiro|Michoacán de Ocampo|Puruándiro|58501|16|58501||09|071|4375|Urbano|17
58507|Los Ángeles|Colonia|Puruándiro|Michoacán de Ocampo|Puruándiro|58501|16|58501||09|071|3402|Urbano|17
58507|San Antonio Carano|Colonia|Puruándiro|Michoacán de Ocampo|Puruándiro|58501|16|58501||09|071|3407|Urbano|17
58507|Unidad Magisterial Puruándiro|Colonia|Puruándiro|Michoacán de Ocampo|Puruándiro|58501|16|58501||09|071|3410|Urbano|17
58507|Candico|Colonia|Puruándiro|Michoacán de Ocampo|Puruándiro|58501|16|58501||09|071|4371|Urbano|17
58507|Las Flores|Colonia|Puruándiro|Michoacán de Ocampo|Puruándiro|58501|16|58501||09|071|4376|Urbano|17
58507|Ventura Puente|Colonia|Puruándiro|Michoacán de Ocampo|Puruándiro|58501|16|58501||09|071|4380|Urbano|17
58508|Benito Juárez|Colonia|Puruándiro|Michoacán de Ocampo|Puruándiro|58501|16|58501||09|071|3381|Urbano|17
58508|Constituyentes|Colonia|Puruándiro|Michoacán de Ocampo|Puruándiro|58501|16|58501||09|071|3382|Urbano|17
58508|La Galera|Colonia|Puruándiro|Michoacán de Ocampo|Puruándiro|58501|16|58501||09|071|3392|Urbano|17
58508|La Laguna|Colonia|Puruándiro|Michoacán de Ocampo|Puruándiro|58501|16|58501||09|071|3394|Urbano|17
58508|Lomas de La Laguna|Fraccionamiento|Puruándiro|Michoacán de Ocampo|Puruándiro|58501|16|58501||21|071|3399|Urbano|17
58508|Los Lemus|Colonia|Puruándiro|Michoacán de Ocampo|Puruándiro|58501|16|58501||09|071|3403|Urbano|17
58508|Valle de México|Fraccionamiento|Puruándiro|Michoacán de Ocampo|Puruándiro|58501|16|58501||21|071|3582|Urbano|17
58510|Isaac Arriaga (Santa Ana Mancera)|Pueblo|Puruándiro|Michoacán de Ocampo||58501|16|58501||28|071|0583|Rural|
58511|Manuel Villalongín|Pueblo|Puruándiro|Michoacán de Ocampo||58501|16|58501||28|071|0585|Rural|
58512|La Tepusa|Ranchería|Puruándiro|Michoacán de Ocampo||58501|16|58501||29|071|0002|Rural|
58512|Las Ranas|Ranchería|Puruándiro|Michoacán de Ocampo||58501|16|58501||29|071|0586|Rural|
58513|Janambo|Ranchería|Puruándiro|Michoacán de Ocampo||58501|16|58501||29|071|0587|Rural|
58514|San José del Reparo|Pueblo|Puruándiro|Michoacán de Ocampo||58501|16|58501||28|071|0588|Rural|
58515|El Armadillo|Ranchería|Puruándiro|Michoacán de Ocampo||58501|16|58501||29|071|0589|Rural|
58515|Huatajo|Ranchería|Puruándiro|Michoacán de Ocampo||58501|16|58501||29|071|0590|Rural|
58516|La Soledad de Santa Ana|Ranchería|Puruándiro|Michoacán de Ocampo||58501|16|58501||29|071|0576|Rural|
58516|San Pedro (San Pedro Carano)|Ranchería|Puruándiro|Michoacán de Ocampo||58501|16|58501||29|071|0579|Rural|
58516|La Excusa|Ranchería|Puruándiro|Michoacán de Ocampo||58501|16|58501||29|071|0591|Rural|
58516|El Rodeo de las Rosas|Ranchería|Puruándiro|Michoacán de Ocampo||58501|16|58501||29|071|4381|Rural|
58517|San Nicolás|Pueblo|Puruándiro|Michoacán de Ocampo||58501|16|58501||28|071|0592|Rural|
58517|San Isidro de la Cuesta|Ranchería|Puruándiro|Michoacán de Ocampo||58501|16|58501||29|071|4384|Rural|
58520|Batuecas|Ranchería|Puruándiro|Michoacán de Ocampo||58501|16|58501||29|071|0593|Rural|
58520|Chamacuero|Ranchería|Puruándiro|Michoacán de Ocampo||58501|16|58501||29|071|0594|Rural|
58520|El Pilar|Ranchería|Puruándiro|Michoacán de Ocampo||58501|16|58501||29|071|0595|Rural|
58520|La Barranca|Ranchería|Puruándiro|Michoacán de Ocampo||58501|16|58501||29|071|0596|Rural|
58520|La Quemada|Ranchería|Puruándiro|Michoacán de Ocampo||58501|16|58501||29|071|0597|Rural|
58520|Las Letras|Ranchería|Puruándiro|Michoacán de Ocampo||58501|16|58501||29|071|0598|Rural|
58520|Las Tortugas (Emiliano Zapata)|Ranchería|Puruándiro|Michoacán de Ocampo||58501|16|58501||29|071|0599|Rural|
58520|Los Reyes|Pueblo|Puruándiro|Michoacán de Ocampo||58501|16|58501||28|071|0600|Rural|
58520|Santa Clara|Pueblo|Puruándiro|Michoacán de Ocampo||58501|16|58501||28|071|0601|Rural|
58520|Piedras Anchas|Pueblo|Puruándiro|Michoacán de Ocampo||58501|16|58501||28|071|3988|Rural|
58520|San José Otunguitiro|Ranchería|Puruándiro|Michoacán de Ocampo||58501|16|58501||29|071|4385|Rural|
58520|Sanguijuelas|Ranchería|Puruándiro|Michoacán de Ocampo||58501|16|58501||29|071|4386|Rural|
58523|El Fresno de Guadalupe|Rancho|Puruándiro|Michoacán de Ocampo||58501|16|58501||48|071|0001|Rural|
58523|La Quemadita|Ranchería|Puruándiro|Michoacán de Ocampo||58501|16|58501||29|071|0602|Rural|
58524|El Rincón de Don Pedro|Pueblo|Puruándiro|Michoacán de Ocampo||58501|16|58501||28|071|0603|Rural|
58530|Villachuato|Pueblo|Puruándiro|Michoacán de Ocampo||58501|16|58501||28|071|0604|Urbano|
58531|Nuevo Progreso (Casas Viejas)|Ranchería|Puruándiro|Michoacán de Ocampo||58501|16|58501||29|071|0605|Rural|
58531|El Pueblito|Pueblo|Puruándiro|Michoacán de Ocampo||58501|16|58501||28|071|0606|Rural|
58531|San Lorenzo|Pueblo|Puruándiro|Michoacán de Ocampo||58501|16|58501||28|071|0609|Rural|
58531|San Miguel|Pueblo|Puruándiro|Michoacán de Ocampo||58501|16|58501||28|071|0610|Rural|
58531|Santa Teresa|Pueblo|Puruándiro|Michoacán de Ocampo||58501|16|58501||28|071|3987|Rural|
58531|Nuevo Urén|Ranchería|Puruándiro|Michoacán de Ocampo||58501|16|58501||29|071|4383|Rural|
58532|Galeana|Pueblo|Puruándiro|Michoacán de Ocampo||58501|16|58501||28|071|0580|Urbano|
58532|Sabino Buenavista|Ranchería|Puruándiro|Michoacán de Ocampo||58501|16|58501||29|071|0582|Rural|
58532|La Cofradía|Pueblo|Puruándiro|Michoacán de Ocampo||58501|16|58501||28|071|0608|Rural|
58532|El Granjenal|Ranchería|Puruándiro|Michoacán de Ocampo||58501|16|58501||29|071|0612|Rural|
58532|La Higuera|Ranchería|Puruándiro|Michoacán de Ocampo||58501|16|58501||29|071|4382|Rural|
58533|Janamuato|Pueblo|Puruándiro|Michoacán de Ocampo||58501|16|58501||28|071|0607|Rural|
58533|Ururuta|Ranchería|Puruándiro|Michoacán de Ocampo||58501|16|58501||29|071|0611|Rural|
58540|Pastor Ortiz|Pueblo|José Sixto Verduzco|Michoacán de Ocampo||58541|16|58541||28|113|0613|Urbano|
58540|Lázaro Cárdenas|Colonia|José Sixto Verduzco|Michoacán de Ocampo||58541|16|58541||09|113|6568|Urbano|
58540|Servando Chávez|Colonia|José Sixto Verduzco|Michoacán de Ocampo||58541|16|58541||09|113|6569|Urbano|
58540|Los Doctores|Colonia|José Sixto Verduzco|Michoacán de Ocampo||58541|16|58541||09|113|6570|Urbano|
58540|José J. Mújica|Colonia|José Sixto Verduzco|Michoacán de Ocampo||58541|16|58541||09|113|6571|Urbano|
58540|Los Vázquez|Colonia|José Sixto Verduzco|Michoacán de Ocampo||58541|16|58541||09|113|6572|Urbano|
58542|Tres Mezquites|Pueblo|José Sixto Verduzco|Michoacán de Ocampo||58541|16|58541||28|113|0616|Rural|
58542|Pastor Ortiz Uno|Pueblo|José Sixto Verduzco|Michoacán de Ocampo||58541|16|58541||28|113|6588|Rural|
58542|La Pasión de Cristo|Ranchería|José Sixto Verduzco|Michoacán de Ocampo||58541|16|58541||29|113|6590|Rural|
58543|Mezquite Gordo|Ranchería|José Sixto Verduzco|Michoacán de Ocampo||58541|16|58541||29|113|0617|Rural|
58543|San José Huipana|Pueblo|José Sixto Verduzco|Michoacán de Ocampo||58541|16|58541||28|113|0618|Urbano|
58544|Los Sauces|Fraccionamiento|José Sixto Verduzco|Michoacán de Ocampo||58541|16|58541||21|113|0001|Urbano|
58544|Unión Juárez (Agua Gorda)|Ranchería|José Sixto Verduzco|Michoacán de Ocampo||58541|16|58541||29|113|0619|Rural|
58544|San Martín|Pueblo|José Sixto Verduzco|Michoacán de Ocampo||58541|16|58541||28|113|0620|Urbano|
58544|Tafolla (José María Tafolla)|Ranchería|José Sixto Verduzco|Michoacán de Ocampo||58541|16|58541||29|113|0621|Rural|
58544|El Arco|Ranchería|José Sixto Verduzco|Michoacán de Ocampo||58541|16|58541||29|113|6578|Rural|
58544|Godino|Ranchería|José Sixto Verduzco|Michoacán de Ocampo||58541|16|58541||29|113|6581|Rural|
58544|La Estación de los Ángeles|Ranchería|José Sixto Verduzco|Michoacán de Ocampo||58541|16|58541||29|113|6583|Rural|
58544|Los Vázquez (Las Casitas)|Ranchería|José Sixto Verduzco|Michoacán de Ocampo||58541|16|58541||29|113|6587|Rural|
58544|Santa Rosa de Lima (El Armadillo)|Ranchería|José Sixto Verduzco|Michoacán de Ocampo||58541|16|58541||29|113|6589|Rural|
58545|Zapote de Parras|Ranchería|José Sixto Verduzco|Michoacán de Ocampo||58541|16|58541||29|113|0623|Rural|
58545|Gildardo Magaña|Ranchería|José Sixto Verduzco|Michoacán de Ocampo||58541|16|58541||29|113|6580|Rural|
58545|La Loma|Ranchería|José Sixto Verduzco|Michoacán de Ocampo||58541|16|58541||29|113|6584|Rural|
58546|Mancera|Ranchería|José Sixto Verduzco|Michoacán de Ocampo||58541|16|58541||29|113|0614|Rural|
58546|Héroes de Chapultepec (Rodeo de San Antonio)|Ranchería|José Sixto Verduzco|Michoacán de Ocampo||58541|16|58541||29|113|0615|Rural|
58546|San Isidro Tierras Blancas|Pueblo|José Sixto Verduzco|Michoacán de Ocampo||58541|16|58541||28|113|3977|Rural|
58546|Agua Caliente de San Sebastián|Ranchería|José Sixto Verduzco|Michoacán de Ocampo||58541|16|58541||29|113|6573|Rural|
58546|Casa Blanca|Ranchería|José Sixto Verduzco|Michoacán de Ocampo||58541|16|58541||29|113|6574|Rural|
58546|Colonia Balbuena|Ranchería|José Sixto Verduzco|Michoacán de Ocampo||58541|16|58541||29|113|6575|Rural|
58546|Colonia Melchor Ocampo|Ranchería|José Sixto Verduzco|Michoacán de Ocampo||58541|16|58541||29|113|6576|Rural|
58546|Colonia Morelos|Ranchería|José Sixto Verduzco|Michoacán de Ocampo||58541|16|58541||29|113|6577|Rural|
58546|El Potrero de Abajo|Ranchería|José Sixto Verduzco|Michoacán de Ocampo||58541|16|58541||29|113|6579|Rural|
58546|La Cajita de Chávez|Ranchería|José Sixto Verduzco|Michoacán de Ocampo||58541|16|58541||29|113|6582|Rural|
58546|La Milpa|Ranchería|José Sixto Verduzco|Michoacán de Ocampo||58541|16|58541||29|113|6585|Rural|
58547|Los Corrales|Ranchería|José Sixto Verduzco|Michoacán de Ocampo||58541|16|58541||29|113|0584|Rural|
58547|La Calera (Nacimientos)|Ranchería|José Sixto Verduzco|Michoacán de Ocampo||58541|16|58541||29|113|0625|Rural|
58547|Lázaro Cárdenas (Busburu)|Ranchería|José Sixto Verduzco|Michoacán de Ocampo||58541|16|58541||29|113|6586|Rural|
58550|Angamacutiro de la Unión|Pueblo|Angamacutiro|Michoacán de Ocampo||58553|16|58553||28|004|0626|Urbano|
58550|FOVISSSTE Loma Dorada|Unidad habitacional|Angamacutiro|Michoacán de Ocampo||58553|16|58553||31|004|6376|Urbano|
58550|Lázaro Cárdenas|Colonia|Angamacutiro|Michoacán de Ocampo||58553|16|58553||09|004|6377|Urbano|
58550|Loma Bonita|Colonia|Angamacutiro|Michoacán de Ocampo||58553|16|58553||09|004|6378|Urbano|
58550|Luis Echeverría|Colonia|Angamacutiro|Michoacán de Ocampo||58553|16|58553||09|004|6379|Urbano|
58550|Morelos|Colonia|Angamacutiro|Michoacán de Ocampo||58553|16|58553||09|004|6380|Urbano|
58550|Nuevo Rosario|Colonia|Angamacutiro|Michoacán de Ocampo||58553|16|58553||09|004|6381|Urbano|
58552|Aranjuez|Ranchería|Angamacutiro|Michoacán de Ocampo||58553|16|58553||29|004|0632|Rural|
58552|El Rosario|Ranchería|Angamacutiro|Michoacán de Ocampo||58553|16|58553||29|004|0635|Rural|
58552|San Ignacio de Loyola|Ranchería|Angamacutiro|Michoacán de Ocampo||58553|16|58553||29|004|6390|Rural|
58557|Los Ferrocarrileros|Rancho|Angamacutiro|Michoacán de Ocampo||58553|16|58553||48|004|0001|Rural|
58557|El Maluco|Ranchería|Angamacutiro|Michoacán de Ocampo||58553|16|58553||29|004|0627|Rural|
58557|Miravalle|Pueblo|Angamacutiro|Michoacán de Ocampo||58553|16|58553||28|004|0628|Rural|
58557|Nuevo Paraíso|Ranchería|Angamacutiro|Michoacán de Ocampo||58553|16|58553||29|004|0633|Rural|
58557|San José del Maluco|Colonia|Angamacutiro|Michoacán de Ocampo||58553|16|58553||09|004|0637|Urbano|
58557|Rancho de la Cueva|Ranchería|Angamacutiro|Michoacán de Ocampo||58553|16|58553||29|004|6388|Rural|
58558|Santiago Conguripo|Pueblo|Angamacutiro|Michoacán de Ocampo||58553|16|58553||28|004|0631|Rural|
58558|Héroes de la Revolución|Pueblo|Angamacutiro|Michoacán de Ocampo||58553|16|58553||28|004|0638|Rural|
58559|Aramutaro de la Cal (Aramaturo de la Cal)|Ranchería|Angamacutiro|Michoacán de Ocampo||58553|16|58553||29|004|0639|Rural|
58559|El Troje|Ranchería|Angamacutiro|Michoacán de Ocampo||58553|16|58553||29|004|0640|Rural|
58559|Guadalupe Norte (La Haciendita)|Ranchería|Angamacutiro|Michoacán de Ocampo||58553|16|58553||29|004|6382|Rural|
58559|Guayabo Buenavista|Ranchería|Angamacutiro|Michoacán de Ocampo||58553|16|58553||29|004|6384|Rural|
58559|San Pedro|Rancho|Angamacutiro|Michoacán de Ocampo||58553|16|58553||48|004|6391|Rural|
58560|La Palma|Ranchería|Angamacutiro|Michoacán de Ocampo||58553|16|58553||29|004|0642|Rural|
58563|La Estancia del Río|Ranchería|Angamacutiro|Michoacán de Ocampo||58553|16|58553||29|004|0643|Rural|
58563|La Zapotera de Tunilla|Rancho|Angamacutiro|Michoacán de Ocampo||58553|16|58553||48|004|6386|Rural|
58564|El Sabino (La Taza)|Pueblo|Angamacutiro|Michoacán de Ocampo||58553|16|58553||28|004|0641|Rural|
58564|Agua Caliente (Ojo de Agua)|Ranchería|Angamacutiro|Michoacán de Ocampo||58553|16|58553||29|004|0644|Rural|
58564|La Presa|Rancho|Angamacutiro|Michoacán de Ocampo||58553|16|58553||48|004|6385|Rural|
58564|Laguna de Cortés|Rancho|Angamacutiro|Michoacán de Ocampo||58553|16|58553||48|004|6387|Rural|
58566|San Diego Buenavista|Pueblo|Angamacutiro|Michoacán de Ocampo||58553|16|58553||28|004|0629|Rural|
58566|Guadalupe Sur|Ranchería|Angamacutiro|Michoacán de Ocampo||58553|16|58553||29|004|6383|Rural|
58567|Curicipo|Pueblo|Angamacutiro|Michoacán de Ocampo||58553|16|58553||28|004|6284|Rural|
58570|Lázaro Cárdenas|Colonia|Panindícuaro|Michoacán de Ocampo||58572|16|58572||09|063|0001|Urbano|
58570|La Penca|Colonia|Panindícuaro|Michoacán de Ocampo||58572|16|58572||09|063|0002|Urbano|
58570|Panindicuaro|Pueblo|Panindícuaro|Michoacán de Ocampo||58572|16|58572||28|063|0645|Urbano|
58574|La Piedad Chiquita|Ranchería|Panindícuaro|Michoacán de Ocampo||58572|16|58572||29|063|0007|Rural|
58574|El Fresno de La Reforma|Pueblo|Panindícuaro|Michoacán de Ocampo||58572|16|58572||28|063|0647|Rural|
58578|Pomácuaro|Ranchería|Panindícuaro|Michoacán de Ocampo||58572|16|58572||29|063|0649|Rural|
58579|Estación de Curimeo (El Cerrito)|Ranchería|Panindícuaro|Michoacán de Ocampo||58572|16|58572||29|063|0004|Rural|
58579|J. Trinidad Regalado|Pueblo|Panindícuaro|Michoacán de Ocampo||58572|16|58572||28|063|0646|Rural|
58579|Los Alvarados|Ranchería|Panindícuaro|Michoacán de Ocampo||58572|16|58572||29|063|0650|Rural|
58580|Cerro Prieto (Guadalupe)|Ranchería|Panindícuaro|Michoacán de Ocampo||58572|16|58572||29|063|0003|Rural|
58580|San Miguel Epejan|Pueblo|Panindícuaro|Michoacán de Ocampo||58572|16|58572||28|063|0652|Rural|
58580|Ranchos de Epejan|Ranchería|Panindícuaro|Michoacán de Ocampo||58572|16|58572||29|063|0655|Rural|
58581|Tanguato|Ranchería|Panindícuaro|Michoacán de Ocampo||58572|16|58572||29|063|0009|Rural|
58581|Aguanato (Aguanuato)|Pueblo|Panindícuaro|Michoacán de Ocampo||58572|16|58572||28|063|0653|Rural|
58581|Piritzio|Ranchería|Panindícuaro|Michoacán de Ocampo||58572|16|58572||29|063|0654|Rural|
58585|Ojo de Agua de Señora|Ranchería|Panindícuaro|Michoacán de Ocampo||58572|16|58572||29|063|0656|Rural|
58586|Bella Vista|Ranchería|Panindícuaro|Michoacán de Ocampo||58572|16|58572||29|063|3909|Rural|
58590|Ex-hacienda de Curimeo|Ranchería|Panindícuaro|Michoacán de Ocampo||58572|16|58572||29|063|0005|Rural|
58590|Curimeo|Pueblo|Panindícuaro|Michoacán de Ocampo||58572|16|58572||28|063|0657|Rural|
58591|La Luz|Pueblo|Panindícuaro|Michoacán de Ocampo||58572|16|58572||28|063|0658|Rural|
58591|Urequio|Pueblo|Panindícuaro|Michoacán de Ocampo||58572|16|58572||28|063|0659|Rural|
58593|La Cañada|Ranchería|Panindícuaro|Michoacán de Ocampo||58572|16|58572||29|063|0006|Rural|
58594|La Vinata|Ranchería|Panindícuaro|Michoacán de Ocampo||58572|16|58572||29|063|0008|Rural|
58594|Botello (Altamira)|Ranchería|Panindícuaro|Michoacán de Ocampo||58572|16|58572||29|063|0660|Rural|
58594|Irancuátaro|Ranchería|Panindícuaro|Michoacán de Ocampo||58572|16|58572||29|063|0661|Rural|
58594|La Córdoba|Ranchería|Panindícuaro|Michoacán de Ocampo||58572|16|58572||29|063|0662|Rural|
58594|San Diego Amécuaro|Ranchería|Panindícuaro|Michoacán de Ocampo||58572|16|58572||29|063|0663|Rural|
58594|San Vicente|Ranchería|Panindícuaro|Michoacán de Ocampo||58572|16|58572||29|063|0664|Rural|
58598|Rubalcabo|Ranchería|Panindícuaro|Michoacán de Ocampo||58572|16|58572||29|063|0665|Rural|
58600|Zacapu Centro|Colonia|Zacapu|Michoacán de Ocampo|Zacapu|58601|16|58601||09|107|0666|Urbano|10
58610|El Mirador|Colonia|Zacapu|Michoacán de Ocampo|Zacapu|58601|16|58601||09|107|0012|Urbano|10
58610|La Angostura|Colonia|Zacapu|Michoacán de Ocampo|Zacapu|58601|16|58601||09|107|0669|Urbano|10
58610|La Joyita|Colonia|Zacapu|Michoacán de Ocampo|Zacapu|58601|16|58601||09|107|0986|Urbano|10
58610|Manantiales|Colonia|Zacapu|Michoacán de Ocampo|Zacapu|58601|16|58601||09|107|3542|Urbano|10
58616|Celanesa|Colonia|Zacapu|Michoacán de Ocampo|Zacapu|58601|16|58601||09|107|0670|Urbano|10
58616|Wenceslao Victoria|Colonia|Zacapu|Michoacán de Ocampo|Zacapu|58601|16|58601||09|107|0671|Urbano|10
58616|Cuauhtémoc|Colonia|Zacapu|Michoacán de Ocampo|Zacapu|58601|16|58601||09|107|0733|Urbano|10
58616|FOVISSSTE|Unidad habitacional|Zacapu|Michoacán de Ocampo|Zacapu|58601|16|58601||31|107|3496|Urbano|10
58616|Puerta Chica|Colonia|Zacapu|Michoacán de Ocampo|Zacapu|58601|16|58601||09|107|4197|Urbano|10
58616|Valle Dorado|Colonia|Zacapu|Michoacán de Ocampo|Zacapu|58601|16|58601||09|107|4200|Urbano|10
58616|Cuauhtémoc Cárdenas|Colonia|Zacapu|Michoacán de Ocampo|Zacapu|58601|16|58601||09|107|4751|Urbano|10
58616|Cuauhtémoc 2|Colonia|Zacapu|Michoacán de Ocampo|Zacapu|58601|16|58601||09|107|4752|Urbano|10
58617|Club Campestre|Colonia|Zacapu|Michoacán de Ocampo|Zacapu|58601|16|58601||09|107|0672|Urbano|10
58620|San Miguel INFONAVIT|Unidad habitacional|Zacapu|Michoacán de Ocampo|Zacapu|58601|16|58601||31|107|0675|Urbano|10
58624|La Zarcita|Colonia|Zacapu|Michoacán de Ocampo|Zacapu|58601|16|58601||09|107|0014|Urbano|10
58624|Valle Escondido|Colonia|Zacapu|Michoacán de Ocampo|Zacapu|58601|16|58601||09|107|0677|Urbano|10
58627|Lázaro Cárdenas Sur|Colonia|Zacapu|Michoacán de Ocampo|Zacapu|58601|16|58601||09|107|0678|Urbano|10
58628|García Padilla|Colonia|Zacapu|Michoacán de Ocampo|Zacapu|58601|16|58601||09|107|0679|Urbano|10
58629|San Miguel|Colonia|Zacapu|Michoacán de Ocampo|Zacapu|58601|16|58601||09|107|0683|Urbano|10
58630|Anáhuac|Colonia|Zacapu|Michoacán de Ocampo|Zacapu|58601|16|58601||09|107|0684|Urbano|10
58635|Parque Industrial|Parque industrial|Zacapu|Michoacán de Ocampo|Zacapu|58601|16|58601||26|107|0013|Urbano|10
58635|18 de Octubre|Colonia|Zacapu|Michoacán de Ocampo|Zacapu|58601|16|58601||09|107|0686|Urbano|10
58635|Lázaro Cárdenas|Colonia|Zacapu|Michoacán de Ocampo|Zacapu|58601|16|58601||09|107|0687|Urbano|10
58637|San José|Conjunto habitacional|Zacapu|Michoacán de Ocampo|Zacapu|58601|16|58601||12|107|0010|Urbano|10
58637|Ejidal I|Colonia|Zacapu|Michoacán de Ocampo|Zacapu|58601|16|58601||09|107|0688|Urbano|10
58637|Loma Linda|Colonia|Zacapu|Michoacán de Ocampo|Zacapu|58601|16|58601||09|107|0689|Urbano|10
58637|Revolución|Conjunto habitacional|Zacapu|Michoacán de Ocampo|Zacapu|58601|16|58601||12|107|4198|Urbano|10
58638|Fray Jacobo Daciano|Fraccionamiento|Zacapu|Michoacán de Ocampo|Zacapu|58601|16|58601||21|107|0691|Urbano|10
58639|Benito Juárez|Colonia|Zacapu|Michoacán de Ocampo|Zacapu|58601|16|58601||09|107|0694|Urbano|10
58639|Ejidal II|Colonia|Zacapu|Michoacán de Ocampo|Zacapu|58601|16|58601||09|107|0695|Urbano|10
58640|Francisco J. Mújica|Colonia|Zacapu|Michoacán de Ocampo|Zacapu|58601|16|58601||09|107|0696|Urbano|10
58640|San Miguel|Fraccionamiento|Zacapu|Michoacán de Ocampo|Zacapu|58601|16|58601||21|107|0697|Urbano|10
58649|Rincón de San Miguel|Colonia|Zacapu|Michoacán de Ocampo|Zacapu|58601|16|58601||09|107|0698|Urbano|10
58650|Obrera|Colonia|Zacapu|Michoacán de Ocampo|Zacapu|58601|16|58601||09|107|0699|Urbano|10
58653|Tierras Blancas|Colonia|Zacapu|Michoacán de Ocampo|Zacapu|58601|16|58601||09|107|0015|Urbano|10
58653|Tacicuaro|Colonia|Zacapu|Michoacán de Ocampo|Zacapu|58601|16|58601||09|107|0700|Urbano|10
58654|Emiliano Zapata|Fraccionamiento|Zacapu|Michoacán de Ocampo|Zacapu|58601|16|58601||21|107|0702|Urbano|10
58654|Ing. Enrique Rangel|Colonia|Zacapu|Michoacán de Ocampo|Zacapu|58601|16|58601||09|107|0703|Urbano|10
58654|Ampliación Nueva San Isidro|Colonia|Zacapu|Michoacán de Ocampo|Zacapu|58601|16|58601||09|107|0704|Urbano|10
58660|Miguel Ángel|Colonia|Zacapu|Michoacán de Ocampo|Zacapu|58601|16|58601||09|107|0705|Urbano|10
58664|Hacienda de Zacapu|Fraccionamiento|Zacapu|Michoacán de Ocampo|Zacapu|58601|16|58601||21|107|0016|Urbano|10
58664|Las Maravillas|Colonia|Zacapu|Michoacán de Ocampo|Zacapu|58601|16|58601||09|107|0017|Urbano|10
58664|Juventud Deportiva INFONAVIT|Unidad habitacional|Zacapu|Michoacán de Ocampo|Zacapu|58601|16|58601||31|107|0706|Urbano|10
58664|Las Tepacuas INFONAVIT|Unidad habitacional|Zacapu|Michoacán de Ocampo|Zacapu|58601|16|58601||31|107|0707|Urbano|10
58664|Nueva San Isidro|Colonia|Zacapu|Michoacán de Ocampo|Zacapu|58601|16|58601||09|107|0708|Urbano|10
58664|Tepacuas|Fraccionamiento|Zacapu|Michoacán de Ocampo|Zacapu|58601|16|58601||21|107|4199|Urbano|10
58665|Valle de Zacapu|Fraccionamiento|Zacapu|Michoacán de Ocampo|Zacapu|58601|16|58601||21|107|0709|Urbano|10
58667|Morelos|Colonia|Zacapu|Michoacán de Ocampo|Zacapu|58601|16|58601||09|107|0710|Urbano|10
58667|Nueva Tepeyac|Colonia|Zacapu|Michoacán de Ocampo|Zacapu|58601|16|58601||09|107|0711|Urbano|10
58670|Lomas Jardín|Colonia|Zacapu|Michoacán de Ocampo|Zacapu|58601|16|58601||09|107|0712|Urbano|10
58676|Las Adelitas|Colonia|Zacapu|Michoacán de Ocampo|Zacapu|58601|16|58601||09|107|0716|Urbano|10
58676|Las Glorias|Colonia|Zacapu|Michoacán de Ocampo|Zacapu|58601|16|58601||09|107|3498|Urbano|10
58676|Tombero|Colonia|Zacapu|Michoacán de Ocampo|Zacapu|58601|16|58601||09|107|3499|Urbano|10
58677|Los Ajolotes|Colonia|Zacapu|Michoacán de Ocampo|Zacapu|58601|16|58601||09|107|0718|Urbano|10
58677|La Arboleda|Colonia|Zacapu|Michoacán de Ocampo|Zacapu|58601|16|58601||09|107|0719|Urbano|10
58677|Los Pirules INFONAVIT|Unidad habitacional|Zacapu|Michoacán de Ocampo|Zacapu|58601|16|58601||31|107|0720|Urbano|10
58677|Progreso Nacional|Colonia|Zacapu|Michoacán de Ocampo|Zacapu|58601|16|58601||09|107|0721|Urbano|10
58677|La Libertad|Colonia|Zacapu|Michoacán de Ocampo|Zacapu|58601|16|58601||09|107|3535|Urbano|10
58680|Moderna|Colonia|Zacapu|Michoacán de Ocampo|Zacapu|58601|16|58601||09|107|0722|Urbano|10
58685|Luis Donaldo Colosio|Fraccionamiento|Zacapu|Michoacán de Ocampo|Zacapu|58601|16|58601||21|107|0011|Urbano|10
58685|Carlos Gálvez Betancourt|Colonia|Zacapu|Michoacán de Ocampo|Zacapu|58601|16|58601||09|107|0724|Urbano|10
58685|Carlos Gálvez Betancourt INFONAVIT|Unidad habitacional|Zacapu|Michoacán de Ocampo|Zacapu|58601|16|58601||31|107|0725|Urbano|10
58685|Libertadores de América|Colonia|Zacapu|Michoacán de Ocampo|Zacapu|58601|16|58601||09|107|3497|Urbano|10
58688|Valle Verde|Colonia|Zacapu|Michoacán de Ocampo|Zacapu|58601|16|58601||09|107|0726|Urbano|10
58689|El Moral INFONAVIT|Unidad habitacional|Zacapu|Michoacán de Ocampo|Zacapu|58601|16|58601||31|107|0727|Urbano|10
58690|La Huerta|Colonia|Zacapu|Michoacán de Ocampo|Zacapu|58601|16|58601||09|107|0728|Urbano|10
58698|Llanos de Buenavista|Colonia|Zacapu|Michoacán de Ocampo|Zacapu|58601|16|58601||09|107|0018|Urbano|10
58698|Los Corrales|Colonia|Zacapu|Michoacán de Ocampo|Zacapu|58601|16|58601||09|107|0019|Urbano|10
58698|El Cuinato|Colonia|Zacapu|Michoacán de Ocampo|Zacapu|58601|16|58601||09|107|0732|Urbano|10
58701|Cantabria|Pueblo|Zacapu|Michoacán de Ocampo||58601|16|58601||28|107|0738|Rural|
58702|Tarejero|Pueblo|Zacapu|Michoacán de Ocampo||58601|16|58601||28|107|0739|Rural|
58703|Loma Alta|Rancho|Zacapu|Michoacán de Ocampo||58601|16|58601||48|107|0008|Rural|
58710|La Virgen|Ranchería|Zacapu|Michoacán de Ocampo||58601|16|58601||29|107|0740|Rural|
58710|Santa Gertrudis|Pueblo|Zacapu|Michoacán de Ocampo||58601|16|58601||28|107|0741|Rural|
58710|Pueblo Viejo (Jacarandas)|Ranchería|Zacapu|Michoacán de Ocampo||58601|16|58601||29|107|4205|Rural|
58711|San Antonio Tariácuri|Pueblo|Zacapu|Michoacán de Ocampo||58601|16|58601||28|107|0742|Rural|
58716|La Escondida|Ranchería|Zacapu|Michoacán de Ocampo||58601|16|58601||29|107|0743|Rural|
58720|El Limón|Ranchería|Zacapu|Michoacán de Ocampo||58601|16|58601||29|107|0006|Rural|
58720|La Yesca|Ranchería|Zacapu|Michoacán de Ocampo||58601|16|58601||29|107|0007|Rural|
58720|El Pueblito|Pueblo|Zacapu|Michoacán de Ocampo||58601|16|58601||28|107|0744|Rural|
58720|Eréndira|Ranchería|Zacapu|Michoacán de Ocampo||58601|16|58601||29|107|0745|Rural|
58720|Las Canoas|Pueblo|Zacapu|Michoacán de Ocampo||58601|16|58601||28|107|0746|Rural|
58727|Rancho Alegre|Ranchería|Zacapu|Michoacán de Ocampo||58601|16|58601||29|107|0009|Rural|
58727|Los Llanos|Ranchería|Zacapu|Michoacán de Ocampo||58601|16|58601||29|107|4203|Rural|
58728|Las Cabras|Ranchería|Zacapu|Michoacán de Ocampo||58601|16|58601||29|107|4202|Rural|
58728|Vista Hermosa|Ranchería|Zacapu|Michoacán de Ocampo||58601|16|58601||29|107|4206|Rural|
58730|Las Flores|Colonia|Zacapu|Michoacán de Ocampo||58601|16|58601||09|107|0001|Urbano|
58730|Joaquín de la Cruz|Colonia|Zacapu|Michoacán de Ocampo||58601|16|58601||09|107|0002|Urbano|
58730|Buenavista|Ranchería|Zacapu|Michoacán de Ocampo||58601|16|58601||29|107|0747|Rural|
58730|Naranja de Tapia|Pueblo|Zacapu|Michoacán de Ocampo||58601|16|58601||28|107|0748|Urbano|
58731|Progreso|Colonia|Zacapu|Michoacán de Ocampo||58601|16|58601||09|107|0003|Urbano|
58731|Tiríndaro|Pueblo|Zacapu|Michoacán de Ocampo||58601|16|58601||28|107|0749|Urbano|
58733|Morelos|Ranchería|Zacapu|Michoacán de Ocampo||58601|16|58601||29|107|4204|Rural|
58734|La Cofradía|Pueblo|Zacapu|Michoacán de Ocampo||58601|16|58601||28|107|3954|Rural|
58735|Barranca Honda|Rancho|Zacapu|Michoacán de Ocampo||58601|16|58601||48|107|0004|Rural|
58735|David Franco Reyes|Ranchería|Zacapu|Michoacán de Ocampo||58601|16|58601||29|107|4201|Rural|
58739|El Coyolote|Ranchería|Zacapu|Michoacán de Ocampo||58601|16|58601||29|107|0750|Rural|
58740|Tlazazalca|Pueblo|Tlazazalca|Michoacán de Ocampo||58747|16|58747||28|094|0751|Urbano|
58741|Huitzo|Pueblo|Tlazazalca|Michoacán de Ocampo||58747|16|58747||28|094|0752|Rural|
58742|Las Gallinas|Rancho|Tlazazalca|Michoacán de Ocampo||58747|16|58747||48|094|0006|Rural|
58742|Nuevo Moreno de Bravo|Rancho|Tlazazalca|Michoacán de Ocampo||58747|16|58747||48|094|0007|Rural|
58742|Acúmbaro (Acúmbaro de las Pilas)|Ranchería|Tlazazalca|Michoacán de Ocampo||58747|16|58747||29|094|0753|Rural|
58743|Gabino Vázquez (Los Guayabos)|Ranchería|Tlazazalca|Michoacán de Ocampo||58747|16|58747||29|094|0001|Rural|
58743|La Jabonera|Ranchería|Tlazazalca|Michoacán de Ocampo||58747|16|58747||29|094|0754|Rural|
58743|Icatiro|Ranchería|Tlazazalca|Michoacán de Ocampo||58747|16|58747||29|094|3905|Rural|
58744|El Chupadero|Rancho|Tlazazalca|Michoacán de Ocampo||58747|16|58747||48|094|0002|Rural|
58744|El Conejo|Rancho|Tlazazalca|Michoacán de Ocampo||58747|16|58747||48|094|0003|Rural|
58744|El Tecolote|Ranchería|Tlazazalca|Michoacán de Ocampo||58747|16|58747||29|094|0755|Rural|
58745|Gil|Ranchería|Tlazazalca|Michoacán de Ocampo||58747|16|58747||29|094|0756|Rural|
58746|El Porvenir|Colonia|Tlazazalca|Michoacán de Ocampo||58747|16|58747||09|094|0010|Rural|
58746|Urepetiro|Ranchería|Tlazazalca|Michoacán de Ocampo||58747|16|58747||29|094|0757|Rural|
58746|La Estancita|Ranchería|Tlazazalca|Michoacán de Ocampo||58747|16|58747||29|094|3906|Rural|
58750|La Yerbabuena|Pueblo|Tlazazalca|Michoacán de Ocampo||58747|16|58747||28|094|0759|Rural|
58751|Acuitzeramo|Pueblo|Tlazazalca|Michoacán de Ocampo||58761|16|58761||28|094|0760|Rural|
58753|San Isidro (El Chirimoyo)|Ranchería|Tlazazalca|Michoacán de Ocampo||58747|16|58747||29|094|3904|Rural|
58754|Jamandúcuaro|Ranchería|Tlazazalca|Michoacán de Ocampo||58747|16|58747||29|094|0761|Rural|
58755|El Pitahayo|Rancho|Tlazazalca|Michoacán de Ocampo||58747|16|58747||48|094|0004|Rural|
58755|Huapajécuaro (Ojo de Agua Redonda)|Rancho|Tlazazalca|Michoacán de Ocampo||58747|16|58747||48|094|0005|Rural|
58755|Potreros|Rancho|Tlazazalca|Michoacán de Ocampo||58747|16|58747||48|094|0008|Rural|
58755|Potreros de Abajo|Rancho|Tlazazalca|Michoacán de Ocampo||58747|16|58747||48|094|0009|Rural|
58760|Purépero de Echáiz|Pueblo|Purépero|Michoacán de Ocampo||58761|16|58761||28|070|0762|Urbano|
58762|Azteca|Fraccionamiento|Purépero|Michoacán de Ocampo||58761|16|58761||21|070|0001|Urbano|
58762|Camelinas|Fraccionamiento|Purépero|Michoacán de Ocampo||58761|16|58761||21|070|0002|Urbano|
58762|Chula Vista|Colonia|Purépero|Michoacán de Ocampo||58761|16|58761||09|070|0003|Urbano|
58762|La Firmeza 1|Fraccionamiento|Purépero|Michoacán de Ocampo||58761|16|58761||21|070|0004|Urbano|
58762|Del Tecuán|Barrio|Purépero|Michoacán de Ocampo||58761|16|58761||02|070|0005|Urbano|
58762|El Espinal|Fraccionamiento|Purépero|Michoacán de Ocampo||58761|16|58761||21|070|0006|Urbano|
58762|El Panteón|Barrio|Purépero|Michoacán de Ocampo||58761|16|58761||02|070|0007|Urbano|
58762|Las Lomas|Fraccionamiento|Purépero|Michoacán de Ocampo||58761|16|58761||21|070|0008|Urbano|
58762|La Loma|Barrio|Purépero|Michoacán de Ocampo||58761|16|58761||02|070|0009|Urbano|
58762|Los Delfines|Fraccionamiento|Purépero|Michoacán de Ocampo||58761|16|58761||21|070|0010|Urbano|
58762|Los Girasoles|Fraccionamiento|Purépero|Michoacán de Ocampo||58761|16|58761||21|070|0011|Urbano|
58762|Las Esferas|Fraccionamiento|Purépero|Michoacán de Ocampo||58761|16|58761||21|070|0012|Urbano|
58763|Juárez|Colonia|Purépero|Michoacán de Ocampo||58761|16|58761||09|070|0013|Urbano|
58763|San Juan|Colonia|Purépero|Michoacán de Ocampo||58761|16|58761||09|070|0014|Urbano|
58763|La Soledad|Fraccionamiento|Purépero|Michoacán de Ocampo||58761|16|58761||21|070|0015|Urbano|
58763|Los Tejocotes|Fraccionamiento|Purépero|Michoacán de Ocampo||58761|16|58761||21|070|0016|Urbano|
58763|Piedras Altas|Colonia|Purépero|Michoacán de Ocampo||58761|16|58761||09|070|0017|Urbano|
58763|La Tanda|Barrio|Purépero|Michoacán de Ocampo||58761|16|58761||02|070|0018|Urbano|
58763|Villa Ruiz|Fraccionamiento|Purépero|Michoacán de Ocampo||58761|16|58761||21|070|0019|Urbano|
58763|El Cerrito|Colonia|Purépero|Michoacán de Ocampo||58761|16|58761||09|070|0020|Urbano|
58763|Las Ranas|Fraccionamiento|Purépero|Michoacán de Ocampo||58761|16|58761||21|070|0021|Urbano|
58764|El Taray|Barrio|Purépero|Michoacán de Ocampo||58761|16|58761||02|070|0022|Urbano|
58764|Real de Santa Fe|Fraccionamiento|Purépero|Michoacán de Ocampo||58761|16|58761||21|070|0023|Urbano|
58764|Paraíso|Fraccionamiento|Purépero|Michoacán de Ocampo||58761|16|58761||21|070|0024|Urbano|
58764|San Antonio|Colonia|Purépero|Michoacán de Ocampo||58761|16|58761||09|070|0025|Urbano|
58764|Pies de Casa|Fraccionamiento|Purépero|Michoacán de Ocampo||58761|16|58761||21|070|0026|Urbano|
58764|El Llanito|Barrio|Purépero|Michoacán de Ocampo||58761|16|58761||02|070|0027|Urbano|
58764|El Valle|Fraccionamiento|Purépero|Michoacán de Ocampo||58761|16|58761||21|070|0028|Urbano|
58764|La Florida|Fraccionamiento|Purépero|Michoacán de Ocampo||58761|16|58761||21|070|0029|Urbano|
58764|Ross|Fraccionamiento|Purépero|Michoacán de Ocampo||58761|16|58761||21|070|0030|Urbano|
58764|Lázaro Cárdenas|Colonia|Purépero|Michoacán de Ocampo||58761|16|58761||09|070|0031|Urbano|
58764|Mirabel|Fraccionamiento|Purépero|Michoacán de Ocampo||58761|16|58761||21|070|0032|Urbano|
58764|Vista Hermosa|Fraccionamiento|Purépero|Michoacán de Ocampo||58761|16|58761||21|070|0033|Urbano|
58764|El Oasis|Fraccionamiento|Purépero|Michoacán de Ocampo||58761|16|58761||21|070|0034|Urbano|
58764|Los Continentes|Fraccionamiento|Purépero|Michoacán de Ocampo||58761|16|58761||21|070|0035|Urbano|
58765|El Pedregal|Colonia|Purépero|Michoacán de Ocampo||58761|16|58761||09|070|0036|Urbano|
58765|El Costal|Barrio|Purépero|Michoacán de Ocampo||58761|16|58761||02|070|0037|Urbano|
58765|La Estilla|Barrio|Purépero|Michoacán de Ocampo||58761|16|58761||02|070|0038|Urbano|
58765|El Cerrillo|Barrio|Purépero|Michoacán de Ocampo||58761|16|58761||02|070|0039|Urbano|
58765|Los Rogers|Fraccionamiento|Purépero|Michoacán de Ocampo||58761|16|58761||21|070|0040|Urbano|
58765|La Firmeza 2|Fraccionamiento|Purépero|Michoacán de Ocampo||58761|16|58761||21|070|0041|Urbano|
58766|El Pedregal (Llano de las Vigas)|Rancho|Purépero|Michoacán de Ocampo||58761|16|58761||48|070|0042|Rural|
58767|El Espinal|Rancho|Purépero|Michoacán de Ocampo||58761|16|58761||48|070|0043|Rural|
58770|Dos Estrellas de Jiménez|Pueblo|Purépero|Michoacán de Ocampo||58761|16|58761||28|070|0764|Rural|
58770|Villa Mendoza|Pueblo|Purépero|Michoacán de Ocampo||58761|16|58761||28|070|0765|Rural|
58774|La Alberca|Rancho|Purépero|Michoacán de Ocampo||58761|16|58761||48|070|0044|Rural|
58780|Lázaro Cárdenas|Colonia|Jiménez|Michoacán de Ocampo||58784|16|58784||09|044|0767|Urbano|
58780|Centro|Colonia|Jiménez|Michoacán de Ocampo||58784|16|58784||09|044|0768|Urbano|
58780|El Mirador|Colonia|Jiménez|Michoacán de Ocampo||58784|16|58784||09|044|6654|Urbano|
58780|Emiliano Zapata|Colonia|Jiménez|Michoacán de Ocampo||58784|16|58784||09|044|6655|Urbano|
58780|Jacarandas|Colonia|Jiménez|Michoacán de Ocampo||58784|16|58784||09|044|6656|Urbano|
58780|Josefa Ortiz de Domínguez|Colonia|Jiménez|Michoacán de Ocampo||58784|16|58784||09|044|6657|Urbano|
58780|La Peña|Colonia|Jiménez|Michoacán de Ocampo||58784|16|58784||09|044|6658|Urbano|
58780|Mújica|Colonia|Jiménez|Michoacán de Ocampo||58784|16|58784||09|044|6659|Urbano|
58782|Zipimeo|Ranchería|Jiménez|Michoacán de Ocampo||58784|16|58784||29|044|0771|Rural|
58782|La Jabonera|Ranchería|Jiménez|Michoacán de Ocampo||58784|16|58784||29|044|6663|Rural|
58783|Los Espinos|Ranchería|Jiménez|Michoacán de Ocampo||58784|16|58784||29|044|0772|Rural|
58783|Casita el Injerto|Ranchería|Jiménez|Michoacán de Ocampo||58784|16|58784||29|044|6661|Rural|
58783|La Estación|Ranchería|Jiménez|Michoacán de Ocampo||58784|16|58784||29|044|6662|Rural|
58785|El Ranchito|Ranchería|Jiménez|Michoacán de Ocampo||58784|16|58784||29|044|0774|Rural|
58785|Huandacuca|Ranchería|Jiménez|Michoacán de Ocampo||58784|16|58784||29|044|0775|Rural|
58786|Las Colonias|Ranchería|Jiménez|Michoacán de Ocampo||58784|16|58784||29|044|0766|Rural|
58786|Ampliación el Llano|Ranchería|Jiménez|Michoacán de Ocampo||58784|16|58784||29|044|6660|Rural|
58786|Las Granjas (Las Trojas)|Ranchería|Jiménez|Michoacán de Ocampo||58784|16|58784||29|044|6665|Rural|
58787|La Raya|Ranchería|Jiménez|Michoacán de Ocampo||58784|16|58784||29|044|6664|Rural|
58788|Caurio de Guadalupe (Cabrío)|Pueblo|Jiménez|Michoacán de Ocampo||58784|16|58784||28|044|0769|Rural|
58788|Caurio de la Rinconada|Ranchería|Jiménez|Michoacán de Ocampo||58784|16|58784||29|044|0770|Rural|
58788|Las Peñas|Ranchería|Jiménez|Michoacán de Ocampo||58784|16|58784||29|044|6666|Rural|
58790|Cerrito Largo|Ranchería|Jiménez|Michoacán de Ocampo||58784|16|58784||29|044|0777|Rural|
58790|La Soledad|Ranchería|Jiménez|Michoacán de Ocampo||58784|16|58784||29|044|0781|Rural|
58793|El Cuatro|Pueblo|Jiménez|Michoacán de Ocampo||58784|16|58784||28|044|0778|Rural|
58793|Zimbánguaro|Ranchería|Jiménez|Michoacán de Ocampo||58784|16|58784||29|044|0779|Rural|
58794|El Zapote|Ranchería|Jiménez|Michoacán de Ocampo||58784|16|58784||29|044|0780|Rural|
58794|Tumbio|Ranchería|Jiménez|Michoacán de Ocampo||58784|16|58784||29|044|6667|Rural|
58795|Chapitiro|Ranchería|Jiménez|Michoacán de Ocampo||58784|16|58784||29|044|0782|Rural|
58795|La Estancia (La Presa de Wilson)|Ranchería|Jiménez|Michoacán de Ocampo||58784|16|58784||29|044|0783|Rural|
58796|Las Casitas|Rancho|Jiménez|Michoacán de Ocampo||58784|16|58784||48|044|0001|Rural|
58796|Copándaro (Copándaro del Cuatro)|Ranchería|Jiménez|Michoacán de Ocampo||58784|16|58784||29|044|0776|Rural|
58800|Guadalupe|Colonia|Morelos|Michoacán de Ocampo||58802|16|58802||09|054|0001|Urbano|
58800|Loma Bonita|Colonia|Morelos|Michoacán de Ocampo||58802|16|58802||09|054|0002|Urbano|
58800|Villa Morelos|Colonia|Morelos|Michoacán de Ocampo||58802|16|58802||09|054|0788|Urbano|
58803|La Cruz del Niño|Ranchería|Morelos|Michoacán de Ocampo||58802|16|58802||29|054|0008|Rural|
58803|El Fresno|Ranchería|Morelos|Michoacán de Ocampo||58802|16|58802||29|054|0791|Rural|
58803|Zárate|Ranchería|Morelos|Michoacán de Ocampo||58802|16|58802||29|054|0792|Rural|
58804|El Puerto|Rancho|Morelos|Michoacán de Ocampo||58802|16|58802||48|054|0006|Rural|
58804|La Salud|Ranchería|Morelos|Michoacán de Ocampo||58802|16|58802||29|054|0010|Rural|
58804|Mexiquillo|Rancho|Morelos|Michoacán de Ocampo||58802|16|58802||48|054|0011|Rural|
58804|Guadalupe|Rancho|Morelos|Michoacán de Ocampo||58802|16|58802||48|054|0012|Rural|
58804|San Miguel Tumbastatiro|Rancho|Morelos|Michoacán de Ocampo||58802|16|58802||48|054|0013|Rural|
58804|San Vicente (La Cruz de San Vicente)|Ranchería|Morelos|Michoacán de Ocampo||58802|16|58802||29|054|0014|Rural|
58804|San Isidro (San Isidro de la Vuelta)|Ranchería|Morelos|Michoacán de Ocampo||58802|16|58802||29|054|0787|Rural|
58804|San Nicolás Tumbastatiro (Cañada de Abajo)|Pueblo|Morelos|Michoacán de Ocampo||58802|16|58802||28|054|0789|Rural|
58804|La Noria|Ranchería|Morelos|Michoacán de Ocampo||58802|16|58802||29|054|0793|Rural|
58805|El Granjeno (San Juan de Ulúa)|Colonia|Morelos|Michoacán de Ocampo||58802|16|58802||09|054|0003|Rural|
58805|El Granjeno|Rancho|Morelos|Michoacán de Ocampo||58802|16|58802||48|054|0005|Rural|
58805|Jururemba|Ranchería|Morelos|Michoacán de Ocampo||58802|16|58802||29|054|0784|Rural|
58805|San Ángel|Ranchería|Morelos|Michoacán de Ocampo||58802|16|58802||29|054|0786|Rural|
58805|San José del Naranjo (Puerta de Huango Viejo)|Ranchería|Morelos|Michoacán de Ocampo||58802|16|58802||29|054|0794|Rural|
58805|San Miguel (Huango el Viejo)|Ranchería|Morelos|Michoacán de Ocampo||58802|16|58802||29|054|0795|Rural|
58805|San Rafael (Rancho Viejo)|Ranchería|Morelos|Michoacán de Ocampo||58802|16|58802||29|054|0796|Rural|
58805|Caballerías|Rancho|Morelos|Michoacán de Ocampo||58802|16|58802||48|054|5554|Rural|
58806|Tres Reyes (Las Tetillas)|Rancho|Morelos|Michoacán de Ocampo||58802|16|58802||48|054|0015|Rural|
58806|Ziracuaréndiro|Ranchería|Morelos|Michoacán de Ocampo||58802|16|58802||29|054|0016|Rural|
58806|El Desmonte|Ranchería|Morelos|Michoacán de Ocampo||58802|16|58802||29|054|0797|Rural|
58806|El Progreso Morelos (La Estancia)|Ranchería|Morelos|Michoacán de Ocampo||58802|16|58802||29|054|0798|Rural|
58806|La Puerta del Desmonte|Ranchería|Morelos|Michoacán de Ocampo||58802|16|58802||29|054|0799|Rural|
58807|El Atravesaño|Rancho|Morelos|Michoacán de Ocampo||58802|16|58802||48|054|0004|Rural|
58807|La Codorniz|Rancho|Morelos|Michoacán de Ocampo||58802|16|58802||48|054|0007|Rural|
58807|La Palma|Ranchería|Morelos|Michoacán de Ocampo||58802|16|58802||29|054|0009|Rural|
58807|La Luz|Ranchería|Morelos|Michoacán de Ocampo||58802|16|58802||29|054|0785|Rural|
58807|La Viga|Ranchería|Morelos|Michoacán de Ocampo||58802|16|58802||29|054|0800|Rural|
58820|Chapultepec|Colonia|Huandacareo|Michoacán de Ocampo||58821|16|58821||09|036|0001|Urbano|
58820|Cuauhtémoc|Colonia|Huandacareo|Michoacán de Ocampo||58821|16|58821||09|036|0002|Urbano|
58820|El Verde|Fraccionamiento|Huandacareo|Michoacán de Ocampo||58821|16|58821||21|036|0003|Urbano|
58820|La Nopalera|Colonia|Huandacareo|Michoacán de Ocampo||58821|16|58821||09|036|0004|Urbano|
58820|La Noria|Colonia|Huandacareo|Michoacán de Ocampo||58821|16|58821||09|036|0005|Urbano|
58820|Salvador Urrutia|Colonia|Huandacareo|Michoacán de Ocampo||58821|16|58821||09|036|0006|Urbano|
58820|Vistabella|Colonia|Huandacareo|Michoacán de Ocampo||58821|16|58821||09|036|0007|Urbano|
58820|Agua Caliente [Antigüo Balneario]|Equipamiento|Huandacareo|Michoacán de Ocampo||58821|16|58821||17|036|0008|Urbano|
58820|Huandacareo|Pueblo|Huandacareo|Michoacán de Ocampo||58821|16|58821||28|036|0801|Urbano|
58820|Bella Vista|Colonia|Huandacareo|Michoacán de Ocampo||58821|16|58821||09|036|5563|Urbano|
58825|San Cristóbal|Ranchería|Huandacareo|Michoacán de Ocampo||58821|16|58821||29|036|0804|Rural|
58827|La Granja|Rancho|Huandacareo|Michoacán de Ocampo||58821|16|58821||48|036|0009|Rural|
58827|La Estancia|Ranchería|Huandacareo|Michoacán de Ocampo||58821|16|58821||29|036|0805|Rural|
58830|Capacho|Pueblo|Huandacareo|Michoacán de Ocampo||58821|16|58821||28|036|0806|Rural|
58830|San José Cuaro|Ranchería|Huandacareo|Michoacán de Ocampo||58821|16|58821||29|036|0807|Rural|
58833|Tupatarillo|Ranchería|Huandacareo|Michoacán de Ocampo||58821|16|58821||29|036|0808|Rural|
58833|Tupátaro|Ranchería|Huandacareo|Michoacán de Ocampo||58821|16|58821||29|036|0809|Rural|
58840|Cuitzeo del Porvenir Centro|Colonia|Cuitzeo|Michoacán de Ocampo|Cuitzeo del Porvenir|58841|16|58841||09|020|0811|Urbano|27
58840|De Los Cerritos|Colonia|Cuitzeo|Michoacán de Ocampo|Cuitzeo del Porvenir|58841|16|58841||09|020|6399|Urbano|27
58840|El Calvario|Colonia|Cuitzeo|Michoacán de Ocampo|Cuitzeo del Porvenir|58841|16|58841||09|020|6400|Urbano|27
58840|El Embarcadero|Colonia|Cuitzeo|Michoacán de Ocampo|Cuitzeo del Porvenir|58841|16|58841||09|020|6401|Urbano|27
58840|Genovebo Figueroa|Colonia|Cuitzeo|Michoacán de Ocampo|Cuitzeo del Porvenir|58841|16|58841||09|020|6402|Urbano|27
58840|La Cantera|Colonia|Cuitzeo|Michoacán de Ocampo|Cuitzeo del Porvenir|58841|16|58841||09|020|6403|Urbano|27
58840|La Concepción|Colonia|Cuitzeo|Michoacán de Ocampo|Cuitzeo del Porvenir|58841|16|58841||09|020|6404|Urbano|27
58840|Leandro Valle|Colonia|Cuitzeo|Michoacán de Ocampo|Cuitzeo del Porvenir|58841|16|58841||09|020|6406|Urbano|27
58840|Los Granados|Colonia|Cuitzeo|Michoacán de Ocampo|Cuitzeo del Porvenir|58841|16|58841||09|020|6407|Urbano|27
58840|Luis Donaldo Colosio|Colonia|Cuitzeo|Michoacán de Ocampo|Cuitzeo del Porvenir|58841|16|58841||09|020|6408|Urbano|27
58842|San Agustín del Pulque|Pueblo|Cuitzeo|Michoacán de Ocampo||58841|16|58841||28|020|0814|Urbano|
58842|La Noria|Colonia|Cuitzeo|Michoacán de Ocampo||58841|16|58841||09|020|6405|Urbano|
58843|San Juan Benito Juárez (San Juan Tararameo)|Pueblo|Cuitzeo|Michoacán de Ocampo||58841|16|58841||28|020|0815|Rural|
58843|La Palma|Ranchería|Cuitzeo|Michoacán de Ocampo||58841|16|58841||29|020|6413|Rural|
58845|Mariano Escobedo|Colonia|Cuitzeo|Michoacán de Ocampo||58841|16|58841||09|020|0813|Urbano|
58846|El Cerrito|Rancho|Cuitzeo|Michoacán de Ocampo||58841|16|58841||48|020|0001|Rural|
58846|San Jacinto (La Loma)|Ranchería|Cuitzeo|Michoacán de Ocampo||58841|16|58841||29|020|6414|Rural|
58850|Guanguillo (Ejido Cuitzeo)|Rancho|Cuitzeo|Michoacán de Ocampo||58841|16|58841||48|020|0002|Rural|
58850|Jeruco|Pueblo|Cuitzeo|Michoacán de Ocampo||58841|16|58841||28|020|0817|Rural|
58850|Doctor Miguel Silva (San Guillermo)|Pueblo|Cuitzeo|Michoacán de Ocampo||58841|16|58841||28|020|0818|Rural|
58853|Chupícuaro|Colonia|Cuitzeo|Michoacán de Ocampo||58841|16|58841||09|020|0812|Rural|
58853|Callejón de la Higuera (La Casa Blanca)|Ranchería|Cuitzeo|Michoacán de Ocampo||58841|16|58841||29|020|6409|Rural|
58853|Epifanio C. Pérez (San Miguel)|Ranchería|Cuitzeo|Michoacán de Ocampo||58841|16|58841||29|020|6412|Rural|
58854|Cuaracurio|Ranchería|Cuitzeo|Michoacán de Ocampo||58841|16|58841||29|020|0810|Rural|
58854|Chupícuaro|Colonia|Cuitzeo|Michoacán de Ocampo||58841|16|58841||09|020|6410|Rural|
58855|Cuamio|Ranchería|Cuitzeo|Michoacán de Ocampo||58841|16|58841||29|020|0819|Rural|
58855|La Cinta|Pueblo|Cuitzeo|Michoacán de Ocampo||58841|16|58841||28|020|0820|Rural|
58855|Puerta del Salto (La Puerta)|Ranchería|Cuitzeo|Michoacán de Ocampo||58841|16|58841||29|020|0821|Rural|
58855|Rancho Seco|Ranchería|Cuitzeo|Michoacán de Ocampo||58841|16|58841||29|020|0822|Rural|
58855|Colonia de Rancho Seco (El Cerrito)|Colonia|Cuitzeo|Michoacán de Ocampo||58841|16|58841||09|020|6411|Rural|
58860|El Acuario|Barrio|Chucándiro|Michoacán de Ocampo||58841|16|58841||02|027|0001|Urbano|
58860|El Calvario|Barrio|Chucándiro|Michoacán de Ocampo||58841|16|58841||02|027|0002|Urbano|
58860|Emiliano Zapata|Colonia|Chucándiro|Michoacán de Ocampo||58841|16|58841||09|027|0003|Urbano|
58860|La Joya|Colonia|Chucándiro|Michoacán de Ocampo||58841|16|58841||09|027|0004|Urbano|
58860|El Pitahayo|Colonia|Chucándiro|Michoacán de Ocampo||58841|16|58841||09|027|0005|Urbano|
58860|El Cerrito|Colonia|Chucándiro|Michoacán de Ocampo||58841|16|58841||09|027|0006|Urbano|
58860|La Pasera|Colonia|Chucándiro|Michoacán de Ocampo||58841|16|58841||09|027|0014|Urbano|
58860|Chucándiro|Pueblo|Chucándiro|Michoacán de Ocampo||58841|16|58841||28|027|0823|Urbano|
58862|Siberia|Ranchería|Chucándiro|Michoacán de Ocampo||58841|16|58841||29|027|0011|Rural|
58862|Las Cruces de Barreras|Ranchería|Chucándiro|Michoacán de Ocampo||58841|16|58841||29|027|0826|Rural|
58863|Buenavista|Ranchería|Chucándiro|Michoacán de Ocampo||58841|16|58841||29|027|0007|Rural|
58863|La Pitahaya|Pueblo|Chucándiro|Michoacán de Ocampo||58841|16|58841||28|027|0008|Rural|
58863|Las Arenas|Ranchería|Chucándiro|Michoacán de Ocampo||58841|16|58841||29|027|0009|Rural|
58863|Los Baños|Ranchería|Chucándiro|Michoacán de Ocampo||58841|16|58841||29|027|0010|Rural|
58863|El Salitre|Ranchería|Chucándiro|Michoacán de Ocampo||58841|16|58841||29|027|0824|Rural|
58863|San Sebastián|Ranchería|Chucándiro|Michoacán de Ocampo||58841|16|58841||29|027|0825|Rural|
58863|El Jacal|Ranchería|Chucándiro|Michoacán de Ocampo||58841|16|58841||29|027|0827|Rural|
58863|Santa Inés|Ranchería|Chucándiro|Michoacán de Ocampo||58841|16|58841||29|027|0828|Rural|
58864|Urundaneo|Ranchería|Chucándiro|Michoacán de Ocampo||58841|16|58841||29|027|0829|Rural|
58865|El Salto|Ranchería|Chucándiro|Michoacán de Ocampo||58841|16|58841||29|027|0830|Rural|
58866|Suro|Ranchería|Chucándiro|Michoacán de Ocampo||58841|16|58841||29|027|0012|Rural|
58866|Tanimireche|Ranchería|Chucándiro|Michoacán de Ocampo||58841|16|58841||29|027|0831|Rural|
58867|Tahuácuaro|Ranchería|Chucándiro|Michoacán de Ocampo||58841|16|58841||29|027|0013|Rural|
58867|Carucheo Chico|Ranchería|Chucándiro|Michoacán de Ocampo||58841|16|58841||29|027|0832|Rural|
58867|Carucheo Grande|Ranchería|Chucándiro|Michoacán de Ocampo||58841|16|58841||29|027|0833|Rural|
58868|La Presa|Ranchería|Chucándiro|Michoacán de Ocampo||58841|16|58841||29|027|0834|Rural|
58868|El Marijo|Ranchería|Chucándiro|Michoacán de Ocampo||58841|16|58841||29|027|0835|Rural|
58870|Copándaro de Galeana|Pueblo|Copándaro|Michoacán de Ocampo||58882|16|58882||28|018|0837|Urbano|
58870|Nueva Sur|Colonia|Copándaro|Michoacán de Ocampo||58882|16|58882||09|018|6392|Urbano|
58872|San Agustín del Maíz|Pueblo|Copándaro|Michoacán de Ocampo||58882|16|58882||28|018|0840|Rural|
58873|Congotzio|Ranchería|Copándaro|Michoacán de Ocampo||58882|16|58882||29|018|0838|Rural|
58873|Santa Rita|Ranchería|Copándaro|Michoacán de Ocampo||58882|16|58882||29|018|0839|Rural|
58873|El Nispo|Ranchería|Copándaro|Michoacán de Ocampo||58882|16|58882||29|018|0841|Rural|
58873|Loma Alta|Rancho|Copándaro|Michoacán de Ocampo||58882|16|58882||48|018|6397|Rural|
58873|Wenceslao Victoria Soto|Colonia|Copándaro|Michoacán de Ocampo||58882|16|58882||09|018|6398|Rural|
58874|Cañada de la Yerbabuena|Ranchería|Copándaro|Michoacán de Ocampo||58882|16|58882||29|018|0836|Rural|
58874|Arúmbaro|Ranchería|Copándaro|Michoacán de Ocampo||58882|16|58882||29|018|0842|Rural|
58875|Las Canoas|Ranchería|Copándaro|Michoacán de Ocampo||58882|16|58882||29|018|0843|Rural|
58876|El Fresno|Ranchería|Copándaro|Michoacán de Ocampo||58882|16|58882||29|018|6393|Rural|
58876|Las Cruces|Rancho|Copándaro|Michoacán de Ocampo||58882|16|58882||48|018|6394|Rural|
58876|Palo Alto|Ranchería|Copándaro|Michoacán de Ocampo||58882|16|58882||29|018|6395|Rural|
58876|Rosa de Castilla|Ranchería|Copándaro|Michoacán de Ocampo||58882|16|58882||29|018|6396|Rural|
58880|Club Campestre Erandeni|Fraccionamiento|Tarímbaro|Michoacán de Ocampo||58882|16|58882||21|088|0002|Urbano|
58880|Cueva del Coyote|Colonia|Tarímbaro|Michoacán de Ocampo||58882|16|58882||09|088|0003|Urbano|
58880|De La Cruz|Barrio|Tarímbaro|Michoacán de Ocampo||58882|16|58882||02|088|0004|Urbano|
58880|La Doctrina|Barrio|Tarímbaro|Michoacán de Ocampo||58882|16|58882||02|088|0006|Urbano|
58880|San Marcos|Barrio|Tarímbaro|Michoacán de Ocampo||58882|16|58882||02|088|0010|Urbano|
58880|Villa Natura|Fraccionamiento|Tarímbaro|Michoacán de Ocampo||58882|16|58882||21|088|0021|Urbano|
58880|Parque Solé|Unidad habitacional|Tarímbaro|Michoacán de Ocampo||58882|16|58882||31|088|0024|Urbano|
58880|Erandeni|Fraccionamiento|Tarímbaro|Michoacán de Ocampo||58882|16|58882||21|088|0027|Urbano|
58880|Real Castillejo|Fraccionamiento|Tarímbaro|Michoacán de Ocampo||58882|16|58882||21|088|0031|Urbano|
58880|Cañada del Herrero|Ranchería|Tarímbaro|Michoacán de Ocampo||58882|16|58882||29|088|0844|Rural|
58880|El Colegio|Ranchería|Tarímbaro|Michoacán de Ocampo||58882|16|58882||29|088|0845|Rural|
58880|Ex-Hacienda de Guadalupe|Ranchería|Tarímbaro|Michoacán de Ocampo||58882|16|58882||29|088|0846|Rural|
58880|Santa María|Ranchería|Tarímbaro|Michoacán de Ocampo||58882|16|58882||29|088|0848|Rural|
58880|Tarímbaro|Pueblo|Tarímbaro|Michoacán de Ocampo||58882|16|58882||28|088|0849|Urbano|
58880|Erandeni I|Conjunto habitacional|Tarímbaro|Michoacán de Ocampo||58882|16|58882||12|088|3590|Urbano|
58880|Villa Tzipekua (Erandeni III)|Fraccionamiento|Tarímbaro|Michoacán de Ocampo||58882|16|58882||21|088|3609|Urbano|
58880|Puerta del Sol|Colonia|Tarímbaro|Michoacán de Ocampo||58882|16|58882||09|088|3610|Urbano|
58880|Real Erandeni|Fraccionamiento|Tarímbaro|Michoacán de Ocampo||58882|16|58882||21|088|3623|Urbano|
58880|Diana Laura Viuda de Colosio|Fraccionamiento|Tarímbaro|Michoacán de Ocampo||58882|16|58882||21|088|3807|Urbano|
58880|Galaxia Tarimbaro II|Fraccionamiento|Tarímbaro|Michoacán de Ocampo||58882|16|58882||21|088|3813|Urbano|
58880|Jardín Morelia|Fraccionamiento|Tarímbaro|Michoacán de Ocampo||58882|16|58882||21|088|3814|Urbano|
58880|Las Palomas|Fraccionamiento|Tarímbaro|Michoacán de Ocampo||58882|16|58882||21|088|3815|Rural|
58880|Loma Dorada Erandeni|Fraccionamiento|Tarímbaro|Michoacán de Ocampo||58882|16|58882||21|088|3816|Urbano|
58880|Real Valladolid|Fraccionamiento|Tarímbaro|Michoacán de Ocampo||58882|16|58882||21|088|3817|Rural|
58880|Paseo del Erandeni|Conjunto habitacional|Tarímbaro|Michoacán de Ocampo||58882|16|58882||12|088|3818|Urbano|
58880|Privadas del Sol|Fraccionamiento|Tarímbaro|Michoacán de Ocampo||58882|16|58882||21|088|3821|Urbano|
58880|Privadas del Sol II|Fraccionamiento|Tarímbaro|Michoacán de Ocampo||58882|16|58882||21|088|3822|Urbano|
58880|Queretanillo|Fraccionamiento|Tarímbaro|Michoacán de Ocampo||58882|16|58882||21|088|3823|Urbano|
58880|Real Hacienda (Metrópolis)|Fraccionamiento|Tarímbaro|Michoacán de Ocampo||58882|16|58882||21|088|3824|Urbano|
58880|Erandeni II|Conjunto habitacional|Tarímbaro|Michoacán de Ocampo||58882|16|58882||12|088|3825|Urbano|
58880|Valinda|Fraccionamiento|Tarímbaro|Michoacán de Ocampo||58882|16|58882||21|088|3826|Urbano|
58880|Erandeni IV|Conjunto habitacional|Tarímbaro|Michoacán de Ocampo||58882|16|58882||12|088|4682|Urbano|
58880|Galaxia Tarímbaro I|Fraccionamiento|Tarímbaro|Michoacán de Ocampo||58882|16|58882||21|088|4684|Urbano|
58880|Galaxia Tarímbaro III|Fraccionamiento|Tarímbaro|Michoacán de Ocampo||58882|16|58882||21|088|4685|Urbano|
58880|Hacienda del Sol|Fraccionamiento|Tarímbaro|Michoacán de Ocampo||58882|16|58882||21|088|4686|Urbano|
58880|Loma Bonita|Colonia|Tarímbaro|Michoacán de Ocampo||58882|16|58882||09|088|4687|Urbano|
58880|Metrópolis|Fraccionamiento|Tarímbaro|Michoacán de Ocampo||58882|16|58882||21|088|4688|Urbano|
58880|San Bernabé de las Canteras|Fraccionamiento|Tarímbaro|Michoacán de Ocampo||58882|16|58882||21|088|4691|Rural|
58880|El Carrizal|Ranchería|Tarímbaro|Michoacán de Ocampo||58882|16|58882||29|088|4694|Rural|
58880|Independencia|Colonia|Tarímbaro|Michoacán de Ocampo||58882|16|58882||09|088|4696|Rural|
58880|La Cantera|Conjunto habitacional|Tarímbaro|Michoacán de Ocampo||58882|16|58882||12|088|4699|Rural|
58880|Campestre|Colonia|Tarímbaro|Michoacán de Ocampo||58882|16|58882||09|088|5557|Urbano|
58880|Metrópolis III|Fraccionamiento|Tarímbaro|Michoacán de Ocampo||58882|16|58882||21|088|5568|Urbano|
58881|Cuto del Porvenir|Pueblo|Tarímbaro|Michoacán de Ocampo||58882|16|58882||28|088|0850|Urbano|
58883|Peña del Panal|Ranchería|Tarímbaro|Michoacán de Ocampo||58882|16|58882||29|088|0851|Rural|
58883|Rancho Nuevo|Ranchería|Tarímbaro|Michoacán de Ocampo||58882|16|58882||29|088|0852|Rural|
58885|El Curiro|Ranchería|Tarímbaro|Michoacán de Ocampo||58882|16|58882||29|088|0013|Rural|
58885|El Puesto|Pueblo|Tarímbaro|Michoacán de Ocampo||58882|16|58882||28|088|0015|Rural|
58885|Cañada de la Magdalena|Pueblo|Tarímbaro|Michoacán de Ocampo||58882|16|58882||28|088|0026|Rural|
58885|Fray Bernabé de J. Montoya (La Ladera)|Fraccionamiento|Tarímbaro|Michoacán de Ocampo||58882|16|58882||21|088|0033|Rural|
58885|Wenceslao Victoria Soto|Colonia|Tarímbaro|Michoacán de Ocampo||58882|16|58882||09|088|0034|Rural|
58885|Mesón Nuevo|Pueblo|Tarímbaro|Michoacán de Ocampo||58882|16|58882||28|088|0853|Rural|
58886|Las Coronillas|Rancho|Tarímbaro|Michoacán de Ocampo||58882|16|58882||48|088|0012|Rural|
58886|La Colmena (El Garbanzo)|Rancho|Tarímbaro|Michoacán de Ocampo||58882|16|58882||48|088|0018|Rural|
58886|Cañada de los Sauces|Ranchería|Tarímbaro|Michoacán de Ocampo||58882|16|58882||29|088|0854|Rural|
58887|La Concepción (La Conchita)|Ranchería|Tarímbaro|Michoacán de Ocampo||58882|16|58882||29|088|0011|Rural|
58887|Jamaica|Pueblo|Tarímbaro|Michoacán de Ocampo||58882|16|58882||28|088|0014|Rural|
58887|Felipe Ángeles|Pueblo|Tarímbaro|Michoacán de Ocampo||58882|16|58882||28|088|0016|Rural|
58887|Ampliación Jamaica|Colonia|Tarímbaro|Michoacán de Ocampo||58882|16|58882||09|088|0019|Rural|
58887|El Zapote|Rancho|Tarímbaro|Michoacán de Ocampo||58882|16|58882||48|088|0020|Rural|
58887|Aríndeo|Pueblo|Tarímbaro|Michoacán de Ocampo||58882|16|58882||28|088|0855|Rural|
58887|Santa Cruz|Ranchería|Tarímbaro|Michoacán de Ocampo||58882|16|58882||29|088|0856|Rural|
58890|Plan de Ayala|Colonia|Tarímbaro|Michoacán de Ocampo||58922|16|58922||09|088|0008|Urbano|
58890|Cotzio|Ranchería|Tarímbaro|Michoacán de Ocampo||58922|16|58922||29|088|0857|Rural|
58890|Cuparátaro|Pueblo|Tarímbaro|Michoacán de Ocampo||58922|16|58922||28|088|0858|Rural|
58890|La Noria|Ranchería|Tarímbaro|Michoacán de Ocampo||58922|16|58922||29|088|0859|Rural|
58890|Téjaro de los Izquierdo|Pueblo|Tarímbaro|Michoacán de Ocampo||58922|16|58922||28|088|0860|Urbano|
58890|El Calabozo|Colonia|Tarímbaro|Michoacán de Ocampo||58922|16|58922||09|088|3808|Urbano|
58890|El Capulín|Colonia|Tarímbaro|Michoacán de Ocampo||58922|16|58922||09|088|3809|Urbano|
58890|El Cerrito de Cotzio|Colonia|Tarímbaro|Michoacán de Ocampo||58922|16|58922||09|088|3810|Urbano|
58891|El Pedregal|Colonia|Tarímbaro|Michoacán de Ocampo||58882|16|58882||09|088|0005|Urbano|
58891|Los Olivos|Colonia|Tarímbaro|Michoacán de Ocampo||58882|16|58882||09|088|0007|Urbano|
58891|San Carlos|Colonia|Tarímbaro|Michoacán de Ocampo||58882|16|58882||09|088|0009|Urbano|
58891|El Cuitzillo Grande|Pueblo|Tarímbaro|Michoacán de Ocampo||58882|16|58882||28|088|0861|Rural|
58891|Miguel Hidalgo|Ranchería|Tarímbaro|Michoacán de Ocampo||58882|16|58882||29|088|0862|Rural|
58891|San José de la Trinidad|Ranchería|Tarímbaro|Michoacán de Ocampo||58882|16|58882||29|088|0863|Rural|
58891|San Pedro de los Sauces|Ranchería|Tarímbaro|Michoacán de Ocampo||58882|16|58882||29|088|0864|Rural|
58891|Uruétaro|Pueblo|Tarímbaro|Michoacán de Ocampo||58882|16|58882||28|088|0865|Urbano|
58891|Bugambilias|Fraccionamiento|Tarímbaro|Michoacán de Ocampo||58882|16|58882||21|088|3805|Rural|
58891|Ex Hacienda de Uruétaro|Fraccionamiento|Tarímbaro|Michoacán de Ocampo||58882|16|58882||21|088|3812|Rural|
58891|Vista Bella|Fraccionamiento|Tarímbaro|Michoacán de Ocampo||58882|16|58882||21|088|3827|Rural|
58891|Hacienda el Encanto|Fraccionamiento|Tarímbaro|Michoacán de Ocampo||58882|16|58882||21|088|5531|Rural|
58893|Verónica López|Colonia|Tarímbaro|Michoacán de Ocampo||58882|16|58882||09|088|0022|Rural|
58893|Privadas el Trébol|Conjunto habitacional|Tarímbaro|Michoacán de Ocampo||58882|16|58882||12|088|0023|Rural|
58893|Granja El Mezquite|Rancho|Tarímbaro|Michoacán de Ocampo||58882|16|58882||48|088|0028|Rural|
58893|Colinas de la Palma|Fraccionamiento|Tarímbaro|Michoacán de Ocampo||58882|16|58882||21|088|0029|Rural|
58893|Ex-Hacienda San José|Fraccionamiento|Tarímbaro|Michoacán de Ocampo||58882|16|58882||21|088|0030|Rural|
58893|El Trébol|Fraccionamiento|Tarímbaro|Michoacán de Ocampo||58882|16|58882||21|088|3739|Rural|
58893|La Palma (Las Palmas)|Pueblo|Tarímbaro|Michoacán de Ocampo||58882|16|58882||28|088|3740|Rural|
58893|Laureles Eréndira|Fraccionamiento|Tarímbaro|Michoacán de Ocampo||58882|16|58882||21|088|3741|Rural|
58893|Mirador de las Palmas|Fraccionamiento|Tarímbaro|Michoacán de Ocampo||58882|16|58882||21|088|3742|Rural|
58893|Mirador de las Monarcas|Conjunto habitacional|Tarímbaro|Michoacán de Ocampo||58882|16|58882||12|088|3743|Rural|
58893|Paseo Santa Fe|Fraccionamiento|Tarímbaro|Michoacán de Ocampo||58882|16|58882||21|088|3744|Rural|
58893|San José de la Palma|Fraccionamiento|Tarímbaro|Michoacán de Ocampo||58882|16|58882||21|088|3745|Rural|
58893|Terranova|Fraccionamiento|Tarímbaro|Michoacán de Ocampo||58882|16|58882||21|088|3746|Rural|
58893|Valle Real|Conjunto habitacional|Tarímbaro|Michoacán de Ocampo||58882|16|58882||12|088|3747|Rural|
58893|Campestre Tarímbaro|Fraccionamiento|Tarímbaro|Michoacán de Ocampo||58882|16|58882||21|088|3806|Rural|
58893|Paseos del Valle|Fraccionamiento|Tarímbaro|Michoacán de Ocampo||58882|16|58882||21|088|3820|Rural|
58893|Cuesta Prieta|Colonia|Tarímbaro|Michoacán de Ocampo||58882|16|58882||09|088|4678|Rural|
58893|El Cuitzillo Chico|Pueblo|Tarímbaro|Michoacán de Ocampo||58882|16|58882||28|088|4679|Rural|
58893|El Sendero|Fraccionamiento|Tarímbaro|Michoacán de Ocampo||58882|16|58882||21|088|4680|Rural|
58893|Francisco Villa|Colonia|Tarímbaro|Michoacán de Ocampo||58882|16|58882||09|088|4683|Rural|
58893|Rinconada de los Sauces|Fraccionamiento|Tarímbaro|Michoacán de Ocampo||58882|16|58882||21|088|4690|Rural|
58893|Terranova II|Fraccionamiento|Tarímbaro|Michoacán de Ocampo||58882|16|58882||21|088|4692|Rural|
58893|Cumbres de Tarímbaro|Fraccionamiento|Tarímbaro|Michoacán de Ocampo||58882|16|58882||21|088|4698|Urbano|
58893|Los Ruiseñores|Fraccionamiento|Tarímbaro|Michoacán de Ocampo||58882|16|58882||21|088|5335|Rural|
58895|El Jagüey|Rancho|Tarímbaro|Michoacán de Ocampo||58882|16|58882||48|088|0017|Rural|
58895|Las Espigas|Fraccionamiento|Tarímbaro|Michoacán de Ocampo||58882|16|58882||21|088|0025|Rural|
58895|Monarca|Fraccionamiento|Tarímbaro|Michoacán de Ocampo||58882|16|58882||21|088|0032|Rural|
58895|El Lometón|Ranchería|Tarímbaro|Michoacán de Ocampo||58882|16|58882||29|088|0866|Rural|
58895|Santa Ana del Arco|Ranchería|Tarímbaro|Michoacán de Ocampo||58882|16|58882||29|088|0867|Rural|
58895|La Magdalena (Ex-Hacienda de la Magdalena)|Ranchería|Tarímbaro|Michoacán de Ocampo||58882|16|58882||29|088|4695|Rural|
58895|Paraíso Escondido Etapa I, II y III|Fraccionamiento|Tarímbaro|Michoacán de Ocampo||58882|16|58882||21|088|4697|Rural|
58900|La Loma|Colonia|Santa Ana Maya|Michoacán de Ocampo||58901|16|58901||09|078|0002|Urbano|
58900|Santa Ana Maya|Pueblo|Santa Ana Maya|Michoacán de Ocampo||58901|16|58901||28|078|0871|Urbano|
58900|Del Bosque|Fraccionamiento|Santa Ana Maya|Michoacán de Ocampo||58901|16|58901||21|078|6670|Urbano|
58900|El Salomonico|Fraccionamiento|Santa Ana Maya|Michoacán de Ocampo||58901|16|58901||21|078|6671|Urbano|
58900|Guadalupe|Colonia|Santa Ana Maya|Michoacán de Ocampo||58901|16|58901||09|078|6672|Urbano|
58900|La Soledad|Colonia|Santa Ana Maya|Michoacán de Ocampo||58901|16|58901||09|078|6673|Urbano|
58900|San Antonio|Colonia|Santa Ana Maya|Michoacán de Ocampo||58901|16|58901||09|078|6674|Urbano|
58900|Valle Dorado|Fraccionamiento|Santa Ana Maya|Michoacán de Ocampo||58901|16|58901||21|078|6675|Urbano|
58905|El Toronjo|Ranchería|Santa Ana Maya|Michoacán de Ocampo||58901|16|58901||29|078|0868|Rural|
58905|Puerto de Cabras|Ranchería|Santa Ana Maya|Michoacán de Ocampo||58901|16|58901||29|078|0870|Rural|
58909|San Nicolás Cuiritzeo|Pueblo|Santa Ana Maya|Michoacán de Ocampo||58901|16|58901||28|078|0874|Rural|
58910|El Saltos Dos|Ranchería|Santa Ana Maya|Michoacán de Ocampo||58901|16|58901||29|078|0001|Rural|
58910|El Cuervo|Ranchería|Santa Ana Maya|Michoacán de Ocampo||58901|16|58901||29|078|0875|Rural|
58910|El Salto|Ranchería|Santa Ana Maya|Michoacán de Ocampo||58901|16|58901||29|078|0876|Rural|
58910|San Rafael del Carrizal|Pueblo|Santa Ana Maya|Michoacán de Ocampo||58901|16|58901||28|078|0877|Rural|
58912|Potzundareo|Ranchería|Santa Ana Maya|Michoacán de Ocampo||58901|16|58901||29|078|0879|Rural|
58913|Buenavista|Ejido|Santa Ana Maya|Michoacán de Ocampo||58901|16|58901||15|078|0880|Rural|
58913|José Zavala (Los Zavala)|Ranchería|Santa Ana Maya|Michoacán de Ocampo||58901|16|58901||29|078|6676|Rural|
58914|La Lobera|Ranchería|Santa Ana Maya|Michoacán de Ocampo||58901|16|58901||29|078|0869|Rural|
58915|Mesa Rica|Ranchería|Santa Ana Maya|Michoacán de Ocampo||58901|16|58901||29|078|6677|Rural|
58915|Rancho Nuevo|Ranchería|Santa Ana Maya|Michoacán de Ocampo||58901|16|58901||29|078|6678|Rural|
58918|Huacao|Ranchería|Santa Ana Maya|Michoacán de Ocampo||58901|16|58901||29|078|0881|Rural|
58919|Santa Rosa (El Tejocote)|Ranchería|Santa Ana Maya|Michoacán de Ocampo||58901|16|58901||29|078|0873|Rural|
58919|La Ladera|Ranchería|Santa Ana Maya|Michoacán de Ocampo||58901|16|58901||29|078|0882|Rural|
58920|Bellavista|Colonia|Álvaro Obregón|Michoacán de Ocampo||58922|16|58922||09|003|0001|Urbano|
58920|Loma Larga|Colonia|Álvaro Obregón|Michoacán de Ocampo||58922|16|58922||09|003|0002|Urbano|
58920|Los Sauces|Fraccionamiento|Álvaro Obregón|Michoacán de Ocampo||58922|16|58922||21|003|0003|Urbano|
58920|Vista Bella|Colonia|Álvaro Obregón|Michoacán de Ocampo||58922|16|58922||09|003|0004|Urbano|
58920|Ex Hacienda la Huerta|Fraccionamiento|Álvaro Obregón|Michoacán de Ocampo||58922|16|58922||21|003|0018|Urbano|
58920|Álvaro Obregón|Pueblo|Álvaro Obregón|Michoacán de Ocampo||58922|16|58922||28|003|0883|Urbano|
58920|Singuio|Pueblo|Álvaro Obregón|Michoacán de Ocampo||58922|16|58922||28|003|0886|Urbano|
58923|Ampliación la Mina|Rancho|Álvaro Obregón|Michoacán de Ocampo||58922|16|58922||48|003|0005|Rural|
58923|El Moral|Rancho|Álvaro Obregón|Michoacán de Ocampo||58922|16|58922||48|003|0007|Rural|
58923|Felipe Ángeles (Hacienda de las Piedras)|Ranchería|Álvaro Obregón|Michoacán de Ocampo||58922|16|58922||29|003|0009|Rural|
58923|Las Peñas|Rancho|Álvaro Obregón|Michoacán de Ocampo||58922|16|58922||48|003|0012|Rural|
58923|Mezquite Verde (Felipe Ángeles)|Ranchería|Álvaro Obregón|Michoacán de Ocampo||58922|16|58922||29|003|0013|Rural|
58923|Mezquite Verde (La Hacienda del Mezquite Verde)|Ranchería|Álvaro Obregón|Michoacán de Ocampo||58922|16|58922||29|003|0014|Rural|
58923|Temazcal (La Soledad)|Ranchería|Álvaro Obregón|Michoacán de Ocampo||58922|16|58922||29|003|0016|Rural|
58923|Tepacua (El Cerrito)|Ranchería|Álvaro Obregón|Michoacán de Ocampo||58922|16|58922||29|003|0017|Rural|
58923|Tzintzimeo|Pueblo|Álvaro Obregón|Michoacán de Ocampo||58922|16|58922||28|003|0887|Rural|
58923|La Mina|Ranchería|Álvaro Obregón|Michoacán de Ocampo||58922|16|58922||29|003|0889|Rural|
58923|Lázaro Cárdenas (La Purísima)|Pueblo|Álvaro Obregón|Michoacán de Ocampo||58922|16|58922||28|003|0890|Rural|
58923|Sacapendo|Ranchería|Álvaro Obregón|Michoacán de Ocampo||58922|16|58922||29|003|0891|Rural|
58923|Adolfo Ruiz Cortines|Colonia|Álvaro Obregón|Michoacán de Ocampo||58922|16|58922||09|003|5334|Rural|
58924|Félix Ireta|Ranchería|Álvaro Obregón|Michoacán de Ocampo||58922|16|58922||29|003|0010|Rural|
58924|Isla de Cirio (Isla de los Puercos)|Ranchería|Álvaro Obregón|Michoacán de Ocampo||58922|16|58922||29|003|0011|Rural|
58924|Felipe Carrillo Puerto|Ranchería|Álvaro Obregón|Michoacán de Ocampo||58922|16|58922||29|003|0892|Rural|
58924|La Presa|Ranchería|Álvaro Obregón|Michoacán de Ocampo||58922|16|58922||29|003|0893|Rural|
58925|Las Trojes|Ranchería|Álvaro Obregón|Michoacán de Ocampo||58922|16|58922||29|003|0885|Rural|
58925|Chehuayo Chico (Chehuayito)|Ranchería|Álvaro Obregón|Michoacán de Ocampo||58922|16|58922||29|003|0894|Rural|
58925|Chehuayo Grande|Pueblo|Álvaro Obregón|Michoacán de Ocampo||58922|16|58922||28|003|0895|Rural|
58925|León Cárdenas (La Ardilla)|Ranchería|Álvaro Obregón|Michoacán de Ocampo||58922|16|58922||29|003|0896|Rural|
58926|Emiliano Zapata|Ranchería|Álvaro Obregón|Michoacán de Ocampo||58922|16|58922||29|003|0897|Rural|
58926|Palo Blanco|Ranchería|Álvaro Obregón|Michoacán de Ocampo||58922|16|58922||29|003|0898|Rural|
58927|El Alto de Avilés|Ranchería|Álvaro Obregón|Michoacán de Ocampo||58922|16|58922||29|003|0899|Rural|
58927|El Zapote [Colonia Agrícola]|Colonia|Álvaro Obregón|Michoacán de Ocampo||58922|16|58922||09|003|0900|Rural|
58928|Quirio (Ex-Hacienda de Quirio)|Ranchería|Álvaro Obregón|Michoacán de Ocampo||58922|16|58922||29|003|0006|Rural|
58928|Estación de Quirio|Ranchería|Álvaro Obregón|Michoacán de Ocampo||58922|16|58922||29|003|0008|Rural|
58928|Potrero Verde|Rancho|Álvaro Obregón|Michoacán de Ocampo||58922|16|58922||48|003|0015|Rural|
58928|El Calvario|Ranchería|Álvaro Obregón|Michoacán de Ocampo||58922|16|58922||29|003|0884|Rural|
58928|El Venado|Colonia|Álvaro Obregón|Michoacán de Ocampo||58922|16|58922||09|003|0901|Rural|
58930|Zinapécuaro de Figueroa Centro|Colonia|Zinapécuaro|Michoacán de Ocampo|Zinapécuaro de Figueroa|58934|16|58934||09|110|0905|Urbano|16
58931|12 de Diciembre|Colonia|Zinapécuaro|Michoacán de Ocampo|Zinapécuaro de Figueroa|58934|16|58934||09|110|2972|Urbano|16
58931|Cristo Rey|Colonia|Zinapécuaro|Michoacán de Ocampo|Zinapécuaro de Figueroa|58934|16|58934||09|110|2974|Urbano|16
58931|San Carlos|Fraccionamiento|Zinapécuaro|Michoacán de Ocampo|Zinapécuaro de Figueroa|58934|16|58934||21|110|2981|Urbano|16
58931|Independencia|Colonia|Zinapécuaro|Michoacán de Ocampo|Zinapécuaro de Figueroa|58934|16|58934||09|110|2985|Urbano|16
58931|Vasco de Quiroga|Colonia|Zinapécuaro|Michoacán de Ocampo|Zinapécuaro de Figueroa|58934|16|58934||09|110|2995|Urbano|16
58931|Arboledas|Fraccionamiento|Zinapécuaro|Michoacán de Ocampo|Zinapécuaro de Figueroa|58934|16|58934||21|110|2998|Urbano|16
58932|San Juan|Barrio|Zinapécuaro|Michoacán de Ocampo|Zinapécuaro de Figueroa|58934|16|58934||02|110|2970|Urbano|16
58932|Emiliano Zapata|Colonia|Zinapécuaro|Michoacán de Ocampo|Zinapécuaro de Figueroa|58934|16|58934||09|110|2977|Urbano|16
58932|Las Galeras|Colonia|Zinapécuaro|Michoacán de Ocampo|Zinapécuaro de Figueroa|58934|16|58934||09|110|2983|Urbano|16
58932|Las Tinajas|Colonia|Zinapécuaro|Michoacán de Ocampo|Zinapécuaro de Figueroa|58934|16|58934||09|110|2987|Urbano|16
58932|Miguel Hinojosa|Colonia|Zinapécuaro|Michoacán de Ocampo|Zinapécuaro de Figueroa|58934|16|58934||09|110|2990|Urbano|16
58932|Revolución|Colonia|Zinapécuaro|Michoacán de Ocampo|Zinapécuaro de Figueroa|58934|16|58934||09|110|2993|Urbano|16
58932|Tierras Coloradas|Colonia|Zinapécuaro|Michoacán de Ocampo|Zinapécuaro de Figueroa|58934|16|58934||09|110|2994|Urbano|16
58932|20 de Noviembre|Colonia|Zinapécuaro|Michoacán de Ocampo|Zinapécuaro de Figueroa|58934|16|58934||09|110|2996|Urbano|16
58933|Ampliación los Pinos|Colonia|Zinapécuaro|Michoacán de Ocampo|Zinapécuaro de Figueroa|58934|16|58934||09|110|0040|Urbano|16
58933|El Desierto|Colonia|Zinapécuaro|Michoacán de Ocampo|Zinapécuaro de Figueroa|58934|16|58934||09|110|2975|Urbano|16
58933|Francisco I. Madero|Colonia|Zinapécuaro|Michoacán de Ocampo|Zinapécuaro de Figueroa|58934|16|58934||09|110|2982|Urbano|16
58935|La Presa|Colonia|Zinapécuaro|Michoacán de Ocampo|Zinapécuaro de Figueroa|58934|16|58934||09|110|0041|Urbano|16
58935|Las Canoas|Colonia|Zinapécuaro|Michoacán de Ocampo|Zinapécuaro de Figueroa|58934|16|58934||09|110|2973|Urbano|16
58935|El Seguro|Colonia|Zinapécuaro|Michoacán de Ocampo|Zinapécuaro de Figueroa|58934|16|58934||09|110|2976|Urbano|16
58935|La Mora|Colonia|Zinapécuaro|Michoacán de Ocampo|Zinapécuaro de Figueroa|58934|16|58934||09|110|2986|Urbano|16
58935|Residencial Hacienda Real|Colonia|Zinapécuaro|Michoacán de Ocampo|Zinapécuaro de Figueroa|58934|16|58934||09|110|6290|Urbano|16
58936|Valles de Michoacán|Fraccionamiento|Zinapécuaro|Michoacán de Ocampo|Zinapécuaro de Figueroa|58934|16|58934||21|110|0039|Urbano|16
58936|Bella Vista|Colonia|Zinapécuaro|Michoacán de Ocampo|Zinapécuaro de Figueroa|58934|16|58934||09|110|2971|Urbano|16
58936|Lázaro Cárdenas|Colonia|Zinapécuaro|Michoacán de Ocampo|Zinapécuaro de Figueroa|58934|16|58934||09|110|2988|Urbano|16
58936|El Puerto|Colonia|Zinapécuaro|Michoacán de Ocampo|Zinapécuaro de Figueroa|58934|16|58934||09|110|2997|Urbano|16
58937|Los Fresnos|Fraccionamiento|Zinapécuaro|Michoacán de Ocampo|Zinapécuaro de Figueroa|58934|16|58934||21|110|2980|Urbano|16
58937|Clavellinas|Colonia|Zinapécuaro|Michoacán de Ocampo|Zinapécuaro de Figueroa|58934|16|58934||09|110|2991|Urbano|16
58938|Félix Ireta|Colonia|Zinapécuaro|Michoacán de Ocampo|Zinapécuaro de Figueroa|58934|16|58934||09|110|2978|Urbano|16
58938|Atzimba|Fraccionamiento|Zinapécuaro|Michoacán de Ocampo|Zinapécuaro de Figueroa|58934|16|58934||21|110|2979|Urbano|16
58938|Los Positos|Colonia|Zinapécuaro|Michoacán de Ocampo|Zinapécuaro de Figueroa|58934|16|58934||09|110|2989|Urbano|16
58938|Los Parajes|Colonia|Zinapécuaro|Michoacán de Ocampo|Zinapécuaro de Figueroa|58934|16|58934||09|110|2992|Urbano|16
58940|Queréndaro [Estación]|Pueblo|Zinapécuaro|Michoacán de Ocampo||58934|16|58934||28|110|0914|Rural|
58940|Francisco Villa|Ranchería|Zinapécuaro|Michoacán de Ocampo||58934|16|58934||29|110|0917|Rural|
58940|Belisario Domínguez|Ranchería|Zinapécuaro|Michoacán de Ocampo||58934|16|58934||29|110|0918|Rural|
58940|San Bernardo|Ranchería|Zinapécuaro|Michoacán de Ocampo||58934|16|58934||29|110|3802|Rural|
58940|De Coro|Colonia|Zinapécuaro|Michoacán de Ocampo||58934|16|58934||09|110|5562|Rural|
58942|San Bartolomé Coro|Ranchería|Zinapécuaro|Michoacán de Ocampo||58934|16|58934||29|110|0915|Rural|
58942|José María Morelos (La Yegüería)|Pueblo|Zinapécuaro|Michoacán de Ocampo||58934|16|58934||28|110|0916|Rural|
58944|La Providencia|Rancho|Zinapécuaro|Michoacán de Ocampo||58934|16|58934||48|110|0023|Rural|
58944|San Nicolás Simirao|Ranchería|Zinapécuaro|Michoacán de Ocampo||58934|16|58934||29|110|0919|Rural|
58945|Los Pinos|Colonia|Zinapécuaro|Michoacán de Ocampo||58934|16|58934||09|110|0001|Urbano|
58945|San Pedro Bocaneo|Pueblo|Zinapécuaro|Michoacán de Ocampo||58934|16|58934||28|110|0906|Urbano|
58946|El Cuitzillo|Rancho|Zinapécuaro|Michoacán de Ocampo||58934|16|58934||48|110|0011|Rural|
58946|La Parra (El Naranjo)|Rancho|Zinapécuaro|Michoacán de Ocampo||58934|16|58934||48|110|0022|Rural|
58946|Mesa Colorada|Rancho|Zinapécuaro|Michoacán de Ocampo||58934|16|58934||48|110|0033|Rural|
58946|San Miguel Taimeo|Pueblo|Zinapécuaro|Michoacán de Ocampo||58934|16|58934||28|110|0904|Rural|
58946|Santa Cruz|Ranchería|Zinapécuaro|Michoacán de Ocampo||58934|16|58934||29|110|0908|Rural|
58948|Las Cruces|Rancho|Zinapécuaro|Michoacán de Ocampo||58934|16|58934||48|110|0028|Rural|
58948|Ziróndaro|Ranchería|Zinapécuaro|Michoacán de Ocampo||58934|16|58934||29|110|0038|Rural|
58948|El Jaral (El Jaral Lagunillas)|Ranchería|Zinapécuaro|Michoacán de Ocampo||58934|16|58934||29|110|0911|Rural|
58948|Ojo de Agua del Cuervo|Ranchería|Zinapécuaro|Michoacán de Ocampo||58934|16|58934||29|110|0912|Rural|
58949|Ejidal Eusebio Luna (Zócalo)|Colonia|Zinapécuaro|Michoacán de Ocampo||58934|16|58934||09|110|0004|Rural|
58949|El Zapote (El Zapote Bajo)|Ranchería|Zinapécuaro|Michoacán de Ocampo||58934|16|58934||29|110|0018|Rural|
58949|El Zapote Alto|Rancho|Zinapécuaro|Michoacán de Ocampo||58934|16|58934||48|110|0019|Rural|
58949|Las Malvinas (Zapote Bajo)|Rancho|Zinapécuaro|Michoacán de Ocampo||58934|16|58934||48|110|0029|Rural|
58949|Ojos de Agua|Ranchería|Zinapécuaro|Michoacán de Ocampo||58934|16|58934||29|110|0034|Rural|
58949|Santa Clara del Tule|Pueblo|Zinapécuaro|Michoacán de Ocampo||58934|16|58934||28|110|0907|Rural|
58950|Araró|Pueblo|Zinapécuaro|Michoacán de Ocampo||58934|16|58934||28|110|0920|Rural|
58953|Tierras Negras|Colonia|Zinapécuaro|Michoacán de Ocampo||58934|16|58934||09|110|0007|Rural|
58953|San José la Trasquila|Ranchería|Zinapécuaro|Michoacán de Ocampo||58934|16|58934||29|110|0036|Rural|
58953|Tierras Blancas|Rancho|Zinapécuaro|Michoacán de Ocampo||58934|16|58934||48|110|0037|Rural|
58953|El Rocío (Desviación a Araró)|Ranchería|Zinapécuaro|Michoacán de Ocampo||58934|16|58934||29|110|4368|Rural|
58954|Chirrionera (Tierra Larga)|Rancho|Zinapécuaro|Michoacán de Ocampo||58934|16|58934||48|110|0002|Rural|
58954|San Miguel las Palomas (Zacazonapan)|Ranchería|Zinapécuaro|Michoacán de Ocampo||58934|16|58934||29|110|4922|Rural|
58956|El Cerrito|Rancho|Zinapécuaro|Michoacán de Ocampo||58934|16|58934||48|110|0009|Rural|
58956|Los Trigos|Ranchería|Zinapécuaro|Michoacán de Ocampo||58934|16|58934||29|110|0032|Rural|
58956|El Tico|Pueblo|Zinapécuaro|Michoacán de Ocampo||58934|16|58934||28|110|0921|Rural|
58957|La Joya (Joya de los Capulines)|Rancho|Zinapécuaro|Michoacán de Ocampo||58934|16|58934||48|110|0021|Rural|
58957|San José Carpintero|Ranchería|Zinapécuaro|Michoacán de Ocampo||58934|16|58934||29|110|0910|Rural|
58958|Las Adjuntas|Rancho|Zinapécuaro|Michoacán de Ocampo||58934|16|58934||48|110|0026|Rural|
58958|San José del Rincón (El Rincón de Taimeo)|Ranchería|Zinapécuaro|Michoacán de Ocampo||58934|16|58934||29|110|0922|Rural|
58959|El Rosario (El Tapanco)|Rancho|Zinapécuaro|Michoacán de Ocampo||58934|16|58934||48|110|0016|Rural|
58959|Ojo de Agua de Bucio|Ranchería|Zinapécuaro|Michoacán de Ocampo||58934|16|58934||29|110|0903|Rural|
58960|El Colorado (Los Pinos)|Ranchería|Zinapécuaro|Michoacán de Ocampo||58934|16|58934||29|110|0010|Rural|
58960|El Fresno|Ranchería|Zinapécuaro|Michoacán de Ocampo||58934|16|58934||29|110|0013|Rural|
58960|Las Canoas|Rancho|Zinapécuaro|Michoacán de Ocampo||58934|16|58934||48|110|0027|Rural|
58960|Buenavista (San Miguel Buenavista)|Ranchería|Zinapécuaro|Michoacán de Ocampo||58934|16|58934||29|110|0923|Rural|
58960|El Potrero|Ranchería|Zinapécuaro|Michoacán de Ocampo||58934|16|58934||29|110|4367|Rural|
58960|El Salto|Ranchería|Zinapécuaro|Michoacán de Ocampo||58934|16|58934||29|110|4369|Rural|
58962|Ucareo|Pueblo|Zinapécuaro|Michoacán de Ocampo||58934|16|58934||28|110|0927|Urbano|
58963|Valle de Juárez (Jeráhuaro)|Pueblo|Zinapécuaro|Michoacán de Ocampo||58934|16|58934||28|110|0929|Urbano|
58964|Pino Cerdón|Colonia|Zinapécuaro|Michoacán de Ocampo||58934|16|58934||09|110|0005|Rural|
58964|La Joya|Rancho|Zinapécuaro|Michoacán de Ocampo||58934|16|58934||48|110|0020|Rural|
58964|Jacuarillo (Jucuarillo)|Ranchería|Zinapécuaro|Michoacán de Ocampo||58934|16|58934||29|110|0930|Rural|
58965|El Jaralillo|Ranchería|Zinapécuaro|Michoacán de Ocampo||58934|16|58934||29|110|0014|Rural|
58965|La Venta del Capulín|Ranchería|Zinapécuaro|Michoacán de Ocampo||58934|16|58934||29|110|0025|Rural|
58965|Los Guerreros (El Fondo)|Ranchería|Zinapécuaro|Michoacán de Ocampo||58934|16|58934||29|110|0031|Rural|
58965|Paso de Yeguas|Rancho|Zinapécuaro|Michoacán de Ocampo||58934|16|58934||48|110|0035|Rural|
58965|Heriberto Jara (La Presa)|Ranchería|Zinapécuaro|Michoacán de Ocampo||58934|16|58934||29|110|0924|Rural|
58965|San Ildefonso|Pueblo|Zinapécuaro|Michoacán de Ocampo||58934|16|58934||28|110|0926|Rural|
58965|Huajúmbaro (Huajúmbaro de Guadalupe)|Ranchería|Zinapécuaro|Michoacán de Ocampo||58934|16|58934||29|110|0928|Rural|
58966|Ampliación el Sauz|Colonia|Zinapécuaro|Michoacán de Ocampo||58934|16|58934||09|110|0003|Urbano|
58966|Cruz de Caminos (Entronque Jeráhuaro)|Ranchería|Zinapécuaro|Michoacán de Ocampo||58934|16|58934||29|110|0008|Rural|
58966|El Derramadero|Rancho|Zinapécuaro|Michoacán de Ocampo||58934|16|58934||48|110|0012|Rural|
58966|El Rincón de Jeráhuaro|Ranchería|Zinapécuaro|Michoacán de Ocampo||58934|16|58934||29|110|0015|Rural|
58966|El Sauz|Rancho|Zinapécuaro|Michoacán de Ocampo||58934|16|58934||48|110|0017|Rural|
58966|La Reserva|Rancho|Zinapécuaro|Michoacán de Ocampo||58934|16|58934||48|110|0024|Rural|
58966|La Galera (San Joaquín Jaripeo)|Ranchería|Zinapécuaro|Michoacán de Ocampo||58934|16|58934||29|110|0931|Rural|
58966|San Joaquín Jaripeo (La Ex-Hacienda)|Ranchería|Zinapécuaro|Michoacán de Ocampo||58934|16|58934||29|110|4370|Rural|
58967|Taimeo el Chico (La Yerbabuena)|Pueblo|Zinapécuaro|Michoacán de Ocampo||58934|16|58934||28|110|0913|Rural|
58970|12 de diciembre|Colonia|Indaparapeo|Michoacán de Ocampo||58971|16|58971||09|040|0001|Urbano|
58970|El Castillo|Colonia|Indaparapeo|Michoacán de Ocampo||58971|16|58971||09|040|0002|Urbano|
58970|Independencia|Colonia|Indaparapeo|Michoacán de Ocampo||58971|16|58971||09|040|0003|Urbano|
58970|La Paz|Colonia|Indaparapeo|Michoacán de Ocampo||58971|16|58971||09|040|0004|Urbano|
58970|Lázaro Cárdenas|Colonia|Indaparapeo|Michoacán de Ocampo||58971|16|58971||09|040|0005|Urbano|
58970|Miguel Hidalgo|Colonia|Indaparapeo|Michoacán de Ocampo||58971|16|58971||09|040|0006|Urbano|
58970|Indaparapeo|Pueblo|Indaparapeo|Michoacán de Ocampo||58971|16|58971||28|040|0932|Urbano|
58972|San Lucas Pío|Pueblo|Indaparapeo|Michoacán de Ocampo||58971|16|58971||28|040|0933|Urbano|
58973|El Fresno|Ranchería|Indaparapeo|Michoacán de Ocampo||58971|16|58971||29|040|0014|Rural|
58973|El Zurumutal|Ranchería|Indaparapeo|Michoacán de Ocampo||58971|16|58971||29|040|0016|Rural|
58973|La Soledad|Ranchería|Indaparapeo|Michoacán de Ocampo||58971|16|58971||29|040|0021|Rural|
58973|Las Estacas|Ranchería|Indaparapeo|Michoacán de Ocampo||58971|16|58971||29|040|0023|Rural|
58973|Tinguaraques|Ranchería|Indaparapeo|Michoacán de Ocampo||58971|16|58971||29|040|0031|Rural|
58973|Las Cruces|Ranchería|Indaparapeo|Michoacán de Ocampo||58971|16|58971||29|040|0935|Rural|
58973|Las Peras|Ranchería|Indaparapeo|Michoacán de Ocampo||58971|16|58971||29|040|0936|Rural|
58974|Curimeo|Ranchería|Indaparapeo|Michoacán de Ocampo||58971|16|58971||29|040|0013|Rural|
58974|Jorio|Ranchería|Indaparapeo|Michoacán de Ocampo||58971|16|58971||29|040|0017|Rural|
58974|La Arpita|Ranchería|Indaparapeo|Michoacán de Ocampo||58971|16|58971||29|040|0018|Rural|
58974|La Yerbabuena|Ranchería|Indaparapeo|Michoacán de Ocampo||58971|16|58971||29|040|0022|Rural|
58974|Las Pitahayas|Ranchería|Indaparapeo|Michoacán de Ocampo||58971|16|58971||29|040|0024|Rural|
58974|Los Cimientos|Ranchería|Indaparapeo|Michoacán de Ocampo||58971|16|58971||29|040|0025|Rural|
58974|Las Huertas|Ranchería|Indaparapeo|Michoacán de Ocampo||58971|16|58971||29|040|0937|Rural|
58975|Guadalupe|Pueblo|Indaparapeo|Michoacán de Ocampo||58971|16|58971||28|040|0009|Rural|
58975|Cañada del Agua|Ranchería|Indaparapeo|Michoacán de Ocampo||58971|16|58971||29|040|0938|Rural|
58976|El Zapote|Pueblo|Indaparapeo|Michoacán de Ocampo||58971|16|58971||28|040|0011|Rural|
58976|Los Juncos|Ranchería|Indaparapeo|Michoacán de Ocampo||58971|16|58971||29|040|0026|Rural|
58976|Potrero la Mesa|Ranchería|Indaparapeo|Michoacán de Ocampo||58971|16|58971||29|040|0028|Rural|
58976|El Moral|Rancho|Indaparapeo|Michoacán de Ocampo||58971|16|58971||48|040|0033|Rural|
58976|Los Naranjos|Ranchería|Indaparapeo|Michoacán de Ocampo||58971|16|58971||29|040|0939|Rural|
58976|Pueblo Nuevo|Ranchería|Indaparapeo|Michoacán de Ocampo||58971|16|58971||29|040|0940|Rural|
58977|La Cruz (Loma de la Cruz)|Ranchería|Indaparapeo|Michoacán de Ocampo||58971|16|58971||29|040|0019|Rural|
58977|La Herradura|Colonia|Indaparapeo|Michoacán de Ocampo||58971|16|58971||09|040|0020|Rural|
58977|Plan de la Salud|Pueblo|Indaparapeo|Michoacán de Ocampo||58971|16|58971||28|040|0027|Rural|
58977|Zacapendo|Pueblo|Indaparapeo|Michoacán de Ocampo||58971|16|58971||28|040|0032|Rural|
58977|Estación de Quirio (Quirio)|Ranchería|Indaparapeo|Michoacán de Ocampo||58971|16|58971||29|040|0941|Rural|
58978|Chapitiro (Rancho Grano de Oro)|Ranchería|Indaparapeo|Michoacán de Ocampo||58971|16|58971||29|040|0007|Rural|
58978|Benito Juárez (Chapitiro)|Pueblo|Indaparapeo|Michoacán de Ocampo||58971|16|58971||28|040|0008|Rural|
58978|Triunfo (La Tepacua)|Pueblo|Indaparapeo|Michoacán de Ocampo||58971|16|58971||28|040|0010|Rural|
58978|San Francisco|Pueblo|Indaparapeo|Michoacán de Ocampo||58971|16|58971||28|040|0012|Rural|
58978|El Sabino|Ranchería|Indaparapeo|Michoacán de Ocampo||58971|16|58971||29|040|0015|Rural|
58978|San José|Ranchería|Indaparapeo|Michoacán de Ocampo||58971|16|58971||29|040|0030|Rural|
58978|Quirio|Colonia|Indaparapeo|Michoacán de Ocampo||58971|16|58971||09|040|0034|Rural|
58978|Aranjuez|Colonia|Indaparapeo|Michoacán de Ocampo||58971|16|58971||09|040|0035|Rural|
58978|El Rosario|Colonia|Indaparapeo|Michoacán de Ocampo||58971|16|58971||09|040|0036|Rural|
58978|Plan de las Palmas|Pueblo|Indaparapeo|Michoacán de Ocampo||58971|16|58971||28|040|0942|Rural|
58980|Benito Juárez|Colonia|Queréndaro|Michoacán de Ocampo||58982|16|58982||09|072|0001|Urbano|
58980|El Calvario|Colonia|Queréndaro|Michoacán de Ocampo||58982|16|58982||09|072|0002|Urbano|
58980|Francisco J. Mújica|Colonia|Queréndaro|Michoacán de Ocampo||58982|16|58982||09|072|0003|Urbano|
58980|La Cruz|Colonia|Queréndaro|Michoacán de Ocampo||58982|16|58982||09|072|0004|Urbano|
58980|Queréndaro|Pueblo|Queréndaro|Michoacán de Ocampo||58982|16|58982||28|072|0943|Urbano|
58980|Mirador del Valle|Fraccionamiento|Queréndaro|Michoacán de Ocampo||58982|16|58982||21|072|3916|Urbano|
58983|Ojo de Agua Chico (Ojo de Agua Chiquito)|Rancho|Queréndaro|Michoacán de Ocampo||58982|16|58982||48|072|0020|Rural|
58983|Ojo de Agua Grande|Ranchería|Queréndaro|Michoacán de Ocampo||58982|16|58982||29|072|0021|Rural|
58983|Pueblo Viejo|Pueblo|Queréndaro|Michoacán de Ocampo||58982|16|58982||28|072|0944|Rural|
58983|Rincón de Zetina|Ranchería|Queréndaro|Michoacán de Ocampo||58982|16|58982||29|072|0946|Rural|
58983|Tiradores|Pueblo|Queréndaro|Michoacán de Ocampo||58982|16|58982||28|072|0947|Rural|
58983|San Miguel las Cuevas|Pueblo|Queréndaro|Michoacán de Ocampo||58982|16|58982||28|072|4036|Rural|
58984|El Castillo|Pueblo|Queréndaro|Michoacán de Ocampo||58982|16|58982||28|072|0948|Rural|
58985|Río de Parras|Ranchería|Queréndaro|Michoacán de Ocampo||58982|16|58982||29|072|0949|Rural|
58986|La Estancia|Ranchería|Queréndaro|Michoacán de Ocampo||58982|16|58982||29|072|0950|Rural|
58987|Eusebio Luna|Colonia|Queréndaro|Michoacán de Ocampo||58982|16|58982||09|072|0951|Rural|
58990|Puente de Piedra|Ranchería|Queréndaro|Michoacán de Ocampo||58982|16|58982||29|072|0024|Rural|
58990|San José Lagunillas|Ranchería|Queréndaro|Michoacán de Ocampo||58982|16|58982||29|072|0026|Rural|
58990|San José de la Cumbre|Pueblo|Queréndaro|Michoacán de Ocampo||58982|16|58982||28|072|0952|Rural|
58993|El Tejocote|Ranchería|Queréndaro|Michoacán de Ocampo||58982|16|58982||29|072|0009|Rural|
58993|La Agua Agria|Ranchería|Queréndaro|Michoacán de Ocampo||58982|16|58982||29|072|0014|Rural|
58993|Las Agujas (El Panteón de las Agujas)|Ranchería|Queréndaro|Michoacán de Ocampo||58982|16|58982||29|072|0017|Rural|
58993|Las Trampas|Ranchería|Queréndaro|Michoacán de Ocampo||58982|16|58982||29|072|0018|Rural|
58993|Mi Ranchito|Ranchería|Queréndaro|Michoacán de Ocampo||58982|16|58982||29|072|0019|Rural|
58993|Peña Blanca|Ranchería|Queréndaro|Michoacán de Ocampo||58982|16|58982||29|072|0953|Rural|
58994|El Llano (Los Llanos)|Ranchería|Queréndaro|Michoacán de Ocampo||58982|16|58982||29|072|0007|Rural|
58994|El Nopal|Ranchería|Queréndaro|Michoacán de Ocampo||58982|16|58982||29|072|0008|Rural|
58994|El Templete|Ranchería|Queréndaro|Michoacán de Ocampo||58982|16|58982||29|072|0010|Rural|
58994|El Trompillo|Ranchería|Queréndaro|Michoacán de Ocampo||58982|16|58982||29|072|0011|Rural|
58994|Jauja|Ranchería|Queréndaro|Michoacán de Ocampo||58982|16|58982||29|072|0013|Rural|
58994|Palo Grueso (La Troja)|Ranchería|Queréndaro|Michoacán de Ocampo||58982|16|58982||29|072|0022|Rural|
58994|Santo Domingo|Ranchería|Queréndaro|Michoacán de Ocampo||58982|16|58982||29|072|0027|Rural|
58995|Dolores (Cerro de Dolores)|Ranchería|Queréndaro|Michoacán de Ocampo||58982|16|58982||29|072|0005|Rural|
58995|Garnica|Ranchería|Queréndaro|Michoacán de Ocampo||58982|16|58982||29|072|0012|Rural|
58995|Ojo de Agua (El Sauz)|Ranchería|Queréndaro|Michoacán de Ocampo||58982|16|58982||29|072|0023|Rural|
58997|El Jazmín del Rincón|Ranchería|Queréndaro|Michoacán de Ocampo||58982|16|58982||29|072|0006|Rural|
58997|La Alberca|Ranchería|Queréndaro|Michoacán de Ocampo||58982|16|58982||29|072|0015|Rural|
58997|La Huerta de las Manzanas|Ranchería|Queréndaro|Michoacán de Ocampo||58982|16|58982||29|072|0016|Rural|
58997|Real de Otzumatlán|Ranchería|Queréndaro|Michoacán de Ocampo||58982|16|58982||29|072|0025|Rural|
58997|Milpillas|Ranchería|Queréndaro|Michoacán de Ocampo||58982|16|58982||29|072|0954|Rural|
59000|José Sánchez del Río|Fraccionamiento|Sahuayo|Michoacán de Ocampo|Sahuayo de Morelos|59001|16|59001||21|076|0004|Urbano|08
59000|Villas del Campestre|Fraccionamiento|Sahuayo|Michoacán de Ocampo|Sahuayo de Morelos|59001|16|59001||21|076|0041|Urbano|08
59000|Centro|Colonia|Sahuayo|Michoacán de Ocampo|Sahuayo de Morelos|59001|16|59001||09|076|1018|Urbano|08
59010|Alameda|Fraccionamiento|Sahuayo|Michoacán de Ocampo|Sahuayo de Morelos|59001|16|59001||21|076|0015|Urbano|08
59010|Llanos de Sahuayo|Colonia|Sahuayo|Michoacán de Ocampo|Sahuayo de Morelos|59001|16|59001||09|076|0028|Urbano|08
59010|Jardines de Sahuayo|Fraccionamiento|Sahuayo|Michoacán de Ocampo|Sahuayo de Morelos|59001|16|59001||21|076|0029|Urbano|08
59010|Las Brisas|Colonia|Sahuayo|Michoacán de Ocampo|Sahuayo de Morelos|59001|16|59001||09|076|1025|Urbano|08
59010|Seminario de Oblatos|Colonia|Sahuayo|Michoacán de Ocampo|Sahuayo de Morelos|59001|16|59001||09|076|1027|Urbano|08
59010|Arboledas|Colonia|Sahuayo|Michoacán de Ocampo|Sahuayo de Morelos|59001|16|59001||09|076|1028|Urbano|08
59012|Rancho Dorado|Fraccionamiento|Sahuayo|Michoacán de Ocampo|Sahuayo de Morelos|59001|16|59001||21|076|3557|Urbano|08
59012|Loma Dorada|Fraccionamiento|Sahuayo|Michoacán de Ocampo|Sahuayo de Morelos|59001|16|59001||21|076|4095|Urbano|08
59013|Jardines de San Isidro|Fraccionamiento|Sahuayo|Michoacán de Ocampo|Sahuayo de Morelos|59001|16|59001||21|076|0012|Urbano|08
59013|Enrique Prado|Fraccionamiento|Sahuayo|Michoacán de Ocampo|Sahuayo de Morelos|59001|16|59001||21|076|0013|Urbano|08
59013|Los Olivos|Fraccionamiento|Sahuayo|Michoacán de Ocampo|Sahuayo de Morelos|59001|16|59001||21|076|0014|Urbano|08
59013|Los Rabanos|Colonia|Sahuayo|Michoacán de Ocampo|Sahuayo de Morelos|59001|16|59001||09|076|0044|Urbano|08
59013|San Isidro|Colonia|Sahuayo|Michoacán de Ocampo|Sahuayo de Morelos|59001|16|59001||09|076|1026|Urbano|08
59014|Guadalupe|Fraccionamiento|Sahuayo|Michoacán de Ocampo|Sahuayo de Morelos|59001|16|59001||21|076|0011|Urbano|08
59014|María Concepción|Fraccionamiento|Sahuayo|Michoacán de Ocampo|Sahuayo de Morelos|59001|16|59001||21|076|0017|Urbano|08
59014|San José|Fraccionamiento|Sahuayo|Michoacán de Ocampo|Sahuayo de Morelos|59001|16|59001||21|076|0026|Urbano|08
59014|La Ladrillera|Colonia|Sahuayo|Michoacán de Ocampo|Sahuayo de Morelos|59001|16|59001||09|076|0043|Urbano|08
59015|Paso de las Águilas|Fraccionamiento|Sahuayo|Michoacán de Ocampo|Sahuayo de Morelos|59001|16|59001||21|076|0001|Urbano|08
59020|INFONAVIT|Fraccionamiento|Sahuayo|Michoacán de Ocampo|Sahuayo de Morelos|59001|16|59001||21|076|0039|Urbano|08
59020|Dámaso Cárdenas|Colonia|Sahuayo|Michoacán de Ocampo|Sahuayo de Morelos|59001|16|59001||09|076|1035|Urbano|08
59020|J. Trinidad Barragán|Colonia|Sahuayo|Michoacán de Ocampo|Sahuayo de Morelos|59001|16|59001||09|076|1036|Urbano|08
59020|Marcos Castellanos|Colonia|Sahuayo|Michoacán de Ocampo|Sahuayo de Morelos|59001|16|59001||09|076|1047|Urbano|08
59023|Enrique Méndez|Colonia|Sahuayo|Michoacán de Ocampo|Sahuayo de Morelos|59001|16|59001||09|076|1038|Urbano|08
59023|Grijalva|Colonia|Sahuayo|Michoacán de Ocampo|Sahuayo de Morelos|59001|16|59001||09|076|3527|Urbano|08
59023|La Muda|Colonia|Sahuayo|Michoacán de Ocampo|Sahuayo de Morelos|59001|16|59001||09|076|3534|Urbano|08
59026|Royal Country|Colonia|Sahuayo|Michoacán de Ocampo|Sahuayo de Morelos|59001|16|59001||09|076|1007|Urbano|08
59026|Niños Héroes|Colonia|Sahuayo|Michoacán de Ocampo|Sahuayo de Morelos|59001|16|59001||09|076|1043|Urbano|08
59027|Los Pinos|Fraccionamiento|Sahuayo|Michoacán de Ocampo|Sahuayo de Morelos|59001|16|59001||21|076|0016|Urbano|08
59027|La Aurora|Fraccionamiento|Sahuayo|Michoacán de Ocampo|Sahuayo de Morelos|59001|16|59001||21|076|0018|Urbano|08
59027|Microindustrial|Colonia|Sahuayo|Michoacán de Ocampo|Sahuayo de Morelos|59001|16|59001||09|076|1044|Urbano|08
59027|El Salitre (SARH)|Colonia|Sahuayo|Michoacán de Ocampo|Sahuayo de Morelos|59001|16|59001||09|076|1045|Urbano|08
59027|Magisterio|Colonia|Sahuayo|Michoacán de Ocampo|Sahuayo de Morelos|59001|16|59001||09|076|1046|Urbano|08
59028|La Popular|Colonia|Sahuayo|Michoacán de Ocampo|Sahuayo de Morelos|59001|16|59001||09|076|1042|Urbano|08
59030|Lindavista|Fraccionamiento|Sahuayo|Michoacán de Ocampo|Sahuayo de Morelos|59001|16|59001||21|076|0010|Urbano|08
59030|Pedregal de Santiago|Colonia|Sahuayo|Michoacán de Ocampo|Sahuayo de Morelos|59001|16|59001||09|076|1022|Urbano|08
59030|Las Rosas|Colonia|Sahuayo|Michoacán de Ocampo|Sahuayo de Morelos|59001|16|59001||09|076|1055|Urbano|08
59030|Lindavista|Colonia|Sahuayo|Michoacán de Ocampo|Sahuayo de Morelos|59001|16|59001||09|076|1060|Urbano|08
59033|Noria de Montes|Colonia|Sahuayo|Michoacán de Ocampo|Sahuayo de Morelos|59001|16|59001||09|076|1024|Urbano|08
59033|Los Sauces|Colonia|Sahuayo|Michoacán de Ocampo|Sahuayo de Morelos|59001|16|59001||09|076|1059|Urbano|08
59034|Pedregal de Santiago|Fraccionamiento|Sahuayo|Michoacán de Ocampo|Sahuayo de Morelos|59001|16|59001||21|076|0009|Urbano|08
59034|Bugambilias Residencial|Fraccionamiento|Sahuayo|Michoacán de Ocampo|Sahuayo de Morelos|59001|16|59001||21|076|0031|Urbano|08
59034|Camino Real|Colonia|Sahuayo|Michoacán de Ocampo|Sahuayo de Morelos|59001|16|59001||09|076|0964|Urbano|08
59034|Prados Verdes|Colonia|Sahuayo|Michoacán de Ocampo|Sahuayo de Morelos|59001|16|59001||09|076|1058|Urbano|08
59034|Real Victoria|Fraccionamiento|Sahuayo|Michoacán de Ocampo|Sahuayo de Morelos|59001|16|59001||21|076|4093|Urbano|08
59035|Puerta del Sol|Fraccionamiento|Sahuayo|Michoacán de Ocampo|Sahuayo de Morelos|59001|16|59001||21|076|0030|Urbano|08
59035|Azaleas I|Fraccionamiento|Sahuayo|Michoacán de Ocampo|Sahuayo de Morelos|59001|16|59001||21|076|0033|Urbano|08
59035|Azaleas II|Fraccionamiento|Sahuayo|Michoacán de Ocampo|Sahuayo de Morelos|59001|16|59001||21|076|0034|Urbano|08
59035|San Onofre|Colonia|Sahuayo|Michoacán de Ocampo|Sahuayo de Morelos|59001|16|59001||09|076|1009|Urbano|08
59035|La Yerbabuena|Colonia|Sahuayo|Michoacán de Ocampo|Sahuayo de Morelos|59001|16|59001||09|076|1057|Urbano|08
59036|Balcones del Valle|Colonia|Sahuayo|Michoacán de Ocampo|Sahuayo de Morelos|59001|16|59001||09|076|0008|Urbano|08
59036|Cumbres|Fraccionamiento|Sahuayo|Michoacán de Ocampo|Sahuayo de Morelos|59001|16|59001||21|076|0032|Urbano|08
59036|Peñitas|Colonia|Sahuayo|Michoacán de Ocampo|Sahuayo de Morelos|59001|16|59001||09|076|3532|Urbano|08
59040|Cristo Rey|Colonia|Sahuayo|Michoacán de Ocampo|Sahuayo de Morelos|59001|16|59001||09|076|1048|Urbano|08
59040|Lomas de Santiago|Colonia|Sahuayo|Michoacán de Ocampo|Sahuayo de Morelos|59001|16|59001||09|076|1061|Urbano|08
59040|Colinas del Tepeyac|Colonia|Sahuayo|Michoacán de Ocampo|Sahuayo de Morelos|59001|16|59001||09|076|3526|Urbano|08
59043|Manuel J. Cloutier|Fraccionamiento|Sahuayo|Michoacán de Ocampo|Sahuayo de Morelos|59001|16|59001||21|076|0006|Urbano|08
59043|Santiaguillo|Colonia|Sahuayo|Michoacán de Ocampo|Sahuayo de Morelos|59001|16|59001||09|076|0007|Urbano|08
59044|Lomas de Santiaguito|Colonia|Sahuayo|Michoacán de Ocampo|Sahuayo de Morelos|59001|16|59001||09|076|0027|Urbano|08
59044|Las Barranquillas|Fraccionamiento|Sahuayo|Michoacán de Ocampo|Sahuayo de Morelos|59001|16|59001||21|076|0035|Urbano|08
59045|Miradores del Tepeyac|Fraccionamiento|Sahuayo|Michoacán de Ocampo|Sahuayo de Morelos|59001|16|59001||21|076|0005|Urbano|08
59045|Jardín Real|Fraccionamiento|Sahuayo|Michoacán de Ocampo|Sahuayo de Morelos|59001|16|59001||21|076|0025|Urbano|08
59050|San Rafael|Fraccionamiento|Sahuayo|Michoacán de Ocampo|Sahuayo de Morelos|59001|16|59001||21|076|0003|Urbano|08
59050|La Puntita|Colonia|Sahuayo|Michoacán de Ocampo|Sahuayo de Morelos|59001|16|59001||09|076|0042|Urbano|08
59050|Valle Verde|Colonia|Sahuayo|Michoacán de Ocampo|Sahuayo de Morelos|59001|16|59001||09|076|1029|Urbano|08
59050|Forestal|Colonia|Sahuayo|Michoacán de Ocampo|Sahuayo de Morelos|59001|16|59001||09|076|1030|Urbano|08
59057|Roccalta|Fraccionamiento|Sahuayo|Michoacán de Ocampo|Sahuayo de Morelos|59001|16|59001||21|076|0037|Urbano|08
59057|Terravida|Fraccionamiento|Sahuayo|Michoacán de Ocampo|Sahuayo de Morelos|59001|16|59001||21|076|0038|Urbano|08
59057|La Puntita|Colonia|Sahuayo|Michoacán de Ocampo|Sahuayo de Morelos|59001|16|59001||09|076|1032|Urbano|08
59057|Primavera Residencial|Fraccionamiento|Sahuayo|Michoacán de Ocampo|Sahuayo de Morelos|59001|16|59001||21|076|4092|Urbano|08
59058|Residencial Sahuayo|Fraccionamiento|Sahuayo|Michoacán de Ocampo|Sahuayo de Morelos|59001|16|59001||21|076|0002|Urbano|08
59058|Michoacán|Fraccionamiento|Sahuayo|Michoacán de Ocampo|Sahuayo de Morelos|59001|16|59001||21|076|0036|Urbano|08
59058|La Limonera|Colonia|Sahuayo|Michoacán de Ocampo|Sahuayo de Morelos|59001|16|59001||09|076|1034|Urbano|08
59058|Guadalajara|Colonia|Sahuayo|Michoacán de Ocampo|Sahuayo de Morelos|59001|16|59001||09|076|3528|Urbano|08
59100|Loma Bonita|Fraccionamiento|Sahuayo|Michoacán de Ocampo||59001|16|59001||21|076|0019|Rural|
59100|Lomas del Valle Uno|Fraccionamiento|Sahuayo|Michoacán de Ocampo||59001|16|59001||21|076|0020|Rural|
59100|Campestre la Presa|Fraccionamiento|Sahuayo|Michoacán de Ocampo||59001|16|59001||21|076|0021|Rural|
59100|Bosque de las Lomas|Fraccionamiento|Sahuayo|Michoacán de Ocampo||59001|16|59001||21|076|0022|Rural|
59100|Loma Dorada|Fraccionamiento|Sahuayo|Michoacán de Ocampo||59001|16|59001||21|076|0024|Rural|
59100|Barranca del Aguacate|Ranchería|Sahuayo|Michoacán de Ocampo||59001|16|59001||29|076|1063|Rural|
59100|Rincón de San Andrés|Pueblo|Sahuayo|Michoacán de Ocampo||59001|16|59001||28|076|1064|Rural|
59100|Tuna Mansa|Colonia|Sahuayo|Michoacán de Ocampo||59001|16|59001||09|076|1065|Rural|
59100|La Flor del Agua|Ranchería|Sahuayo|Michoacán de Ocampo||59001|16|59001||29|076|4096|Rural|
59100|Potrero el Molino|Ranchería|Sahuayo|Michoacán de Ocampo||59001|16|59001||29|076|6640|Rural|
59100|Lomas del Valle Dos|Fraccionamiento|Sahuayo|Michoacán de Ocampo||59001|16|59001||21|076|6641|Rural|
59100|La Cabaña|Ranchería|Sahuayo|Michoacán de Ocampo||59001|16|59001||29|076|6642|Rural|
59100|La Calzonuda|Ranchería|Sahuayo|Michoacán de Ocampo||59001|16|59001||29|076|6643|Rural|
59100|La Chicharra|Rancho|Sahuayo|Michoacán de Ocampo||59001|16|59001||48|076|6644|Rural|
59102|La Barranca de la Gloria|Rancho|Sahuayo|Michoacán de Ocampo||59001|16|59001||48|076|1066|Rural|
59102|Barranca del Soyate|Rancho|Sahuayo|Michoacán de Ocampo||59001|16|59001||48|076|6645|Rural|
59102|El Añil|Rancho|Sahuayo|Michoacán de Ocampo||59001|16|59001||48|076|6646|Rural|
59102|El Moral|Rancho|Sahuayo|Michoacán de Ocampo||59001|16|59001||48|076|6647|Rural|
59102|La Uva|Rancho|Sahuayo|Michoacán de Ocampo||59001|16|59001||48|076|6648|Rural|
59103|Lomas de la Universidad|Colonia|Sahuayo|Michoacán de Ocampo||59001|16|59001||09|076|6637|Rural|
59104|Flamingos|Fraccionamiento|Sahuayo|Michoacán de Ocampo||59001|16|59001||21|076|0040|Urbano|
59104|San Miguel|Fraccionamiento|Sahuayo|Michoacán de Ocampo||59001|16|59001||21|076|6638|Urbano|
59105|El Güirio|Ranchería|Sahuayo|Michoacán de Ocampo||59001|16|59001||29|076|1068|Rural|
59105|Las Gallinas (El Poblado de las Gallinas)|Ranchería|Sahuayo|Michoacán de Ocampo||59001|16|59001||29|076|4097|Rural|
59105|La Raya|Rancho|Sahuayo|Michoacán de Ocampo||59001|16|59001||48|076|6650|Rural|
59105|Las Gallinas (La Hacienda)|Rancho|Sahuayo|Michoacán de Ocampo||59001|16|59001||48|076|6651|Rural|
59105|Sin Agua|Rancho|Sahuayo|Michoacán de Ocampo||59001|16|59001||48|076|6652|Rural|
59120|Briseñas de Matamoros|Pueblo|Briseñas|Michoacán de Ocampo||59123|16|59123||28|011|1070|Urbano|
59120|Paso de Álamos|Ranchería|Briseñas|Michoacán de Ocampo||59123|16|59123||29|011|1071|Urbano|
59121|Cumuato|Colonia|Briseñas|Michoacán de Ocampo||59123|16|59123||09|011|1072|Rural|
59122|Ibarra|Pueblo|Briseñas|Michoacán de Ocampo||59123|16|59123||28|011|1073|Rural|
59124|Vivero el Limonazo|Ranchería|Briseñas|Michoacán de Ocampo||59123|16|59123||29|011|5127|Rural|
59125|San Miguel|Ranchería|Briseñas|Michoacán de Ocampo||59123|16|59123||29|011|5126|Rural|
59126|Francisco Villarruel|Ranchería|Briseñas|Michoacán de Ocampo||59123|16|59123||29|011|5125|Rural|
59140|El Lago|Fraccionamiento|Cojumatlán de Régules|Michoacán de Ocampo||59141|16|59141||21|074|0001|Urbano|
59140|El Miche|Fraccionamiento|Cojumatlán de Régules|Michoacán de Ocampo||59141|16|59141||21|074|0002|Urbano|
59140|El Mirador|Fraccionamiento|Cojumatlán de Régules|Michoacán de Ocampo||59141|16|59141||21|074|0003|Urbano|
59140|González|Fraccionamiento|Cojumatlán de Régules|Michoacán de Ocampo||59141|16|59141||21|074|0004|Urbano|
59140|Guadalupe|Fraccionamiento|Cojumatlán de Régules|Michoacán de Ocampo||59141|16|59141||21|074|0005|Urbano|
59140|Guadalupe|Colonia|Cojumatlán de Régules|Michoacán de Ocampo||59141|16|59141||09|074|0009|Urbano|
59140|Cojumatlán de Régules|Pueblo|Cojumatlán de Régules|Michoacán de Ocampo||59141|16|59141||28|074|1075|Urbano|
59143|Puerto de León|Ranchería|Cojumatlán de Régules|Michoacán de Ocampo||59141|16|59141||29|074|0008|Rural|
59143|La Puntita|Ranchería|Cojumatlán de Régules|Michoacán de Ocampo||59141|16|59141||29|074|1076|Rural|
59143|Rincón de María|Ranchería|Cojumatlán de Régules|Michoacán de Ocampo||59141|16|59141||29|074|1077|Rural|
59144|Puerta de Cojumatlán|Ranchería|Cojumatlán de Régules|Michoacán de Ocampo||59141|16|59141||29|074|0007|Rural|
59146|San Isidro de la Rosa (El Cerro)|Ranchería|Cojumatlán de Régules|Michoacán de Ocampo||59141|16|59141||29|074|3917|Rural|
59150|Callejón de la Calera|Ranchería|Cojumatlán de Régules|Michoacán de Ocampo||59141|16|59141||29|074|1079|Rural|
59150|Petatán (Isla de Petatán)|Ranchería|Cojumatlán de Régules|Michoacán de Ocampo||59141|16|59141||29|074|1080|Rural|
59150|Palo Alto|Ranchería|Cojumatlán de Régules|Michoacán de Ocampo||59141|16|59141||29|074|1081|Rural|
59154|La Barranca del Soromutal|Ranchería|Cojumatlán de Régules|Michoacán de Ocampo||59141|16|59141||29|074|0006|Rural|
59155|El Nogal|Ranchería|Cojumatlán de Régules|Michoacán de Ocampo||59141|16|59141||29|074|3918|Rural|
59160|Chinches Bravas|Colonia|Venustiano Carranza|Michoacán de Ocampo||59166|16|59166||09|103|0003|Urbano|
59160|Del Valle|Fraccionamiento|Venustiano Carranza|Michoacán de Ocampo||59166|16|59166||21|103|0004|Urbano|
59160|El Arco|Colonia|Venustiano Carranza|Michoacán de Ocampo||59166|16|59166||09|103|0005|Urbano|
59160|El Dorado|Fraccionamiento|Venustiano Carranza|Michoacán de Ocampo||59166|16|59166||21|103|0006|Urbano|
59160|El Monte|Colonia|Venustiano Carranza|Michoacán de Ocampo||59166|16|59166||09|103|0007|Urbano|
59160|El Yonque|Colonia|Venustiano Carranza|Michoacán de Ocampo||59166|16|59166||09|103|0008|Urbano|
59160|Jardín|Colonia|Venustiano Carranza|Michoacán de Ocampo||59166|16|59166||09|103|0009|Urbano|
59160|La Villa|Colonia|Venustiano Carranza|Michoacán de Ocampo||59166|16|59166||09|103|0010|Urbano|
59160|Lázaro Cárdenas|Colonia|Venustiano Carranza|Michoacán de Ocampo||59166|16|59166||09|103|0011|Urbano|
59160|México|Colonia|Venustiano Carranza|Michoacán de Ocampo||59166|16|59166||09|103|0012|Urbano|
59160|Niños Héroes|Colonia|Venustiano Carranza|Michoacán de Ocampo||59166|16|59166||09|103|0013|Urbano|
59160|Primavera|Colonia|Venustiano Carranza|Michoacán de Ocampo||59166|16|59166||09|103|0014|Urbano|
59160|Venustiano Carranza|Pueblo|Venustiano Carranza|Michoacán de Ocampo||59166|16|59166||28|103|1082|Urbano|
59163|Fátima (La Palma)|Colonia|Venustiano Carranza|Michoacán de Ocampo||59166|16|59166||09|103|0015|Urbano|
59163|La Manguita (La Palma)|Colonia|Venustiano Carranza|Michoacán de Ocampo||59166|16|59166||09|103|0016|Urbano|
59163|Maguellera|Colonia|Venustiano Carranza|Michoacán de Ocampo||59166|16|59166||09|103|0017|Urbano|
59163|La Palma|Pueblo|Venustiano Carranza|Michoacán de Ocampo||59166|16|59166||28|103|1083|Urbano|
59164|El Brazo|Ranchería|Venustiano Carranza|Michoacán de Ocampo||59166|16|59166||29|103|0001|Rural|
59164|El Vallado Blanco|Ranchería|Venustiano Carranza|Michoacán de Ocampo||59166|16|59166||29|103|0026|Rural|
59164|La Sábila|Ranchería|Venustiano Carranza|Michoacán de Ocampo||59166|16|59166||29|103|1086|Rural|
59165|El Palomo|Ranchería|Venustiano Carranza|Michoacán de Ocampo||59166|16|59166||29|103|0025|Rural|
59165|La Barranca (Colonia Francisco Romero)|Ranchería|Venustiano Carranza|Michoacán de Ocampo||59166|16|59166||29|103|0027|Rural|
59165|Pueblo Viejo|Ranchería|Venustiano Carranza|Michoacán de Ocampo||59166|16|59166||29|103|1087|Rural|
59167|Cerrito de Pescadores (El Tepetate)|Ranchería|Venustiano Carranza|Michoacán de Ocampo||59166|16|59166||29|103|0021|Rural|
59167|Cerro la Isla|Ranchería|Venustiano Carranza|Michoacán de Ocampo||59166|16|59166||29|103|0022|Rural|
59167|Pedro Romero Número Cuatro|Ranchería|Venustiano Carranza|Michoacán de Ocampo||59166|16|59166||29|103|0023|Rural|
59168|Los Tomines|Ranchería|Venustiano Carranza|Michoacán de Ocampo||59166|16|59166||29|103|0002|Rural|
59168|Casa Blanca|Ranchería|Venustiano Carranza|Michoacán de Ocampo||59166|16|59166||29|103|0019|Rural|
59168|Cerrito de los Puercos|Ranchería|Venustiano Carranza|Michoacán de Ocampo||59166|16|59166||29|103|0020|Rural|
59168|Ojo de Agua|Pueblo|Venustiano Carranza|Michoacán de Ocampo||59166|16|59166||28|103|1084|Rural|
59170|Jardín Cumuatillo|Colonia|Venustiano Carranza|Michoacán de Ocampo||59166|16|59166||09|103|0018|Urbano|
59170|Cumuatillo|Colonia|Venustiano Carranza|Michoacán de Ocampo||59166|16|59166||09|103|1089|Urbano|
59173|Cuatro Esquinas|Ranchería|Venustiano Carranza|Michoacán de Ocampo||59166|16|59166||29|103|0024|Rural|
59173|El Fortín|Ranchería|Venustiano Carranza|Michoacán de Ocampo||59166|16|59166||29|103|1090|Rural|
59175|La Magdalena|Ranchería|Venustiano Carranza|Michoacán de Ocampo||59166|16|59166||29|103|1091|Rural|
59180|Agua Caliente|Colonia|Pajacuarán|Michoacán de Ocampo||59181|16|59181||09|062|0001|Urbano|
59180|Alameda|Colonia|Pajacuarán|Michoacán de Ocampo||59181|16|59181||09|062|0002|Urbano|
59180|Álvaro Obregón|Colonia|Pajacuarán|Michoacán de Ocampo||59181|16|59181||09|062|0003|Urbano|
59180|Juan Pablo II|Colonia|Pajacuarán|Michoacán de Ocampo||59181|16|59181||09|062|0004|Urbano|
59180|Lázaro Cárdenas|Colonia|Pajacuarán|Michoacán de Ocampo||59181|16|59181||09|062|0005|Urbano|
59180|2 de Abril|Colonia|Pajacuarán|Michoacán de Ocampo||59181|16|59181||09|062|0011|Urbano|
59180|Tepetate|Colonia|Pajacuarán|Michoacán de Ocampo||59181|16|59181||09|062|0012|Urbano|
59180|Pajacuarán|Pueblo|Pajacuarán|Michoacán de Ocampo||59181|16|59181||28|062|1093|Urbano|
59183|Los Dolores (La Mulita)|Ranchería|Pajacuarán|Michoacán de Ocampo||59181|16|59181||29|062|0010|Rural|
59183|El Paracho|Ranchería|Pajacuarán|Michoacán de Ocampo||59181|16|59181||29|062|1092|Rural|
59183|Tecomatán|Pueblo|Pajacuarán|Michoacán de Ocampo||59181|16|59181||28|062|1095|Rural|
59184|El Chacolote|Ranchería|Pajacuarán|Michoacán de Ocampo||59181|16|59181||29|062|1096|Rural|
59184|El Cometa|Ranchería|Pajacuarán|Michoacán de Ocampo||59181|16|59181||29|062|3892|Rural|
59185|Peribán|Ranchería|Pajacuarán|Michoacán de Ocampo||59181|16|59181||29|062|1097|Rural|
59186|Fray Domínguez (Los Zapotes)|Ranchería|Pajacuarán|Michoacán de Ocampo||59181|16|59181||29|062|0006|Urbano|
59187|Las Malvinas (El Salate)|Ranchería|Pajacuarán|Michoacán de Ocampo||59166|16|59166||29|062|0009|Urbano|
59190|La Luz|Pueblo|Pajacuarán|Michoacán de Ocampo||59282|16|59282||28|062|1099|Urbano|
59193|La Higuera|Ranchería|Pajacuarán|Michoacán de Ocampo||59282|16|59282||29|062|0008|Rural|
59193|Los Quiotes|Ranchería|Pajacuarán|Michoacán de Ocampo||59282|16|59282||29|062|1100|Rural|
59194|San Gregorio|Pueblo|Pajacuarán|Michoacán de Ocampo||59181|16|59181||28|062|1098|Rural|
59195|La Culebra (La Galera)|Rancho|Pajacuarán|Michoacán de Ocampo||59282|16|59282||48|062|0007|Rural|
59200|Bellavista|Colonia|Vista Hermosa|Michoacán de Ocampo||59202|16|59202||09|105|0001|Urbano|
59200|Del Sol|Colonia|Vista Hermosa|Michoacán de Ocampo||59202|16|59202||09|105|0002|Urbano|
59200|El Rosario|Colonia|Vista Hermosa|Michoacán de Ocampo||59202|16|59202||09|105|0003|Urbano|
59200|Guadalupana|Colonia|Vista Hermosa|Michoacán de Ocampo||59202|16|59202||09|105|0004|Urbano|
59200|Hacienda el Molino|Colonia|Vista Hermosa|Michoacán de Ocampo||59202|16|59202||09|105|0005|Urbano|
59200|La Huerta|Colonia|Vista Hermosa|Michoacán de Ocampo||59202|16|59202||09|105|0006|Urbano|
59200|La Loma|Colonia|Vista Hermosa|Michoacán de Ocampo||59202|16|59202||09|105|0007|Urbano|
59200|Lerdo Chiquito|Colonia|Vista Hermosa|Michoacán de Ocampo||59202|16|59202||09|105|0008|Urbano|
59200|Magisterio|Colonia|Vista Hermosa|Michoacán de Ocampo||59202|16|59202||09|105|0009|Urbano|
59200|Pensadores|Colonia|Vista Hermosa|Michoacán de Ocampo||59202|16|59202||09|105|0010|Urbano|
59200|Quinta Real|Colonia|Vista Hermosa|Michoacán de Ocampo||59202|16|59202||09|105|0011|Urbano|
59200|San José|Colonia|Vista Hermosa|Michoacán de Ocampo||59202|16|59202||09|105|0012|Urbano|
59200|Santa Cecilia|Colonia|Vista Hermosa|Michoacán de Ocampo||59202|16|59202||09|105|0013|Urbano|
59200|Santa María|Colonia|Vista Hermosa|Michoacán de Ocampo||59202|16|59202||09|105|0014|Urbano|
59200|Santa Teresa|Colonia|Vista Hermosa|Michoacán de Ocampo||59202|16|59202||09|105|0015|Urbano|
59200|Tinoco Rubí|Colonia|Vista Hermosa|Michoacán de Ocampo||59202|16|59202||09|105|0016|Urbano|
59200|Linda Vista|Colonia|Vista Hermosa|Michoacán de Ocampo||59202|16|59202||09|105|0017|Urbano|
59200|Vista Hermosa de Negrete|Pueblo|Vista Hermosa|Michoacán de Ocampo||59202|16|59202||28|105|1102|Urbano|
59203|Negrete (La Estación de Negrete)|Ranchería|Vista Hermosa|Michoacán de Ocampo||59202|16|59202||29|105|0019|Rural|
59204|El Alvareño|Ranchería|Vista Hermosa|Michoacán de Ocampo||59202|16|59202||29|105|1105|Rural|
59205|Las Casitas|Rancho|Vista Hermosa|Michoacán de Ocampo||59202|16|59202||48|105|0018|Rural|
59205|El Cuenqueño|Ranchería|Vista Hermosa|Michoacán de Ocampo||59202|16|59202||29|105|1103|Rural|
59206|Los Pilares|Ranchería|Vista Hermosa|Michoacán de Ocampo||59202|16|59202||29|105|1101|Rural|
59210|El Capulín|Pueblo|Vista Hermosa|Michoacán de Ocampo||59202|16|59202||28|105|1106|Urbano|
59220|La Angostura|Ranchería|Vista Hermosa|Michoacán de Ocampo||59202|16|59202||29|105|1108|Rural|
59230|El Areño|Colonia|Tanhuato|Michoacán de Ocampo||59232|16|59232||09|086|0001|Urbano|
59230|El Calvario|Colonia|Tanhuato|Michoacán de Ocampo||59232|16|59232||09|086|0002|Urbano|
59230|El Mirador|Colonia|Tanhuato|Michoacán de Ocampo||59232|16|59232||09|086|0003|Urbano|
59230|Independencia|Colonia|Tanhuato|Michoacán de Ocampo||59232|16|59232||09|086|0004|Urbano|
59230|La Loma|Colonia|Tanhuato|Michoacán de Ocampo||59232|16|59232||09|086|0005|Urbano|
59230|Vicente Guerrero|Colonia|Tanhuato|Michoacán de Ocampo||59232|16|59232||09|086|0006|Urbano|
59230|Loma Bonita|Colonia|Tanhuato|Michoacán de Ocampo||59232|16|59232||09|086|0007|Urbano|
59230|Mora|Colonia|Tanhuato|Michoacán de Ocampo||59232|16|59232||09|086|0008|Urbano|
59230|Onofre Vázquez|Colonia|Tanhuato|Michoacán de Ocampo||59232|16|59232||09|086|0009|Urbano|
59230|San Isidro|Colonia|Tanhuato|Michoacán de Ocampo||59232|16|59232||09|086|0010|Urbano|
59230|San Ramón|Colonia|Tanhuato|Michoacán de Ocampo||59232|16|59232||09|086|0011|Urbano|
59230|Tanhuato de Guerrero Centro|Colonia|Tanhuato|Michoacán de Ocampo||59232|16|59232||09|086|1110|Urbano|
59233|La Presa|Ranchería|Tanhuato|Michoacán de Ocampo||59232|16|59232||29|086|0014|Rural|
59233|Las Cieneguitas|Ranchería|Tanhuato|Michoacán de Ocampo||59232|16|59232||29|086|3907|Rural|
59234|San José de Vargas|Pueblo|Tanhuato|Michoacán de Ocampo||59232|16|59232||28|086|1111|Rural|
59234|Tinaja de Vargas|Pueblo|Tanhuato|Michoacán de Ocampo||59232|16|59232||28|086|1112|Rural|
59235|Los Charcos|Pueblo|Tanhuato|Michoacán de Ocampo||59232|16|59232||28|086|1109|Rural|
59237|Tarimoro|Pueblo|Tanhuato|Michoacán de Ocampo||59232|16|59232||28|086|1114|Rural|
59240|Villanueva (Villa Nueva)|Ranchería|Tanhuato|Michoacán de Ocampo||59232|16|59232||29|086|3908|Rural|
59243|Ejidal Agua Gruesa|Colonia|Tanhuato|Michoacán de Ocampo||59232|16|59232||09|086|0012|Rural|
59243|Los Mogotes (Los Tres Valles)|Rancho|Tanhuato|Michoacán de Ocampo||59232|16|59232||48|086|0015|Rural|
59244|La Laguna (Colonia Santa Clara)|Rancho|Tanhuato|Michoacán de Ocampo||59232|16|59232||48|086|0013|Rural|
59244|Rancho Nuevo|Ranchería|Tanhuato|Michoacán de Ocampo||59232|16|59232||29|086|0016|Rural|
59250|Yurecuaro Centro|Colonia|Yurécuaro|Michoacán de Ocampo|Yurécuaro|59251|16|59251||09|106|1122|Urbano|18
59253|J. Carrillo|Colonia|Yurécuaro|Michoacán de Ocampo|Yurécuaro|59251|16|59251||09|106|3037|Urbano|18
59253|Chapín|Colonia|Yurécuaro|Michoacán de Ocampo|Yurécuaro|59251|16|59251||09|106|3038|Urbano|18
59253|Buena Huerta|Colonia|Yurécuaro|Michoacán de Ocampo|Yurécuaro|59251|16|59251||09|106|3039|Urbano|18
59253|Magisterio|Colonia|Yurécuaro|Michoacán de Ocampo|Yurécuaro|59251|16|59251||09|106|3040|Urbano|18
59254|1 de Mayo|Colonia|Yurécuaro|Michoacán de Ocampo|Yurécuaro|59251|16|59251||09|106|3034|Urbano|18
59254|Huerta Seca|Colonia|Yurécuaro|Michoacán de Ocampo|Yurécuaro|59251|16|59251||09|106|3035|Urbano|18
59254|Guamúchil Grande|Colonia|Yurécuaro|Michoacán de Ocampo|Yurécuaro|59251|16|59251||09|106|3036|Urbano|18
59256|Villas del Moral|Fraccionamiento|Yurécuaro|Michoacán de Ocampo|Yurécuaro|59251|16|59251||21|106|0006|Urbano|18
59256|Mora|Colonia|Yurécuaro|Michoacán de Ocampo|Yurécuaro|59251|16|59251||09|106|3027|Urbano|18
59256|La Estación|Colonia|Yurécuaro|Michoacán de Ocampo|Yurécuaro|59251|16|59251||09|106|3028|Urbano|18
59256|Luis Donaldo Colosio|Colonia|Yurécuaro|Michoacán de Ocampo|Yurécuaro|59251|16|59251||09|106|3029|Urbano|18
59256|1 de Marzo|Colonia|Yurécuaro|Michoacán de Ocampo|Yurécuaro|59251|16|59251||09|106|3030|Urbano|18
59256|Jacarandas|Fraccionamiento|Yurécuaro|Michoacán de Ocampo|Yurécuaro|59251|16|59251||21|106|3031|Urbano|18
59256|Los Llanos|Colonia|Yurécuaro|Michoacán de Ocampo|Yurécuaro|59251|16|59251||09|106|3032|Urbano|18
59256|5 de Febrero|Colonia|Yurécuaro|Michoacán de Ocampo|Yurécuaro|59251|16|59251||09|106|3033|Urbano|18
59256|Gabriel Ramos Millán|Colonia|Yurécuaro|Michoacán de Ocampo|Yurécuaro|59251|16|59251||09|106|3041|Urbano|18
59256|Simón Bolívar|Colonia|Yurécuaro|Michoacán de Ocampo|Yurécuaro|59251|16|59251||09|106|3042|Urbano|18
59257|La Morita|Colonia|Yurécuaro|Michoacán de Ocampo|Yurécuaro|59251|16|59251||09|106|0007|Urbano|18
59257|El Yaqui|Colonia|Yurécuaro|Michoacán de Ocampo|Yurécuaro|59251|16|59251||09|106|0008|Urbano|18
59257|Loma Bonita|Colonia|Yurécuaro|Michoacán de Ocampo|Yurécuaro|59251|16|59251||09|106|3021|Urbano|18
59257|La Loma|Colonia|Yurécuaro|Michoacán de Ocampo|Yurécuaro|59251|16|59251||09|106|3022|Urbano|18
59257|La Longaniza|Colonia|Yurécuaro|Michoacán de Ocampo|Yurécuaro|59251|16|59251||09|106|3023|Urbano|18
59257|Industrial|Colonia|Yurécuaro|Michoacán de Ocampo|Yurécuaro|59251|16|59251||09|106|3024|Urbano|18
59257|Natalio Vázquez Pallares|Colonia|Yurécuaro|Michoacán de Ocampo|Yurécuaro|59251|16|59251||09|106|3025|Urbano|18
59257|Vista Alegre|Colonia|Yurécuaro|Michoacán de Ocampo|Yurécuaro|59251|16|59251||09|106|3026|Urbano|18
59257|Granjas Modernas|Colonia|Yurécuaro|Michoacán de Ocampo|Yurécuaro|59251|16|59251||09|106|3043|Urbano|18
59258|La Longaniza|Colonia|Yurécuaro|Michoacán de Ocampo|Yurécuaro|59251|16|59251||09|106|0009|Urbano|18
59258|Pueblo Nuevo|Fraccionamiento|Yurécuaro|Michoacán de Ocampo|Yurécuaro|59251|16|59251||21|106|3020|Urbano|18
59258|Villas de Yurécuaro|Fraccionamiento|Yurécuaro|Michoacán de Ocampo|Yurécuaro|59251|16|59251||21|106|4923|Urbano|18
59262|El Camiche|Pueblo|Yurécuaro|Michoacán de Ocampo||59251|16|59251||28|106|1115|Rural|
59262|Mirandillas|Pueblo|Yurécuaro|Michoacán de Ocampo||59251|16|59251||28|106|1120|Rural|
59263|La Joya|Ranchería|Yurécuaro|Michoacán de Ocampo||59301|16|59301||29|106|1119|Rural|
59264|El Refugio|Pueblo|Yurécuaro|Michoacán de Ocampo||59251|16|59251||28|106|1116|Rural|
59264|San Antonio|Pueblo|Yurécuaro|Michoacán de Ocampo||59251|16|59251||28|106|4099|Rural|
59264|Cerro Colorado|Pueblo|Yurécuaro|Michoacán de Ocampo||59251|16|59251||28|106|4100|Rural|
59264|Munguía|Pueblo|Yurécuaro|Michoacán de Ocampo||59251|16|59251||28|106|4105|Rural|
59265|Santa Cecilia|Rancho|Yurécuaro|Michoacán de Ocampo||59251|16|59251||48|106|0005|Rural|
59265|Monteleón|Pueblo|Yurécuaro|Michoacán de Ocampo||59251|16|59251||28|106|1121|Rural|
59265|El Cerro Blanco|Pueblo|Yurécuaro|Michoacán de Ocampo||59251|16|59251||28|106|4102|Rural|
59266|El Chamizal|Rancho|Yurécuaro|Michoacán de Ocampo||59251|16|59251||48|106|0002|Urbano|
59266|El Libramiento (El Crucero)|Rancho|Yurécuaro|Michoacán de Ocampo||59251|16|59251||48|106|0003|Urbano|
59266|Emiliano Zapata|Colonia|Yurécuaro|Michoacán de Ocampo||59251|16|59251||09|106|1118|Rural|
59266|El Marqueño|Pueblo|Yurécuaro|Michoacán de Ocampo||59251|16|59251||28|106|4101|Urbano|
59267|Ejido de la Manga|Rancho|Yurécuaro|Michoacán de Ocampo||59251|16|59251||48|106|0001|Rural|
59267|La Güeyera (El Sabinito)|Rancho|Yurécuaro|Michoacán de Ocampo||59251|16|59251||48|106|0004|Rural|
59267|El Tequesquite|Pueblo|Yurécuaro|Michoacán de Ocampo||59251|16|59251||28|106|1117|Rural|
59267|Puente Alto (Santa Anita)|Pueblo|Yurécuaro|Michoacán de Ocampo||59251|16|59251||28|106|4103|Rural|
59267|El Sabino|Pueblo|Yurécuaro|Michoacán de Ocampo||59251|16|59251||28|106|4104|Rural|
59280|Constitución (Llano)|Colonia|Ixtlán|Michoacán de Ocampo||59282|16|59282||09|042|0002|Urbano|
59280|Géiser|Colonia|Ixtlán|Michoacán de Ocampo||59282|16|59282||09|042|0003|Urbano|
59280|Lindavista|Colonia|Ixtlán|Michoacán de Ocampo||59282|16|59282||09|042|0004|Urbano|
59280|Rancho Nuevo|Colonia|Ixtlán|Michoacán de Ocampo||59282|16|59282||09|042|0005|Urbano|
59280|San Francisco Puente de Piedra|Colonia|Ixtlán|Michoacán de Ocampo||59282|16|59282||09|042|0006|Urbano|
59280|San Hipólito|Colonia|Ixtlán|Michoacán de Ocampo||59282|16|59282||09|042|0007|Urbano|
59280|Santa Cruz|Colonia|Ixtlán|Michoacán de Ocampo||59282|16|59282||09|042|0008|Urbano|
59280|Las Tinajas|Colonia|Ixtlán|Michoacán de Ocampo||59282|16|59282||09|042|0009|Urbano|
59280|Ixtlán de los Hervores|Pueblo|Ixtlán|Michoacán de Ocampo||59282|16|59282||28|042|1125|Urbano|
59283|San Cristóbal|Ranchería|Ixtlán|Michoacán de Ocampo||59282|16|59282||29|042|1131|Rural|
59284|Camucuato|Pueblo|Ixtlán|Michoacán de Ocampo||59282|16|59282||28|042|1128|Rural|
59285|El Salitre|Colonia|Ixtlán|Michoacán de Ocampo||59282|16|59282||09|042|1132|Rural|
59286|La Plaza del Limón|Pueblo|Ixtlán|Michoacán de Ocampo||59282|16|59282||28|042|1126|Rural|
59286|El Valenciano|Pueblo|Ixtlán|Michoacán de Ocampo||59282|16|59282||28|042|1127|Rural|
59290|El Limón|Pueblo|Ixtlán|Michoacán de Ocampo||59282|16|59282||28|042|1133|Rural|
59295|La Estanzuela|Pueblo|Ixtlán|Michoacán de Ocampo||59282|16|59282||28|042|1130|Rural|
59295|San Simón|Pueblo|Ixtlán|Michoacán de Ocampo||59282|16|59282||28|042|1134|Rural|
59296|El Agua Blanca (Rancho del Mayor)|Ranchería|Ixtlán|Michoacán de Ocampo||59282|16|59282||29|042|0001|Rural|
59296|El Colongo|Pueblo|Ixtlán|Michoacán de Ocampo||59282|16|59282||28|042|1135|Rural|
59297|Rincón del Mezquite|Pueblo|Ixtlán|Michoacán de Ocampo||59282|16|59282||28|042|1124|Rural|
59300|Centro|Colonia|La Piedad|Michoacán de Ocampo|La Piedad de Cabadas|59301|16|59301||09|069|1136|Urbano|05
59310|Ciudad del Sol|Colonia|La Piedad|Michoacán de Ocampo|La Piedad de Cabadas|59301|16|59301||09|069|1138|Urbano|05
59310|Los Laureles|Colonia|La Piedad|Michoacán de Ocampo|La Piedad de Cabadas|59301|16|59301||09|069|1139|Urbano|05
59310|Nueva Lázaro Cárdenas|Colonia|La Piedad|Michoacán de Ocampo|La Piedad de Cabadas|59301|16|59301||09|069|1140|Urbano|05
59310|Nuevo Amanecer|Fraccionamiento|La Piedad|Michoacán de Ocampo|La Piedad de Cabadas|59301|16|59301||21|069|3765|Urbano|05
59310|Ejido Potrerillos|Colonia|La Piedad|Michoacán de Ocampo|La Piedad de Cabadas|59301|16|59301||09|069|3766|Urbano|05
59319|J. Jesús Romero Flores INFONAVIT|Unidad habitacional|La Piedad|Michoacán de Ocampo|La Piedad de Cabadas|59301|16|59301||31|069|1141|Urbano|05
59319|La Escondida|Colonia|La Piedad|Michoacán de Ocampo|La Piedad de Cabadas|59301|16|59301||09|069|1142|Urbano|05
59320|Guanajuatillo|Pueblo|La Piedad|Michoacán de Ocampo|La Piedad de Cabadas|59301|16|59301||28|069|1143|Rural|05
59320|Río Grande|Pueblo|La Piedad|Michoacán de Ocampo|La Piedad de Cabadas|59301|16|59301||28|069|1144|Rural|05
59330|Benito Juárez|Colonia|La Piedad|Michoacán de Ocampo|La Piedad de Cabadas|59301|16|59301||09|069|1145|Urbano|05
59330|El Malecón INFONAVIT|Unidad habitacional|La Piedad|Michoacán de Ocampo|La Piedad de Cabadas|59301|16|59301||31|069|1146|Urbano|05
59330|San Rafael|Colonia|La Piedad|Michoacán de Ocampo|La Piedad de Cabadas|59301|16|59301||09|069|1147|Urbano|05
59330|Magisterio|Fraccionamiento|La Piedad|Michoacán de Ocampo|La Piedad de Cabadas|59301|16|59301||21|069|3481|Urbano|05
59330|José Ma. Morelos|Fraccionamiento|La Piedad|Michoacán de Ocampo|La Piedad de Cabadas|59301|16|59301||21|069|3767|Urbano|05
59334|Arroyo Hondo|Fraccionamiento|La Piedad|Michoacán de Ocampo|La Piedad de Cabadas|59301|16|59301||21|069|1148|Urbano|05
59334|Cerca Prieta|Fraccionamiento|La Piedad|Michoacán de Ocampo|La Piedad de Cabadas|59301|16|59301||21|069|3771|Urbano|05
59335|Arroyo Hondo|Colonia|La Piedad|Michoacán de Ocampo|La Piedad de Cabadas|59301|16|59301||09|069|1149|Urbano|05
59335|La Piedad Cavadas FOVISSSTE|Unidad habitacional|La Piedad|Michoacán de Ocampo|La Piedad de Cabadas|59301|16|59301||31|069|1150|Urbano|05
59335|Rivera del Sol|Colonia|La Piedad|Michoacán de Ocampo|La Piedad de Cabadas|59301|16|59301||09|069|3482|Urbano|05
59340|México|Colonia|La Piedad|Michoacán de Ocampo|La Piedad de Cabadas|59301|16|59301||09|069|1152|Urbano|05
59340|3 Estrellas|Colonia|La Piedad|Michoacán de Ocampo|La Piedad de Cabadas|59301|16|59301||09|069|1153|Urbano|05
59349|Dr. Miguel Silva INFONAVIT|Unidad habitacional|La Piedad|Michoacán de Ocampo|La Piedad de Cabadas|59301|16|59301||31|069|1154|Urbano|05
59350|Banquetes|Colonia|La Piedad|Michoacán de Ocampo|La Piedad de Cabadas|59301|16|59301||09|069|1155|Urbano|05
59350|Nueva Banquetes|Colonia|La Piedad|Michoacán de Ocampo|La Piedad de Cabadas|59301|16|59301||09|069|1156|Urbano|05
59350|El Pitallito|Fraccionamiento|La Piedad|Michoacán de Ocampo|La Piedad de Cabadas|59301|16|59301||21|069|3424|Urbano|05
59350|Campestre|Colonia|La Piedad|Michoacán de Ocampo|La Piedad de Cabadas|59301|16|59301||09|069|3483|Urbano|05
59350|Pedregal San José|Fraccionamiento|La Piedad|Michoacán de Ocampo|La Piedad de Cabadas|59301|16|59301||21|069|4952|Urbano|05
59359|El Santuario|Colonia|La Piedad|Michoacán de Ocampo|La Piedad de Cabadas|59301|16|59301||09|069|1157|Urbano|05
59360|El Cuitzillo|Pueblo|La Piedad|Michoacán de Ocampo|La Piedad de Cabadas|59301|16|59301||28|069|1158|Urbano|05
59363|El Ensueño|Fraccionamiento|La Piedad|Michoacán de Ocampo|La Piedad de Cabadas|59301|16|59301||21|069|0036|Urbano|05
59363|Jardines del Rosario|Colonia|La Piedad|Michoacán de Ocampo|La Piedad de Cabadas|59301|16|59301||09|069|4754|Urbano|05
59370|Obrera|Colonia|La Piedad|Michoacán de Ocampo|La Piedad de Cabadas|59301|16|59301||09|069|1159|Urbano|05
59370|Santa Fe|Colonia|La Piedad|Michoacán de Ocampo|La Piedad de Cabadas|59301|16|59301||09|069|1160|Urbano|05
59373|Tecnológico|Fraccionamiento|La Piedad|Michoacán de Ocampo|La Piedad de Cabadas|59301|16|59301||21|069|0020|Urbano|05
59374|Valle de Guadalupe|Fraccionamiento|La Piedad|Michoacán de Ocampo|La Piedad de Cabadas|59301|16|59301||21|069|0029|Urbano|05
59374|CROC 1a Etapa|Fraccionamiento|La Piedad|Michoacán de Ocampo|La Piedad de Cabadas|59301|16|59301||21|069|1161|Urbano|05
59374|CTM|Colonia|La Piedad|Michoacán de Ocampo|La Piedad de Cabadas|59301|16|59301||09|069|1162|Urbano|05
59374|Las Camelinas|Colonia|La Piedad|Michoacán de Ocampo|La Piedad de Cabadas|59301|16|59301||09|069|1163|Urbano|05
59374|Las Palmas|Colonia|La Piedad|Michoacán de Ocampo|La Piedad de Cabadas|59301|16|59301||09|069|1164|Urbano|05
59374|Lázaro Cárdenas|Colonia|La Piedad|Michoacán de Ocampo|La Piedad de Cabadas|59301|16|59301||09|069|1165|Urbano|05
59374|Lomas del Cerro Grande|Colonia|La Piedad|Michoacán de Ocampo|La Piedad de Cabadas|59301|16|59301||09|069|1166|Urbano|05
59374|Magisterial|Colonia|La Piedad|Michoacán de Ocampo|La Piedad de Cabadas|59301|16|59301||09|069|3484|Urbano|05
59374|Roma|Fraccionamiento|La Piedad|Michoacán de Ocampo|La Piedad de Cabadas|59301|16|59301||21|069|3485|Urbano|05
59374|Rafael Aguilar Talamante|Fraccionamiento|La Piedad|Michoacán de Ocampo|La Piedad de Cabadas|59301|16|59301||21|069|3486|Urbano|05
59374|Las Azucenas|Fraccionamiento|La Piedad|Michoacán de Ocampo|La Piedad de Cabadas|59301|16|59301||21|069|3487|Urbano|05
59374|Carlos Salinas de Gortari|Fraccionamiento|La Piedad|Michoacán de Ocampo|La Piedad de Cabadas|59301|16|59301||21|069|3488|Urbano|05
59374|Francisco Villa|Colonia|La Piedad|Michoacán de Ocampo|La Piedad de Cabadas|59301|16|59301||09|069|3769|Urbano|05
59374|Las Carmelitas|Colonia|La Piedad|Michoacán de Ocampo|La Piedad de Cabadas|59301|16|59301||09|069|4747|Urbano|05
59375|Las Jacarandas|Colonia|La Piedad|Michoacán de Ocampo|La Piedad de Cabadas|59301|16|59301||09|069|0022|Urbano|05
59375|Arroyo Delgado|Colonia|La Piedad|Michoacán de Ocampo|La Piedad de Cabadas|59301|16|59301||09|069|1167|Urbano|05
59375|Los Pinos|Colonia|La Piedad|Michoacán de Ocampo|La Piedad de Cabadas|59301|16|59301||09|069|1168|Urbano|05
59375|Melchor Ocampo|Colonia|La Piedad|Michoacán de Ocampo|La Piedad de Cabadas|59301|16|59301||09|069|1169|Urbano|05
59375|Insurgentes|Fraccionamiento|La Piedad|Michoacán de Ocampo|La Piedad de Cabadas|59301|16|59301||21|069|3489|Urbano|05
59376|El Casirpe|Colonia|La Piedad|Michoacán de Ocampo|La Piedad de Cabadas|59301|16|59301||09|069|4086|Urbano|05
59377|Las Arboledas|Colonia|La Piedad|Michoacán de Ocampo|La Piedad de Cabadas|59301|16|59301||09|069|1171|Urbano|05
59379|Industrial|Fraccionamiento|La Piedad|Michoacán de Ocampo|La Piedad de Cabadas|59301|16|59301||21|069|0023|Urbano|05
59379|Jardines del Cerro Grande|Colonia|La Piedad|Michoacán de Ocampo|La Piedad de Cabadas|59301|16|59301||09|069|1172|Urbano|05
59379|La Providencia|Colonia|La Piedad|Michoacán de Ocampo|La Piedad de Cabadas|59301|16|59301||09|069|1173|Urbano|05
59379|San Miguel|Fraccionamiento|La Piedad|Michoacán de Ocampo|La Piedad de Cabadas|59301|16|59301||21|069|1174|Urbano|05
59379|Las Margaritas|Colonia|La Piedad|Michoacán de Ocampo|La Piedad de Cabadas|59301|16|59301||09|069|3490|Urbano|05
59379|Residencial Campestre|Fraccionamiento|La Piedad|Michoacán de Ocampo|La Piedad de Cabadas|59301|16|59301||21|069|3491|Urbano|05
59379|Nueva Esperanza|Colonia|La Piedad|Michoacán de Ocampo|La Piedad de Cabadas|59301|16|59301||09|069|3492|Urbano|05
59380|Las Torres|Unidad habitacional|La Piedad|Michoacán de Ocampo|La Piedad de Cabadas|59301|16|59301||31|069|0035|Urbano|05
59380|Ejidal|Fraccionamiento|La Piedad|Michoacán de Ocampo|La Piedad de Cabadas|59301|16|59301||21|069|1175|Urbano|05
59380|Luis Donaldo Colosio|Unidad habitacional|La Piedad|Michoacán de Ocampo|La Piedad de Cabadas|59301|16|59301||31|069|1176|Urbano|05
59380|Vasco de Quiroga|Colonia|La Piedad|Michoacán de Ocampo|La Piedad de Cabadas|59301|16|59301||09|069|1177|Urbano|05
59380|Don Vasco|Fraccionamiento|La Piedad|Michoacán de Ocampo|La Piedad de Cabadas|59301|16|59301||21|069|3493|Urbano|05
59380|Centro Americano|Colonia|La Piedad|Michoacán de Ocampo|La Piedad de Cabadas|59301|16|59301||09|069|3770|Urbano|05
59380|Nueva Guanajuatillo|Fraccionamiento|La Piedad|Michoacán de Ocampo|La Piedad de Cabadas|59301|16|59301||21|069|4771|Urbano|05
59384|Las Colonias|Colonia|La Piedad|Michoacán de Ocampo|La Piedad de Cabadas|59301|16|59301||09|069|1179|Urbano|05
59386|Lienzo Charro|Colonia|La Piedad|Michoacán de Ocampo|La Piedad de Cabadas|59301|16|59301||09|069|0021|Urbano|05
59386|La Purísima|Colonia|La Piedad|Michoacán de Ocampo|La Piedad de Cabadas|59301|16|59301||09|069|1181|Urbano|05
59386|Ejido los Moreno|Colonia|La Piedad|Michoacán de Ocampo|La Piedad de Cabadas|59301|16|59301||09|069|1182|Urbano|05
59387|Las Colonias Prolongación|Colonia|La Piedad|Michoacán de Ocampo|La Piedad de Cabadas|59301|16|59301||09|069|1184|Urbano|05
59387|Rojas|Fraccionamiento|La Piedad|Michoacán de Ocampo|La Piedad de Cabadas|59301|16|59301||21|069|1185|Urbano|05
59389|Jardines del Carmen (Peña)|Colonia|La Piedad|Michoacán de Ocampo|La Piedad de Cabadas|59301|16|59301||09|069|1187|Urbano|05
59390|Los Moreno|Colonia|La Piedad|Michoacán de Ocampo|La Piedad de Cabadas|59301|16|59301||09|069|1188|Urbano|05
59392|Delta|Fraccionamiento|La Piedad|Michoacán de Ocampo|La Piedad de Cabadas|59301|16|59301||21|069|3494|Urbano|05
59393|La Europea|Fraccionamiento|La Piedad|Michoacán de Ocampo|La Piedad de Cabadas|59301|16|59301||21|069|0024|Urbano|05
59400|La Campana|Ranchería|La Piedad|Michoacán de Ocampo||59301|16|59301||29|069|0008|Rural|
59400|Las Canoas del Salto|Ranchería|La Piedad|Michoacán de Ocampo||59301|16|59301||29|069|0013|Rural|
59400|San Joaquín|Ranchería|La Piedad|Michoacán de Ocampo||59301|16|59301||29|069|0018|Rural|
59400|Acuitzio|Ranchería|La Piedad|Michoacán de Ocampo||59301|16|59301||29|069|1190|Rural|
59400|Cujuarato|Ranchería|La Piedad|Michoacán de Ocampo||59301|16|59301||29|069|1191|Rural|
59400|El Algodonal|Ranchería|La Piedad|Michoacán de Ocampo||59301|16|59301||29|069|1192|Rural|
59400|El Fuerte|Ranchería|La Piedad|Michoacán de Ocampo||59301|16|59301||29|069|1193|Rural|
59400|Zaragoza|Ranchería|La Piedad|Michoacán de Ocampo||59301|16|59301||29|069|1194|Rural|
59400|Los Ayala|Ranchería|La Piedad|Michoacán de Ocampo||59301|16|59301||29|069|1195|Urbano|
59400|Los Guajes|Ranchería|La Piedad|Michoacán de Ocampo||59301|16|59301||29|069|1196|Rural|
59400|Los Melgoza|Ranchería|La Piedad|Michoacán de Ocampo||59301|16|59301||29|069|1197|Rural|
59400|Ojo de Agua de Serrato|Ranchería|La Piedad|Michoacán de Ocampo||59301|16|59301||29|069|1198|Rural|
59400|Paredones|Ranchería|La Piedad|Michoacán de Ocampo||59301|16|59301||29|069|1199|Rural|
59400|San Juan Del Fuerte|Ranchería|La Piedad|Michoacán de Ocampo||59301|16|59301||29|069|1200|Rural|
59400|Ticuitaco (Tocuitaco)|Ranchería|La Piedad|Michoacán de Ocampo||59301|16|59301||29|069|1201|Rural|
59400|El Zapote|Colonia|La Piedad|Michoacán de Ocampo||59301|16|59301||09|069|4088|Rural|
59400|San Cristóbal|Ranchería|La Piedad|Michoacán de Ocampo||59301|16|59301||29|069|4090|Rural|
59400|Tanque de Peña|Ranchería|La Piedad|Michoacán de Ocampo||59301|16|59301||29|069|4091|Rural|
59400|El Calabocito|Colonia|La Piedad|Michoacán de Ocampo||59301|16|59301||09|069|4748|Rural|
59410|El Aguaje|Rancho|La Piedad|Michoacán de Ocampo||59301|16|59301||48|069|0002|Rural|
59410|El Salto|Rancho|La Piedad|Michoacán de Ocampo||59301|16|59301||48|069|0004|Rural|
59410|Estación Patti|Rancho|La Piedad|Michoacán de Ocampo||59301|16|59301||48|069|0006|Rural|
59410|La Higuerita|Rancho|La Piedad|Michoacán de Ocampo||59301|16|59301||48|069|0011|Rural|
59410|Palo Blanco del Salto|Rancho|La Piedad|Michoacán de Ocampo||59301|16|59301||48|069|0017|Rural|
59410|El Caudillo (Chorrera de Silva)|Ranchería|La Piedad|Michoacán de Ocampo||59301|16|59301||29|069|1203|Rural|
59410|Higuera de San Rafael (Las Higueras)|Ranchería|La Piedad|Michoacán de Ocampo||59301|16|59301||29|069|1204|Rural|
59414|La Torcaza|Rancho|La Piedad|Michoacán de Ocampo||59301|16|59301||48|069|0012|Rural|
59415|El Zoro|Rancho|La Piedad|Michoacán de Ocampo||59301|16|59301||48|069|0005|Rural|
59415|La Escoba|Ranchería|La Piedad|Michoacán de Ocampo||59301|16|59301||29|069|0009|Rural|
59420|El Capricho (El Ranchito)|Ranchería|La Piedad|Michoacán de Ocampo||59301|16|59301||29|069|1205|Rural|
59420|La Providencia|Ranchería|La Piedad|Michoacán de Ocampo||59301|16|59301||29|069|4089|Rural|
59423|Jauja|Ranchería|La Piedad|Michoacán de Ocampo||59301|16|59301||29|069|0007|Rural|
59423|El Venado|Rancho|La Piedad|Michoacán de Ocampo||59301|16|59301||48|069|0034|Rural|
59424|El Paraíso|Rancho|La Piedad|Michoacán de Ocampo||59301|16|59301||48|069|0003|Rural|
59424|La Esperanza (Colonia la Esperanza)|Rancho|La Piedad|Michoacán de Ocampo||59301|16|59301||48|069|0010|Rural|
59424|Las Ocho Horas|Granja|La Piedad|Michoacán de Ocampo||59301|16|59301||23|069|0025|Rural|
59424|Nuevo Cereso|Equipamiento|La Piedad|Michoacán de Ocampo||59301|16|59301||17|069|0031|Rural|
59424|El Pandillo|Ranchería|La Piedad|Michoacán de Ocampo||59301|16|59301||29|069|1206|Rural|
59425|Los López|Rancho|La Piedad|Michoacán de Ocampo||59301|16|59301||48|069|0015|Rural|
59425|Los Rodríguez|Rancho|La Piedad|Michoacán de Ocampo||59301|16|59301||48|069|0016|Rural|
59425|Manuel J. Clouthier (Las Casitas)|Fraccionamiento|La Piedad|Michoacán de Ocampo||59301|16|59301||21|069|0032|Rural|
59425|El Jagüey|Ranchería|La Piedad|Michoacán de Ocampo||59301|16|59301||29|069|1207|Rural|
59425|Santa Catarina|Ranchería|La Piedad|Michoacán de Ocampo||59301|16|59301||29|069|1208|Rural|
59426|Los Arias (San Nicolás)|Rancho|La Piedad|Michoacán de Ocampo||59301|16|59301||48|069|0014|Rural|
59426|La R|Granja|La Piedad|Michoacán de Ocampo||59301|16|59301||23|069|0026|Rural|
59426|Las Camelinas (Benjamín Vega)|Granja|La Piedad|Michoacán de Ocampo||59301|16|59301||23|069|0027|Rural|
59426|Las Barranquillas|Rancho|La Piedad|Michoacán de Ocampo||59301|16|59301||48|069|0028|Rural|
59426|Las Cañadas|Fraccionamiento|La Piedad|Michoacán de Ocampo||59301|16|59301||21|069|0030|Rural|
59426|Villas de las Lomas|Fraccionamiento|La Piedad|Michoacán de Ocampo||59301|16|59301||21|069|0033|Rural|
59427|Melchor Ocampo (Ánimas Gusgas)|Ranchería|La Piedad|Michoacán de Ocampo||59301|16|59301||29|069|0001|Rural|
59428|Taquiscuareo (La Finca)|Ranchería|La Piedad|Michoacán de Ocampo||59301|16|59301||29|069|1209|Rural|
59430|25 de Enero|Colonia|Numarán|Michoacán de Ocampo||59301|16|59301||09|060|0001|Urbano|
59430|La Ermita|Colonia|Numarán|Michoacán de Ocampo||59301|16|59301||09|060|0002|Urbano|
59430|Santa Cruz|Colonia|Numarán|Michoacán de Ocampo||59301|16|59301||09|060|0003|Urbano|
59430|Numarán|Pueblo|Numarán|Michoacán de Ocampo||59301|16|59301||28|060|1215|Urbano|
59430|Pueblo Nuevo|Colonia|Numarán|Michoacán de Ocampo||59301|16|59301||09|060|1216|Urbano|
59433|Altamira|Rancho|Numarán|Michoacán de Ocampo||59301|16|59301||48|060|0004|Rural|
59433|La Angostura|Rancho|Numarán|Michoacán de Ocampo||59301|16|59301||48|060|0007|Rural|
59434|El Capulín|Rancho|Numarán|Michoacán de Ocampo||59301|16|59301||48|060|0005|Rural|
59434|Nuevo Morelos (Colonia Nuevo Morelos)|Rancho|Numarán|Michoacán de Ocampo||59301|16|59301||48|060|0008|Rural|
59434|El Palmito|Ranchería|Numarán|Michoacán de Ocampo||59301|16|59301||29|060|1211|Rural|
59434|La Tepuza|Ranchería|Numarán|Michoacán de Ocampo||59301|16|59301||29|060|1213|Rural|
59435|El Triunfo|Pueblo|Numarán|Michoacán de Ocampo||59301|16|59301||28|060|1212|Rural|
59436|San Vicente (Tunas Agrias)|Rancho|Numarán|Michoacán de Ocampo||59301|16|59301||48|060|0009|Rural|
59436|Jaripitiro|Ranchería|Numarán|Michoacán de Ocampo||59301|16|59301||29|060|1218|Rural|
59438|Cañada de Ramírez|Ranchería|Numarán|Michoacán de Ocampo||59301|16|59301||29|060|1210|Rural|
59438|La Unión (Unión de Guadalupe)|Ranchería|Numarán|Michoacán de Ocampo||59301|16|59301||29|060|1214|Rural|
59438|Japacurio|Pueblo|Numarán|Michoacán de Ocampo||59301|16|59301||28|060|1219|Rural|
59440|De Guadalupe|Barrio|Churintzio|Michoacán de Ocampo||59441|16|59441||02|028|0001|Urbano|
59440|De San Antonio|Barrio|Churintzio|Michoacán de Ocampo||59441|16|59441||02|028|0002|Urbano|
59440|El Camotal|Colonia|Churintzio|Michoacán de Ocampo||59441|16|59441||09|028|0003|Urbano|
59440|El Plan|Colonia|Churintzio|Michoacán de Ocampo||59441|16|59441||09|028|0004|Urbano|
59440|El Progreso|Colonia|Churintzio|Michoacán de Ocampo||59441|16|59441||09|028|0005|Urbano|
59440|Los Ángeles|Barrio|Churintzio|Michoacán de Ocampo||59441|16|59441||02|028|0006|Urbano|
59440|Churintzio|Pueblo|Churintzio|Michoacán de Ocampo||59441|16|59441||28|028|1220|Urbano|
59443|El Porvenir|Rancho|Churintzio|Michoacán de Ocampo||59441|16|59441||48|028|0009|Rural|
59443|La Higuera|Ranchería|Churintzio|Michoacán de Ocampo||59441|16|59441||29|028|1223|Rural|
59443|El Fuerte|Ranchería|Churintzio|Michoacán de Ocampo||59441|16|59441||29|028|1225|Rural|
59444|Patzímaro de Aviña (Patzímaro del Rincón)|Pueblo|Churintzio|Michoacán de Ocampo||59441|16|59441||28|028|1221|Rural|
59444|San Isidro Vista Hermosa (Rancho Nuevo)|Ranchería|Churintzio|Michoacán de Ocampo||59441|16|59441||29|028|1224|Rural|
59445|El Salto|Ranchería|Churintzio|Michoacán de Ocampo||59441|16|59441||29|028|1227|Rural|
59446|San Vicente (La Loma)|Ranchería|Churintzio|Michoacán de Ocampo||59441|16|59441||29|028|0011|Rural|
59446|Las Cruces|Ranchería|Churintzio|Michoacán de Ocampo||59441|16|59441||29|028|1228|Rural|
59447|La Noria|Ranchería|Churintzio|Michoacán de Ocampo||59441|16|59441||29|028|1229|Rural|
59450|Changuitiro|Ranchería|Churintzio|Michoacán de Ocampo||59441|16|59441||29|028|1230|Rural|
59450|Torrecillas|Ranchería|Churintzio|Michoacán de Ocampo||59441|16|59441||29|028|1232|Rural|
59451|Nuevo Morelos (El Ranchito)|Ranchería|Churintzio|Michoacán de Ocampo||59441|16|59441||29|028|1233|Rural|
59453|Buenavista de Reynaga|Rancho|Churintzio|Michoacán de Ocampo||59441|16|59441||48|028|0007|Rural|
59453|El Jagüey de Reynaga|Rancho|Churintzio|Michoacán de Ocampo||59441|16|59441||48|028|0008|Rural|
59454|San Juan Bautista Aramutaro|Ranchería|Churintzio|Michoacán de Ocampo||59441|16|59441||29|028|1234|Rural|
59455|El Sabino|Ranchería|Churintzio|Michoacán de Ocampo||59441|16|59441||29|028|0010|Rural|
59455|Huapamacato|Ranchería|Churintzio|Michoacán de Ocampo||59441|16|59441||29|028|1231|Rural|
59455|Sanguijuelas|Ranchería|Churintzio|Michoacán de Ocampo||59441|16|59441||29|028|1235|Rural|
59460|El Ate|Colonia|Zináparo|Michoacán de Ocampo||59301|16|59301||09|109|0001|Urbano|
59460|Emiliano Zapata|Colonia|Zináparo|Michoacán de Ocampo||59301|16|59301||09|109|0002|Urbano|
59460|La Tepuza|Colonia|Zináparo|Michoacán de Ocampo||59301|16|59301||09|109|0003|Urbano|
59460|Las Rosas|Colonia|Zináparo|Michoacán de Ocampo||59301|16|59301||09|109|0004|Urbano|
59460|Los Aguacates|Colonia|Zináparo|Michoacán de Ocampo||59301|16|59301||09|109|0005|Urbano|
59460|Los Granados|Colonia|Zináparo|Michoacán de Ocampo||59301|16|59301||09|109|0006|Urbano|
59460|México 86|Colonia|Zináparo|Michoacán de Ocampo||59301|16|59301||09|109|0007|Urbano|
59460|Los Sauces|Colonia|Zináparo|Michoacán de Ocampo||59301|16|59301||09|109|1237|Urbano|
59460|Zináparo|Ranchería|Zináparo|Michoacán de Ocampo||59301|16|59301||29|109|1238|Urbano|
59463|El Ojo de Agua del Sauz|Ranchería|Zináparo|Michoacán de Ocampo||59301|16|59301||29|109|0008|Rural|
59463|El Salvador|Ranchería|Zináparo|Michoacán de Ocampo||59301|16|59301||29|109|0009|Rural|
59463|La Pajita|Ranchería|Zináparo|Michoacán de Ocampo||59301|16|59301||29|109|0011|Rural|
59463|La Soledad|Ranchería|Zináparo|Michoacán de Ocampo||59301|16|59301||29|109|0012|Rural|
59463|Los Magaña|Ranchería|Zináparo|Michoacán de Ocampo||59301|16|59301||29|109|0013|Rural|
59463|Delcia|Ranchería|Zináparo|Michoacán de Ocampo||59301|16|59301||29|109|0016|Rural|
59463|El Tigre|Ranchería|Zináparo|Michoacán de Ocampo||59301|16|59301||29|109|1236|Rural|
59464|Jalapa|Ranchería|Zináparo|Michoacán de Ocampo||59301|16|59301||29|109|0010|Rural|
59464|Los Tabacos|Ranchería|Zináparo|Michoacán de Ocampo||59301|16|59301||29|109|0015|Rural|
59466|Zipaquío|Ranchería|Zináparo|Michoacán de Ocampo||59301|16|59301||29|109|0019|Rural|
59467|Los Nogales|Ranchería|Zináparo|Michoacán de Ocampo||59301|16|59301||29|109|0014|Rural|
59467|Santa Bárbara|Ranchería|Zináparo|Michoacán de Ocampo||59301|16|59301||29|109|0017|Rural|
59467|Santa Eduwiges (La Hacienda)|Ranchería|Zináparo|Michoacán de Ocampo||59301|16|59301||29|109|0018|Rural|
59470|Penjamillo de Degollado Centro|Colonia|Penjamillo|Michoacán de Ocampo||59477|16|59477||09|067|1242|Urbano|
59470|Colinas del Sur|Colonia|Penjamillo|Michoacán de Ocampo||59477|16|59477||09|067|6683|Urbano|
59470|El Calvario|Colonia|Penjamillo|Michoacán de Ocampo||59477|16|59477||09|067|6684|Urbano|
59470|El Guayabito|Colonia|Penjamillo|Michoacán de Ocampo||59477|16|59477||09|067|6685|Urbano|
59470|Barrio el Junco|Colonia|Penjamillo|Michoacán de Ocampo||59477|16|59477||09|067|6686|Urbano|
59470|Barrio el Llano|Colonia|Penjamillo|Michoacán de Ocampo||59477|16|59477||09|067|6687|Urbano|
59470|Barrio el Puente|Colonia|Penjamillo|Michoacán de Ocampo||59477|16|59477||09|067|6688|Urbano|
59470|Barrio la Caridad|Colonia|Penjamillo|Michoacán de Ocampo||59477|16|59477||09|067|6689|Urbano|
59470|Lázaro Cárdenas|Colonia|Penjamillo|Michoacán de Ocampo||59477|16|59477||09|067|6690|Urbano|
59470|Barrio Pueblo Nuevo|Colonia|Penjamillo|Michoacán de Ocampo||59477|16|59477||09|067|6691|Urbano|
59472|El Colorado|Pueblo|Penjamillo|Michoacán de Ocampo||59477|16|59477||28|067|1239|Rural|
59472|El Mezquite de Hernández|Ranchería|Penjamillo|Michoacán de Ocampo||59477|16|59477||29|067|1246|Rural|
59472|La Cuestita|Ranchería|Penjamillo|Michoacán de Ocampo||59477|16|59477||29|067|1247|Rural|
59472|El Jacal|Ranchería|Penjamillo|Michoacán de Ocampo||59477|16|59477||29|067|6696|Rural|
59472|Palo Blanco|Ranchería|Penjamillo|Michoacán de Ocampo||59477|16|59477||29|067|6714|Rural|
59473|San José de Rábago|Pueblo|Penjamillo|Michoacán de Ocampo||59477|16|59477||28|067|1243|Rural|
59473|Vado Blanco|Ranchería|Penjamillo|Michoacán de Ocampo||59477|16|59477||29|067|1245|Rural|
59473|El Tecuán|Ranchería|Penjamillo|Michoacán de Ocampo||59477|16|59477||29|067|1248|Rural|
59473|Zerecuato|Ranchería|Penjamillo|Michoacán de Ocampo||59477|16|59477||29|067|1249|Rural|
59473|El Monte Calvario|Ranchería|Penjamillo|Michoacán de Ocampo||59477|16|59477||29|067|6699|Rural|
59473|El Nuevo Vado Blanco (Tijuanita)|Ranchería|Penjamillo|Michoacán de Ocampo||59477|16|59477||29|067|6700|Rural|
59473|La Arena|Ranchería|Penjamillo|Michoacán de Ocampo||59477|16|59477||29|067|6702|Rural|
59474|La Peña|Ranchería|Penjamillo|Michoacán de Ocampo||59477|16|59477||29|067|1250|Rural|
59474|Los Otates|Ranchería|Penjamillo|Michoacán de Ocampo||59477|16|59477||29|067|1251|Rural|
59474|La Providencia|Ranchería|Penjamillo|Michoacán de Ocampo||59477|16|59477||29|067|6709|Rural|
59475|La Luz|Ranchería|Penjamillo|Michoacán de Ocampo||59477|16|59477||29|067|1240|Rural|
59475|Patambarillo|Ranchería|Penjamillo|Michoacán de Ocampo||59477|16|59477||29|067|1241|Rural|
59475|Tirimácuaro (Valenciana)|Ranchería|Penjamillo|Michoacán de Ocampo||59477|16|59477||29|067|1244|Rural|
59475|Patámbaro|Ranchería|Penjamillo|Michoacán de Ocampo||59477|16|59477||29|067|1252|Rural|
59475|San Isidro|Ranchería|Penjamillo|Michoacán de Ocampo||59477|16|59477||29|067|1263|Rural|
59475|Colonia Natalio Vázquez Pallares (Norica)|Ranchería|Penjamillo|Michoacán de Ocampo||59477|16|59477||29|067|6695|Rural|
59476|Arroyuelos|Ranchería|Penjamillo|Michoacán de Ocampo||59477|16|59477||29|067|1253|Rural|
59476|Buenavista|Ranchería|Penjamillo|Michoacán de Ocampo||59477|16|59477||29|067|6692|Rural|
59476|El Paraíso (El Tarengo)|Ranchería|Penjamillo|Michoacán de Ocampo||59477|16|59477||29|067|6701|Rural|
59476|Las Flores|Ranchería|Penjamillo|Michoacán de Ocampo||59477|16|59477||29|067|6710|Rural|
59476|Los Álamos|Ranchería|Penjamillo|Michoacán de Ocampo||59477|16|59477||29|067|6712|Rural|
59476|Petazícuaro|Ranchería|Penjamillo|Michoacán de Ocampo||59477|16|59477||29|067|6715|Rural|
59476|Rancho de García|Ranchería|Penjamillo|Michoacán de Ocampo||59477|16|59477||29|067|6716|Rural|
59478|El Platanal|Ranchería|Penjamillo|Michoacán de Ocampo||59477|16|59477||29|067|1255|Rural|
59480|Santa Fe del Río|Pueblo|Penjamillo|Michoacán de Ocampo||59477|16|59477||28|067|1256|Rural|
59480|La Laborcilla|Ranchería|Penjamillo|Michoacán de Ocampo||59477|16|59477||29|067|6705|Rural|
59480|Rancho Seco|Ranchería|Penjamillo|Michoacán de Ocampo||59477|16|59477||29|067|6717|Rural|
59481|Ansihuacuaro|Ranchería|Penjamillo|Michoacán de Ocampo||59477|16|59477||29|067|1257|Rural|
59482|El Viejo Rodeo|Ranchería|Penjamillo|Michoacán de Ocampo||59477|16|59477||29|067|1258|Rural|
59482|Guándaro|Ranchería|Penjamillo|Michoacán de Ocampo||59477|16|59477||29|067|1259|Rural|
59482|Buenavista (La Nopalera)|Ranchería|Penjamillo|Michoacán de Ocampo||59477|16|59477||29|067|6693|Rural|
59482|Cerrito de la Gloria|Ranchería|Penjamillo|Michoacán de Ocampo||59477|16|59477||29|067|6694|Rural|
59482|La Huerta|Ranchería|Penjamillo|Michoacán de Ocampo||59477|16|59477||29|067|6703|Rural|
59482|Las Playas|Ranchería|Penjamillo|Michoacán de Ocampo||59477|16|59477||29|067|6711|Rural|
59482|Nuevo Rodeo|Ranchería|Penjamillo|Michoacán de Ocampo||59477|16|59477||29|067|6713|Rural|
59490|El Guayabo|Ranchería|Penjamillo|Michoacán de Ocampo||59477|16|59477||29|067|1260|Rural|
59490|San Antonio Carupo|Ranchería|Penjamillo|Michoacán de Ocampo||59477|16|59477||29|067|1261|Rural|
59490|Ziquítaro|Pueblo|Penjamillo|Michoacán de Ocampo||59477|16|59477||28|067|1262|Rural|
59490|Llano Grande|Ranchería|Penjamillo|Michoacán de Ocampo||59477|16|59477||29|067|1268|Rural|
59490|El Mirador|Ranchería|Penjamillo|Michoacán de Ocampo||59477|16|59477||29|067|6698|Rural|
59490|La Poma|Ranchería|Penjamillo|Michoacán de Ocampo||59477|16|59477||29|067|6708|Rural|
59493|La Garza|Ranchería|Penjamillo|Michoacán de Ocampo||59477|16|59477||29|067|1264|Rural|
59493|El Laberinto|Ranchería|Penjamillo|Michoacán de Ocampo||59477|16|59477||29|067|6697|Rural|
59493|La Jamacua|Ranchería|Penjamillo|Michoacán de Ocampo||59477|16|59477||29|067|6704|Rural|
59494|El Cucuno|Ranchería|Penjamillo|Michoacán de Ocampo||59477|16|59477||29|067|1265|Rural|
59497|Los Fresnos|Ranchería|Penjamillo|Michoacán de Ocampo||59477|16|59477||29|067|1266|Rural|
59498|El Chupadero|Ranchería|Penjamillo|Michoacán de Ocampo||59477|16|59477||29|067|1267|Rural|
59500|El Mirador|Colonia|Marcos Castellanos|Michoacán de Ocampo||59501|16|59501||09|051|0006|Urbano|
59500|Loma Real de Larios|Colonia|Marcos Castellanos|Michoacán de Ocampo||59501|16|59501||09|051|0007|Urbano|
59500|Linda Vista|Colonia|Marcos Castellanos|Michoacán de Ocampo||59501|16|59501||09|051|0008|Urbano|
59500|Arboledas|Colonia|Marcos Castellanos|Michoacán de Ocampo||59501|16|59501||09|051|0009|Urbano|
59500|Jardines del Paraíso|Colonia|Marcos Castellanos|Michoacán de Ocampo||59501|16|59501||09|051|0010|Urbano|
59500|El Sabino|Colonia|Marcos Castellanos|Michoacán de Ocampo||59501|16|59501||09|051|0011|Urbano|
59500|San José de Gracia|Pueblo|Marcos Castellanos|Michoacán de Ocampo||59501|16|59501||28|051|1269|Urbano|
59500|Bellavista|Colonia|Marcos Castellanos|Michoacán de Ocampo||59501|16|59501||09|051|5021|Urbano|
59500|Dr. Ignacio Chávez|Colonia|Marcos Castellanos|Michoacán de Ocampo||59501|16|59501||09|051|5022|Urbano|
59500|El Durazno|Colonia|Marcos Castellanos|Michoacán de Ocampo||59501|16|59501||09|051|5023|Urbano|
59500|Lindavista|Colonia|Marcos Castellanos|Michoacán de Ocampo||59501|16|59501||09|051|5024|Urbano|
59500|Lomas de San José|Colonia|Marcos Castellanos|Michoacán de Ocampo||59501|16|59501||09|051|5025|Urbano|
59500|Tenería|Colonia|Marcos Castellanos|Michoacán de Ocampo||59501|16|59501||09|051|5026|Urbano|
59503|El Potrerito|Rancho|Marcos Castellanos|Michoacán de Ocampo||59501|16|59501||48|051|0003|Rural|
59503|La Loma del Soyate|Rancho|Marcos Castellanos|Michoacán de Ocampo||59501|16|59501||48|051|0004|Rural|
59503|Auchén|Ranchería|Marcos Castellanos|Michoacán de Ocampo||59501|16|59501||29|051|4701|Rural|
59503|El Jarrero|Ranchería|Marcos Castellanos|Michoacán de Ocampo||59501|16|59501||29|051|5027|Rural|
59504|Barranca de la Virgen|Ranchería|Marcos Castellanos|Michoacán de Ocampo||59501|16|59501||29|051|5028|Rural|
59504|Desviación de los Olivos (La Villita)|Ranchería|Marcos Castellanos|Michoacán de Ocampo||59501|16|59501||29|051|5029|Rural|
59504|La Estancia del Monte (China)|Ranchería|Marcos Castellanos|Michoacán de Ocampo||59501|16|59501||29|051|5030|Rural|
59505|Los Olivos de Ordeña|Rancho|Marcos Castellanos|Michoacán de Ocampo||59501|16|59501||48|051|0002|Rural|
59505|San Miguel|Ranchería|Marcos Castellanos|Michoacán de Ocampo||59501|16|59501||29|051|1271|Rural|
59505|La Frontera|Rancho|Marcos Castellanos|Michoacán de Ocampo||59501|16|59501||48|051|5031|Rural|
59505|La Rosa|Ranchería|Marcos Castellanos|Michoacán de Ocampo||59501|16|59501||29|051|5032|Rural|
59505|La Tinaja Seca (La Tinaja)|Rancho|Marcos Castellanos|Michoacán de Ocampo||59501|16|59501||48|051|5033|Rural|
59505|La Villita|Rancho|Marcos Castellanos|Michoacán de Ocampo||59501|16|59501||48|051|5034|Rural|
59506|Ojo de Rana|Pueblo|Marcos Castellanos|Michoacán de Ocampo||59501|16|59501||28|051|1272|Rural|
59506|La Nopalera|Rancho|Marcos Castellanos|Michoacán de Ocampo||59501|16|59501||48|051|5035|Rural|
59506|Loma Ojo de Rana|Rancho|Marcos Castellanos|Michoacán de Ocampo||59501|16|59501||48|051|5036|Rural|
59507|El Sabino|Ranchería|Marcos Castellanos|Michoacán de Ocampo||59501|16|59501||29|051|1273|Rural|
59507|Los Cojos|Ranchería|Marcos Castellanos|Michoacán de Ocampo||59501|16|59501||29|051|4750|Rural|
59507|La Arena|Ranchería|Marcos Castellanos|Michoacán de Ocampo||59501|16|59501||29|051|5037|Rural|
59508|El Espino de Abajo|Rancho|Marcos Castellanos|Michoacán de Ocampo||59501|16|59501||48|051|0005|Rural|
59508|El Espino|Rancho|Marcos Castellanos|Michoacán de Ocampo||59501|16|59501||48|051|5038|Rural|
59508|Izote|Rancho|Marcos Castellanos|Michoacán de Ocampo||59501|16|59501||48|051|5039|Rural|
59508|La Tinaja de los Ruiz|Rancho|Marcos Castellanos|Michoacán de Ocampo||59501|16|59501||48|051|5040|Rural|
59508|Paso Real|Rancho|Marcos Castellanos|Michoacán de Ocampo||59501|16|59501||48|051|5041|Rural|
59510|Jiquilpan de Juárez Centro|Colonia|Jiquilpan|Michoacán de Ocampo|Jiquilpan de Juárez|59511|16|59511||09|045|1274|Urbano|23
59512|María Isabel|Colonia|Jiquilpan|Michoacán de Ocampo|Jiquilpan de Juárez|59511|16|59511||09|045|3137|Urbano|23
59512|La Selva|Colonia|Jiquilpan|Michoacán de Ocampo|Jiquilpan de Juárez|59511|16|59511||09|045|3148|Urbano|23
59512|Los Arcos|Colonia|Jiquilpan|Michoacán de Ocampo|Jiquilpan de Juárez|59511|16|59511||09|045|3150|Urbano|23
59512|La Camelina|Colonia|Jiquilpan|Michoacán de Ocampo|Jiquilpan de Juárez|59511|16|59511||09|045|3154|Urbano|23
59513|La Loma del Pastor|Fraccionamiento|Jiquilpan|Michoacán de Ocampo|Jiquilpan de Juárez|59511|16|59511||21|045|0005|Urbano|23
59513|El Retache|Barrio|Jiquilpan|Michoacán de Ocampo|Jiquilpan de Juárez|59511|16|59511||02|045|3138|Urbano|23
59513|La Puentecita|Barrio|Jiquilpan|Michoacán de Ocampo|Jiquilpan de Juárez|59511|16|59511||02|045|3139|Urbano|23
59513|Buenos Aires|Colonia|Jiquilpan|Michoacán de Ocampo|Jiquilpan de Juárez|59511|16|59511||09|045|3143|Urbano|23
59513|El Toreo|Colonia|Jiquilpan|Michoacán de Ocampo|Jiquilpan de Juárez|59511|16|59511||09|045|3146|Urbano|23
59513|La Morena|Colonia|Jiquilpan|Michoacán de Ocampo|Jiquilpan de Juárez|59511|16|59511||09|045|3152|Urbano|23
59513|Quinta las Rosas|Colonia|Jiquilpan|Michoacán de Ocampo|Jiquilpan de Juárez|59511|16|59511||09|045|3159|Urbano|23
59513|Lomas del Pastor|Fraccionamiento|Jiquilpan|Michoacán de Ocampo|Jiquilpan de Juárez|59511|16|59511||21|045|3165|Urbano|23
59513|El Llano|Fraccionamiento|Jiquilpan|Michoacán de Ocampo|Jiquilpan de Juárez|59511|16|59511||21|045|3774|Urbano|23
59513|Flamingos|Colonia|Jiquilpan|Michoacán de Ocampo|Jiquilpan de Juárez|59511|16|59511||09|045|3776|Urbano|23
59513|General Neri|Unidad habitacional|Jiquilpan|Michoacán de Ocampo|Jiquilpan de Juárez|59511|16|59511||31|045|3777|Urbano|23
59513|El Llano II|Colonia|Jiquilpan|Michoacán de Ocampo|Jiquilpan de Juárez|59511|16|59511||09|045|4112|Urbano|23
59513|El Toreo II|Colonia|Jiquilpan|Michoacán de Ocampo|Jiquilpan de Juárez|59511|16|59511||09|045|4113|Urbano|23
59513|INFONAVIT Morelos|Conjunto habitacional|Jiquilpan|Michoacán de Ocampo|Jiquilpan de Juárez|59511|16|59511||12|045|4114|Urbano|23
59513|La Lobera|Colonia|Jiquilpan|Michoacán de Ocampo|Jiquilpan de Juárez|59511|16|59511||09|045|4115|Urbano|23
59513|San Cayetano|Colonia|Jiquilpan|Michoacán de Ocampo|Jiquilpan de Juárez|59511|16|59511||09|045|6567|Urbano|23
59514|La Tijera|Barrio|Jiquilpan|Michoacán de Ocampo|Jiquilpan de Juárez|59511|16|59511||02|045|3140|Urbano|23
59514|Dámaso Cárdenas|Colonia|Jiquilpan|Michoacán de Ocampo|Jiquilpan de Juárez|59511|16|59511||09|045|3145|Urbano|23
59514|Jacarandas FOVISSSTE|Unidad habitacional|Jiquilpan|Michoacán de Ocampo|Jiquilpan de Juárez|59511|16|59511||31|045|3149|Urbano|23
59514|Lindavista|Colonia|Jiquilpan|Michoacán de Ocampo|Jiquilpan de Juárez|59511|16|59511||09|045|3156|Urbano|23
59514|Lomas del Pastor de Saúl Novoa|Fraccionamiento|Jiquilpan|Michoacán de Ocampo|Jiquilpan de Juárez|59511|16|59511||21|045|3163|Urbano|23
59514|Lomas del Pastor Ángel Novoa|Fraccionamiento|Jiquilpan|Michoacán de Ocampo|Jiquilpan de Juárez|59511|16|59511||21|045|3164|Urbano|23
59514|Ayoyote|Fraccionamiento|Jiquilpan|Michoacán de Ocampo|Jiquilpan de Juárez|59511|16|59511||21|045|3772|Urbano|23
59514|El Jorullo|Fraccionamiento|Jiquilpan|Michoacán de Ocampo|Jiquilpan de Juárez|59511|16|59511||21|045|3773|Urbano|23
59514|Jacarandas II|Fraccionamiento|Jiquilpan|Michoacán de Ocampo|Jiquilpan de Juárez|59511|16|59511||21|045|3778|Urbano|23
59514|Las Canelas|Fraccionamiento|Jiquilpan|Michoacán de Ocampo|Jiquilpan de Juárez|59511|16|59511||21|045|3782|Urbano|23
59514|CBTIS|Colonia|Jiquilpan|Michoacán de Ocampo|Jiquilpan de Juárez|59511|16|59511||09|045|4111|Urbano|23
59515|La Nopalera|Colonia|Jiquilpan|Michoacán de Ocampo|Jiquilpan de Juárez|59511|16|59511||09|045|3157|Urbano|23
59515|Lázaro Cárdenas|Fraccionamiento|Jiquilpan|Michoacán de Ocampo|Jiquilpan de Juárez|59511|16|59511||21|045|3158|Urbano|23
59516|Sendero de las Moras|Colonia|Jiquilpan|Michoacán de Ocampo|Jiquilpan de Juárez|59511|16|59511||09|045|0006|Urbano|23
59516|La Trasquila|Barrio|Jiquilpan|Michoacán de Ocampo|Jiquilpan de Juárez|59511|16|59511||02|045|3141|Urbano|23
59516|California|Colonia|Jiquilpan|Michoacán de Ocampo|Jiquilpan de Juárez|59511|16|59511||09|045|3144|Urbano|23
59516|Ignacio Ramírez|Colonia|Jiquilpan|Michoacán de Ocampo|Jiquilpan de Juárez|59511|16|59511||09|045|3151|Urbano|23
59516|La Ortiga|Fraccionamiento|Jiquilpan|Michoacán de Ocampo|Jiquilpan de Juárez|59511|16|59511||21|045|3781|Urbano|23
59516|La Virgencita|Colonia|Jiquilpan|Michoacán de Ocampo|Jiquilpan de Juárez|59511|16|59511||09|045|4116|Urbano|23
59517|Independencia|Colonia|Jiquilpan|Michoacán de Ocampo|Jiquilpan de Juárez|59511|16|59511||09|045|3136|Urbano|23
59517|Guadalupe|Colonia|Jiquilpan|Michoacán de Ocampo|Jiquilpan de Juárez|59511|16|59511||09|045|3147|Urbano|23
59517|Tepeyac|Colonia|Jiquilpan|Michoacán de Ocampo|Jiquilpan de Juárez|59511|16|59511||09|045|3155|Urbano|23
59517|Lomas del Pedregal|Fraccionamiento|Jiquilpan|Michoacán de Ocampo|Jiquilpan de Juárez|59511|16|59511||21|045|3162|Urbano|23
59517|Lomas del Tepeyac|Fraccionamiento|Jiquilpan|Michoacán de Ocampo|Jiquilpan de Juárez|59511|16|59511||21|045|3167|Urbano|23
59517|La Cañada|Fraccionamiento|Jiquilpan|Michoacán de Ocampo|Jiquilpan de Juárez|59511|16|59511||21|045|3779|Urbano|23
59517|La Llave|Fraccionamiento|Jiquilpan|Michoacán de Ocampo|Jiquilpan de Juárez|59511|16|59511||21|045|3780|Urbano|23
59517|16 de Septiembre|Colonia|Jiquilpan|Michoacán de Ocampo|Jiquilpan de Juárez|59511|16|59511||09|045|4110|Urbano|23
59517|Los Lavaderos|Colonia|Jiquilpan|Michoacán de Ocampo|Jiquilpan de Juárez|59511|16|59511||09|045|4117|Urbano|23
59518|Colinas Universidad|Fraccionamiento|Jiquilpan|Michoacán de Ocampo|Jiquilpan de Juárez|59511|16|59511||21|045|0003|Urbano|23
59518|Colinas del Paraíso|Fraccionamiento|Jiquilpan|Michoacán de Ocampo|Jiquilpan de Juárez|59511|16|59511||21|045|0004|Urbano|23
59518|Cuauhtémoc|Colonia|Jiquilpan|Michoacán de Ocampo|Jiquilpan de Juárez|59511|16|59511||09|045|3153|Urbano|23
59518|18 de Marzo|Fraccionamiento|Jiquilpan|Michoacán de Ocampo|Jiquilpan de Juárez|59511|16|59511||21|045|3160|Urbano|23
59518|Arboledas|Colonia|Jiquilpan|Michoacán de Ocampo|Jiquilpan de Juárez|59511|16|59511||09|045|3161|Urbano|23
59518|El Pitalillo|Colonia|Jiquilpan|Michoacán de Ocampo|Jiquilpan de Juárez|59511|16|59511||09|045|3775|Urbano|23
59518|Bugambilias 1a. Sección|Fraccionamiento|Jiquilpan|Michoacán de Ocampo|Jiquilpan de Juárez|59511|16|59511||21|045|4954|Urbano|23
59520|Abadiano (Los Bajos)|Ranchería|Jiquilpan|Michoacán de Ocampo||59511|16|59511||29|045|1277|Rural|
59520|Los Tábanos|Ranchería|Jiquilpan|Michoacán de Ocampo||59511|16|59511||29|045|1278|Rural|
59523|Las Puentes|Ranchería|Jiquilpan|Michoacán de Ocampo||59511|16|59511||29|045|4135|Rural|
59523|Los Amoles|Ranchería|Jiquilpan|Michoacán de Ocampo||59511|16|59511||29|045|4138|Rural|
59524|Las Violetas|Ranchería|Jiquilpan|Michoacán de Ocampo||59511|16|59511||29|045|4136|Rural|
59524|Lata Chica (La Tachica)|Ranchería|Jiquilpan|Michoacán de Ocampo||59511|16|59511||29|045|4137|Rural|
59525|La Cofradía|Ranchería|Jiquilpan|Michoacán de Ocampo||59511|16|59511||29|045|4128|Rural|
59525|Los Cerritos|Ranchería|Jiquilpan|Michoacán de Ocampo||59511|16|59511||29|045|4139|Rural|
59526|El Fresno|Ranchería|Jiquilpan|Michoacán de Ocampo||59511|16|59511||29|045|4121|Rural|
59526|La Purísima|Ranchería|Jiquilpan|Michoacán de Ocampo||59511|16|59511||29|045|4130|Rural|
59526|El Vergel|Rancho|Jiquilpan|Michoacán de Ocampo||59511|16|59511||48|045|4145|Rural|
59526|Santa Bárbara|Ranchería|Jiquilpan|Michoacán de Ocampo||59511|16|59511||29|045|4149|Rural|
59527|Abadiano Alto (Los Altos)|Ranchería|Jiquilpan|Michoacán de Ocampo||59511|16|59511||29|045|4118|Rural|
59530|Totolán (Santuario de Ntra. Sra. de los Remedios)|Pueblo|Jiquilpan|Michoacán de Ocampo||59511|16|59511||28|045|1279|Urbano|
59531|Cerro de San Francisco|Ranchería|Jiquilpan|Michoacán de Ocampo||59511|16|59511||29|045|1280|Rural|
59531|Los Remedios|Ranchería|Jiquilpan|Michoacán de Ocampo||59511|16|59511||29|045|1281|Urbano|
59531|Rancho Alegre|Colonia|Jiquilpan|Michoacán de Ocampo||59511|16|59511||09|045|6653|Urbano|
59532|Francisco Sarabia (Cerrito Pelón)|Pueblo|Jiquilpan|Michoacán de Ocampo||59001|16|59001||28|045|1275|Rural|
59533|Palos Altos|Rancho|Jiquilpan|Michoacán de Ocampo||59511|16|59511||48|045|0001|Rural|
59533|El Ramireño|Ranchería|Jiquilpan|Michoacán de Ocampo||59511|16|59511||29|045|4122|Rural|
59533|La Lobera|Ranchería|Jiquilpan|Michoacán de Ocampo||59511|16|59511||29|045|4129|Rural|
59534|La Huerta|Rancho|Jiquilpan|Michoacán de Ocampo||59511|16|59511||48|045|0002|Rural|
59540|Paredones|Ranchería|Jiquilpan|Michoacán de Ocampo||59511|16|59511||29|045|1282|Rural|
59543|El Salto|Ranchería|Jiquilpan|Michoacán de Ocampo||59511|16|59511||29|045|4124|Rural|
59543|Las Ánimas|Ranchería|Jiquilpan|Michoacán de Ocampo||59511|16|59511||29|045|4132|Rural|
59543|Los Tres Ríos|Ranchería|Jiquilpan|Michoacán de Ocampo||59511|16|59511||29|045|4143|Rural|
59543|Otero (Rancho de Otero)|Ranchería|Jiquilpan|Michoacán de Ocampo||59511|16|59511||29|045|4146|Rural|
59543|Paso de la Cañada|Ranchería|Jiquilpan|Michoacán de Ocampo||59511|16|59511||29|045|4147|Rural|
59544|La Casa Blanca|Ranchería|Jiquilpan|Michoacán de Ocampo||59511|16|59511||29|045|4127|Rural|
59544|Las Jaras (La Jara)|Ranchería|Jiquilpan|Michoacán de Ocampo||59511|16|59511||29|045|4133|Rural|
59545|Loza|Ranchería|Jiquilpan|Michoacán de Ocampo||59511|16|59511||29|045|4144|Rural|
59546|El Capulín|Ranchería|Jiquilpan|Michoacán de Ocampo||59511|16|59511||29|045|4120|Rural|
59546|El Rincón|Ranchería|Jiquilpan|Michoacán de Ocampo||59511|16|59511||29|045|4123|Rural|
59546|Lagunita|Ranchería|Jiquilpan|Michoacán de Ocampo||59511|16|59511||29|045|4131|Rural|
59547|La Breña|Ranchería|Jiquilpan|Michoacán de Ocampo||59511|16|59511||29|045|4125|Rural|
59547|La Cantera|Ranchería|Jiquilpan|Michoacán de Ocampo||59511|16|59511||29|045|4126|Rural|
59547|Los Laureles|Ranchería|Jiquilpan|Michoacán de Ocampo||59511|16|59511||29|045|4140|Rural|
59550|Camino Real|Colonia|Villamar|Michoacán de Ocampo||59555|16|59555||09|104|0001|Urbano|
59550|El Hurelio|Colonia|Villamar|Michoacán de Ocampo||59555|16|59555||09|104|0002|Urbano|
59550|Lomas de Villamar|Colonia|Villamar|Michoacán de Ocampo||59555|16|59555||09|104|0003|Urbano|
59550|Villamar|Pueblo|Villamar|Michoacán de Ocampo||59555|16|59555||28|104|1285|Urbano|
59552|Cerrito de Cotijarán|Ranchería|Villamar|Michoacán de Ocampo||59555|16|59555||29|104|1287|Rural|
59553|El Platanal|Ranchería|Villamar|Michoacán de Ocampo||59555|16|59555||29|104|1288|Urbano|
59554|Emiliano Zapata|Pueblo|Villamar|Michoacán de Ocampo||59555|16|59555||28|104|1286|Urbano|
59557|La Agua Santa|Rancho|Villamar|Michoacán de Ocampo||59555|16|59555||48|104|0010|Rural|
59557|El Salitre|Ranchería|Villamar|Michoacán de Ocampo||59555|16|59555||29|104|1283|Rural|
59557|El Varal|Ranchería|Villamar|Michoacán de Ocampo||59555|16|59555||29|104|1284|Rural|
59560|La Joya de Magallanes|Rancho|Villamar|Michoacán de Ocampo||59555|16|59555||48|104|0012|Rural|
59560|Las Zarquillas|Ranchería|Villamar|Michoacán de Ocampo||59555|16|59555||29|104|1291|Rural|
59563|Cerrito Colorado|Ranchería|Villamar|Michoacán de Ocampo||59555|16|59555||29|104|1292|Rural|
59566|Nicolás Romero|Ranchería|Villamar|Michoacán de Ocampo||59555|16|59555||29|104|3915|Rural|
59570|Jaripo|Pueblo|Villamar|Michoacán de Ocampo||59555|16|59555||28|104|1293|Rural|
59570|Los Granados|Ranchería|Villamar|Michoacán de Ocampo||59555|16|59555||29|104|1294|Rural|
59573|Los Ángeles|Rancho|Villamar|Michoacán de Ocampo||59555|16|59555||48|104|0005|Rural|
59573|Crucero de San Antonio|Rancho|Villamar|Michoacán de Ocampo||59555|16|59555||48|104|0006|Rural|
59573|La Ortiga de San Antonio Guaracha|Ranchería|Villamar|Michoacán de Ocampo||59555|16|59555||29|104|0015|Rural|
59573|La Presa Nueva|Ranchería|Villamar|Michoacán de Ocampo||59555|16|59555||29|104|0017|Rural|
59573|San Antonio Guaracha|Pueblo|Villamar|Michoacán de Ocampo||59555|16|59555||28|104|1295|Rural|
59573|La Raya de San Antonio Guaracha|Ranchería|Villamar|Michoacán de Ocampo||59555|16|59555||29|104|4708|Rural|
59573|San Miguel|Ranchería|Villamar|Michoacán de Ocampo||59555|16|59555||29|104|4720|Rural|
59574|Estación Guaracha|Rancho|Villamar|Michoacán de Ocampo||59555|16|59555||48|104|0009|Rural|
59574|Las Estacas|Pueblo|Villamar|Michoacán de Ocampo||59555|16|59555||28|104|4062|Rural|
59575|Coameo Chico|Ranchería|Villamar|Michoacán de Ocampo||59555|16|59555||29|104|0004|Rural|
59575|El Aguacate|Ranchería|Villamar|Michoacán de Ocampo||59555|16|59555||29|104|4926|Rural|
59576|El Rincón de Jaripo|Rancho|Villamar|Michoacán de Ocampo||59555|16|59555||48|104|0008|Rural|
59576|La Joya del Aire|Ranchería|Villamar|Michoacán de Ocampo||59555|16|59555||29|104|0013|Rural|
59576|La Ladera|Rancho|Villamar|Michoacán de Ocampo||59555|16|59555||48|104|0014|Rural|
59576|El Aguate (El Ajuate)|Ranchería|Villamar|Michoacán de Ocampo||59555|16|59555||29|104|4736|Rural|
59577|La Caramicua|Rancho|Villamar|Michoacán de Ocampo||59555|16|59555||48|104|0011|Rural|
59577|Tarimoro|Ranchería|Villamar|Michoacán de Ocampo||59555|16|59555||29|104|0019|Rural|
59577|Tumbiscato|Ranchería|Villamar|Michoacán de Ocampo||59555|16|59555||29|104|0020|Rural|
59577|Agua Caliente|Ranchería|Villamar|Michoacán de Ocampo||59555|16|59555||29|104|4711|Rural|
59577|El Tecolote|Ranchería|Villamar|Michoacán de Ocampo||59555|16|59555||29|104|4718|Rural|
59577|La Vinata|Ranchería|Villamar|Michoacán de Ocampo||59555|16|59555||29|104|4719|Rural|
59577|Benito Juárez (San Benito)|Ranchería|Villamar|Michoacán de Ocampo||59555|16|59555||29|104|4925|Rural|
59578|El Fresno|Ranchería|Villamar|Michoacán de Ocampo||59555|16|59555||29|104|0007|Rural|
59578|La Palmita (La Palma)|Ranchería|Villamar|Michoacán de Ocampo||59555|16|59555||29|104|0016|Rural|
59578|Los Ceja|Ranchería|Villamar|Michoacán de Ocampo||59555|16|59555||29|104|0018|Rural|
59578|El Zapotito|Ranchería|Villamar|Michoacán de Ocampo||59555|16|59555||29|104|4804|Rural|
59580|Chavinda|Pueblo|Chavinda|Michoacán de Ocampo||59581|16|59581||28|023|1296|Urbano|
59590|La Esperanza|Ejido|Chavinda|Michoacán de Ocampo||59581|16|59581||15|023|1299|Rural|
59590|San Juan Palmira|Ejido|Chavinda|Michoacán de Ocampo||59581|16|59581||15|023|1301|Rural|
59593|La Cuestita|Ejido|Chavinda|Michoacán de Ocampo||59581|16|59581||15|023|1298|Rural|
59593|Magallanes|Ranchería|Chavinda|Michoacán de Ocampo||59581|16|59581||29|023|1303|Rural|
59594|La Soledad|Ejido|Chavinda|Michoacán de Ocampo||59581|16|59581||15|023|1300|Rural|
59595|El Tepehuaje|Ejido|Chavinda|Michoacán de Ocampo||59581|16|59581||15|023|1302|Rural|
59600|Zamora de Hidalgo Centro|Colonia|Zamora|Michoacán de Ocampo|Zamora de Hidalgo|59691|16|59691||09|108|1304|Urbano|11
59610|Paraíso Residencial|Fraccionamiento|Zamora|Michoacán de Ocampo|Zamora de Hidalgo|59691|16|59691||21|108|0021|Urbano|11
59610|La Florida San Patricio|Colonia|Zamora|Michoacán de Ocampo|Zamora de Hidalgo|59691|16|59691||09|108|1306|Urbano|11
59610|Madero|Colonia|Zamora|Michoacán de Ocampo|Zamora de Hidalgo|59691|16|59691||09|108|1308|Urbano|11
59610|Valencia|Colonia|Zamora|Michoacán de Ocampo|Zamora de Hidalgo|59691|16|59691||09|108|1309|Urbano|11
59610|Valencia 2a Secc|Fraccionamiento|Zamora|Michoacán de Ocampo|Zamora de Hidalgo|59691|16|59691||21|108|1310|Urbano|11
59610|Real Del Jericó|Fraccionamiento|Zamora|Michoacán de Ocampo|Zamora de Hidalgo|59691|16|59691||21|108|3800|Urbano|11
59610|Juan Gutiérrez Flores II|Colonia|Zamora|Michoacán de Ocampo|Zamora de Hidalgo|59691|16|59691||09|108|4426|Urbano|11
59610|La Esperanza|Colonia|Zamora|Michoacán de Ocampo|Zamora de Hidalgo|59691|16|59691||09|108|4427|Urbano|11
59610|San Ramón|Colonia|Zamora|Michoacán de Ocampo|Zamora de Hidalgo|59691|16|59691||09|108|4452|Urbano|11
59610|Valencia 1a. Sección|Colonia|Zamora|Michoacán de Ocampo|Zamora de Hidalgo|59691|16|59691||09|108|4615|Urbano|11
59613|Las Camelinas|Fraccionamiento|Zamora|Michoacán de Ocampo|Zamora de Hidalgo|59691|16|59691||21|108|1311|Urbano|11
59614|Galeana|Fraccionamiento|Zamora|Michoacán de Ocampo|Zamora de Hidalgo|59691|16|59691||21|108|1312|Urbano|11
59614|San Francisco|Colonia|Zamora|Michoacán de Ocampo|Zamora de Hidalgo|59691|16|59691||09|108|4901|Urbano|11
59615|Santa Fe|Fraccionamiento|Zamora|Michoacán de Ocampo|Zamora de Hidalgo|59691|16|59691||21|108|0022|Urbano|11
59615|Cosmos|Conjunto habitacional|Zamora|Michoacán de Ocampo|Zamora de Hidalgo|59691|16|59691||12|108|1313|Urbano|11
59615|Progreso Nacional|Colonia|Zamora|Michoacán de Ocampo|Zamora de Hidalgo|59691|16|59691||09|108|1315|Urbano|11
59615|Industrial Valencia|Fraccionamiento|Zamora|Michoacán de Ocampo|Zamora de Hidalgo|59691|16|59691||21|108|4897|Urbano|11
59616|La Floresta|Fraccionamiento|Zamora|Michoacán de Ocampo|Zamora de Hidalgo|59691|16|59691||21|108|1316|Urbano|11
59617|Los Naranjos de Castilla|Fraccionamiento|Zamora|Michoacán de Ocampo|Zamora de Hidalgo|59691|16|59691||21|108|0018|Urbano|11
59617|Huertas del Cerrito|Fraccionamiento|Zamora|Michoacán de Ocampo|Zamora de Hidalgo|59691|16|59691||21|108|1317|Urbano|11
59617|Jardines de San Joaquín|Fraccionamiento|Zamora|Michoacán de Ocampo|Zamora de Hidalgo|59691|16|59691||21|108|1318|Urbano|11
59617|Huertas de San Joaquín|Fraccionamiento|Zamora|Michoacán de Ocampo|Zamora de Hidalgo|59691|16|59691||21|108|3794|Urbano|11
59617|Prados de Valencia|Fraccionamiento|Zamora|Michoacán de Ocampo|Zamora de Hidalgo|59691|16|59691||21|108|3797|Urbano|11
59617|Real de Valencia|Conjunto habitacional|Zamora|Michoacán de Ocampo|Zamora de Hidalgo|59691|16|59691||12|108|3799|Urbano|11
59617|Francisco J. Mújica I|Fraccionamiento|Zamora|Michoacán de Ocampo|Zamora de Hidalgo|59691|16|59691||21|108|4415|Urbano|11
59617|Industrial Jericó|Fraccionamiento|Zamora|Michoacán de Ocampo|Zamora de Hidalgo|59691|16|59691||21|108|4420|Urbano|11
59617|Jardines de San Joaquín 2a. Sección|Fraccionamiento|Zamora|Michoacán de Ocampo|Zamora de Hidalgo|59691|16|59691||21|108|4422|Urbano|11
59617|Lago del Bosque|Colonia|Zamora|Michoacán de Ocampo|Zamora de Hidalgo|59691|16|59691||09|108|4429|Urbano|11
59618|Alfonso García Robles|Colonia|Zamora|Michoacán de Ocampo|Zamora de Hidalgo|59691|16|59691||09|108|0957|Urbano|11
59618|Valle Verde INFONAVIT|Colonia|Zamora|Michoacán de Ocampo|Zamora de Hidalgo|59691|16|59691||09|108|1013|Urbano|11
59618|Palo Alto INFONAVIT|Unidad habitacional|Zamora|Michoacán de Ocampo|Zamora de Hidalgo|59691|16|59691||31|108|1319|Urbano|11
59618|Clavel|Fraccionamiento|Zamora|Michoacán de Ocampo|Zamora de Hidalgo|59691|16|59691||21|108|3546|Urbano|11
59618|Camino al Jericó|Colonia|Zamora|Michoacán de Ocampo|Zamora de Hidalgo|59691|16|59691||09|108|4402|Urbano|11
59618|Francisco J. Mújica II|Colonia|Zamora|Michoacán de Ocampo|Zamora de Hidalgo|59691|16|59691||09|108|4416|Urbano|11
59618|García Robles II|Colonia|Zamora|Michoacán de Ocampo|Zamora de Hidalgo|59691|16|59691||09|108|4417|Urbano|11
59618|Riveras Valleza|Fraccionamiento|Zamora|Michoacán de Ocampo|Zamora de Hidalgo|59691|16|59691||21|108|4449|Urbano|11
59619|Pradera INFONAVIT|Unidad habitacional|Zamora|Michoacán de Ocampo|Zamora de Hidalgo|59691|16|59691||31|108|1320|Urbano|11
59620|El Porvenir|Colonia|Zamora|Michoacán de Ocampo|Zamora de Hidalgo|59691|16|59691||09|108|1321|Urbano|11
59620|Lázaro Cárdenas|Colonia|Zamora|Michoacán de Ocampo|Zamora de Hidalgo|59691|16|59691||09|108|1323|Urbano|11
59620|Ramírez|Colonia|Zamora|Michoacán de Ocampo|Zamora de Hidalgo|59691|16|59691||09|108|1324|Urbano|11
59620|El Carmen|Barrio|Zamora|Michoacán de Ocampo|Zamora de Hidalgo|59691|16|59691||02|108|1326|Urbano|11
59620|El Carmen|Fraccionamiento|Zamora|Michoacán de Ocampo|Zamora de Hidalgo|59691|16|59691||21|108|1327|Urbano|11
59620|El Campanario|Colonia|Zamora|Michoacán de Ocampo|Zamora de Hidalgo|59691|16|59691||09|108|3691|Urbano|11
59620|Benito Juárez|Colonia|Zamora|Michoacán de Ocampo|Zamora de Hidalgo|59691|16|59691||09|108|4401|Urbano|11
59620|El Madrigal|Barrio|Zamora|Michoacán de Ocampo|Zamora de Hidalgo|59691|16|59691||02|108|4409|Urbano|11
59620|Ferrocarril|Colonia|Zamora|Michoacán de Ocampo|Zamora de Hidalgo|59691|16|59691||09|108|4414|Urbano|11
59620|Juan Gutiérrez Flores I|Colonia|Zamora|Michoacán de Ocampo|Zamora de Hidalgo|59691|16|59691||09|108|4425|Urbano|11
59624|Franco Rodríguez|Colonia|Zamora|Michoacán de Ocampo|Zamora de Hidalgo|59691|16|59691||09|108|0016|Urbano|11
59624|Balcones de Zamora|Colonia|Zamora|Michoacán de Ocampo|Zamora de Hidalgo|59691|16|59691||09|108|3544|Urbano|11
59624|Hacienda La Loma|Colonia|Zamora|Michoacán de Ocampo|Zamora de Hidalgo|59691|16|59691||09|108|4418|Urbano|11
59624|Puerta Grande|Fraccionamiento|Zamora|Michoacán de Ocampo|Zamora de Hidalgo|59691|16|59691||21|108|4446|Urbano|11
59624|Casas de Altos|Fraccionamiento|Zamora|Michoacán de Ocampo|Zamora de Hidalgo|59691|16|59691||21|108|4896|Urbano|11
59624|Popular Juárez|Barrio|Zamora|Michoacán de Ocampo|Zamora de Hidalgo|59691|16|59691||02|108|4902|Urbano|11
59624|Altamira Residencial|Fraccionamiento|Zamora|Michoacán de Ocampo|Zamora de Hidalgo|59691|16|59691||21|108|4903|Urbano|11
59625|Adolfo López Mateos|Colonia|Zamora|Michoacán de Ocampo|Zamora de Hidalgo|59691|16|59691||09|108|1328|Urbano|11
59626|La Libertad|Colonia|Zamora|Michoacán de Ocampo|Zamora de Hidalgo|59691|16|59691||09|108|1329|Urbano|11
59626|Jacarandas|Colonia|Zamora|Michoacán de Ocampo|Zamora de Hidalgo|59691|16|59691||09|108|4421|Urbano|11
59626|Las Flores|Colonia|Zamora|Michoacán de Ocampo|Zamora de Hidalgo|59691|16|59691||09|108|4430|Urbano|11
59626|Los Pinos|Colonia|Zamora|Michoacán de Ocampo|Zamora de Hidalgo|59691|16|59691||09|108|4436|Urbano|11
59627|Valle Dorado INFONAVIT|Unidad habitacional|Zamora|Michoacán de Ocampo|Zamora de Hidalgo|59691|16|59691||31|108|1012|Urbano|11
59627|El Sabinito|Colonia|Zamora|Michoacán de Ocampo|Zamora de Hidalgo|59691|16|59691||09|108|1331|Urbano|11
59627|El Sacrificio|Colonia|Zamora|Michoacán de Ocampo|Zamora de Hidalgo|59691|16|59691||09|108|4411|Urbano|11
59630|Nuevo Jericó|Fraccionamiento|Zamora|Michoacán de Ocampo|Zamora de Hidalgo|59691|16|59691||21|108|4443|Urbano|11
59633|El Teco|Barrio|Zamora|Michoacán de Ocampo|Zamora de Hidalgo|59691|16|59691||02|108|1333|Urbano|11
59633|Jardines de Jericó|Fraccionamiento|Zamora|Michoacán de Ocampo|Zamora de Hidalgo|59691|16|59691||21|108|3545|Urbano|11
59633|El Carvario|Barrio|Zamora|Michoacán de Ocampo|Zamora de Hidalgo|59691|16|59691||02|108|4408|Urbano|11
59634|Real del Jericó II|Fraccionamiento|Zamora|Michoacán de Ocampo|Zamora de Hidalgo|59691|16|59691||21|108|0023|Urbano|11
59634|Revolución|Colonia|Zamora|Michoacán de Ocampo|Zamora de Hidalgo|59691|16|59691||09|108|1334|Urbano|11
59634|Media Luna|Fraccionamiento|Zamora|Michoacán de Ocampo|Zamora de Hidalgo|59691|16|59691||21|108|4908|Urbano|11
59635|Kuntani|Unidad habitacional|Zamora|Michoacán de Ocampo|Zamora de Hidalgo|59691|16|59691||31|108|0005|Urbano|11
59635|Las Torres|Fraccionamiento|Zamora|Michoacán de Ocampo|Zamora de Hidalgo|59691|16|59691||21|108|0024|Urbano|11
59636|Nueva Grecia|Fraccionamiento|Zamora|Michoacán de Ocampo|Zamora de Hidalgo|59691|16|59691||21|108|0992|Urbano|11
59636|Villas Zamoranas Del Paraíso|Fraccionamiento|Zamora|Michoacán de Ocampo|Zamora de Hidalgo|59691|16|59691||21|108|1015|Urbano|11
59636|El Vergel|Fraccionamiento|Zamora|Michoacán de Ocampo|Zamora de Hidalgo|59691|16|59691||21|108|1335|Urbano|11
59636|Villas de Jericó|Colonia|Zamora|Michoacán de Ocampo|Zamora de Hidalgo|59691|16|59691||09|108|3692|Urbano|11
59636|Las Huertas|Fraccionamiento|Zamora|Michoacán de Ocampo|Zamora de Hidalgo|59691|16|59691||21|108|3796|Urbano|11
59636|Habitacional del Parque|Fraccionamiento|Zamora|Michoacán de Ocampo|Zamora de Hidalgo|59691|16|59691||21|108|4407|Urbano|11
59636|Prados del Jericó|Fraccionamiento|Zamora|Michoacán de Ocampo|Zamora de Hidalgo|59691|16|59691||21|108|4444|Urbano|11
59636|Residencial Monarca|Fraccionamiento|Zamora|Michoacán de Ocampo|Zamora de Hidalgo|59691|16|59691||21|108|4895|Urbano|11
59637|Villas Las Flores|Fraccionamiento|Zamora|Michoacán de Ocampo|Zamora de Hidalgo|59691|16|59691||21|108|4454|Urbano|11
59638|16 de Septiembre|Barrio|Zamora|Michoacán de Ocampo|Zamora de Hidalgo|59691|16|59691||02|108|4397|Urbano|11
59638|Javier Acuña|Colonia|Zamora|Michoacán de Ocampo|Zamora de Hidalgo|59691|16|59691||09|108|4423|Urbano|11
59640|Acanto|Fraccionamiento|Zamora|Michoacán de Ocampo|Zamora de Hidalgo|59691|16|59691||21|108|0006|Urbano|11
59640|Residencial Acanto II Etapa|Conjunto habitacional|Zamora|Michoacán de Ocampo|Zamora de Hidalgo|59691|16|59691||12|108|0017|Urbano|11
59640|Residencial Acanto Benavente|Conjunto habitacional|Zamora|Michoacán de Ocampo|Zamora de Hidalgo|59691|16|59691||12|108|0019|Urbano|11
59640|Residencial Acanto los Encinos|Conjunto habitacional|Zamora|Michoacán de Ocampo|Zamora de Hidalgo|59691|16|59691||12|108|0020|Urbano|11
59640|Miguel Regalado|Colonia|Zamora|Michoacán de Ocampo|Zamora de Hidalgo|59691|16|59691||09|108|1336|Urbano|11
59640|Campestre San Jose|Conjunto habitacional|Zamora|Michoacán de Ocampo|Zamora de Hidalgo|59691|16|59691||12|108|3789|Urbano|11
59640|Hacienda los Angeles|Fraccionamiento|Zamora|Michoacán de Ocampo|Zamora de Hidalgo|59691|16|59691||21|108|3793|Urbano|11
59640|Quinta San Miguel|Fraccionamiento|Zamora|Michoacán de Ocampo|Zamora de Hidalgo|59691|16|59691||21|108|3798|Urbano|11
59640|Nueva Era|Fraccionamiento|Zamora|Michoacán de Ocampo|Zamora de Hidalgo|59691|16|59691||21|108|4440|Urbano|11
59640|Predio San José|Colonia|Zamora|Michoacán de Ocampo|Zamora de Hidalgo|59691|16|59691||09|108|4445|Urbano|11
59640|Real de Minas|Colonia|Zamora|Michoacán de Ocampo|Zamora de Hidalgo|59691|16|59691||09|108|4447|Urbano|11
59643|Los Pelillos|Colonia|Zamora|Michoacán de Ocampo|Zamora de Hidalgo|59691|16|59691||09|108|4911|Urbano|11
59646|El Mirador|Fraccionamiento|Zamora|Michoacán de Ocampo|Zamora de Hidalgo|59691|16|59691||21|108|4410|Urbano|11
59650|El Valle|Colonia|Zamora|Michoacán de Ocampo|Zamora de Hidalgo|59691|16|59691||09|108|1337|Urbano|11
59650|Generalísimo Morelos|Colonia|Zamora|Michoacán de Ocampo|Zamora de Hidalgo|59691|16|59691||09|108|1338|Urbano|11
59653|Emiliano Zapata|Colonia|Zamora|Michoacán de Ocampo|Zamora de Hidalgo|59691|16|59691||09|108|4412|Urbano|11
59653|Los Dolores|Barrio|Zamora|Michoacán de Ocampo|Zamora de Hidalgo|59691|16|59691||02|108|4434|Urbano|11
59655|Carlos Salinas de Gortari|Colonia|Zamora|Michoacán de Ocampo|Zamora de Hidalgo|59691|16|59691||09|108|1340|Urbano|11
59655|San José|Colonia|Zamora|Michoacán de Ocampo|Zamora de Hidalgo|59691|16|59691||09|108|4450|Urbano|11
59656|Miguel Hidalgo|Colonia|Zamora|Michoacán de Ocampo|Zamora de Hidalgo|59691|16|59691||09|108|1341|Urbano|11
59660|Aurora|Colonia|Zamora|Michoacán de Ocampo|Zamora de Hidalgo|59691|16|59691||09|108|1343|Urbano|11
59660|Ejidal|Colonia|Zamora|Michoacán de Ocampo|Zamora de Hidalgo|59691|16|59691||09|108|1344|Urbano|11
59660|Las Delicias|Colonia|Zamora|Michoacán de Ocampo|Zamora de Hidalgo|59691|16|59691||09|108|1345|Urbano|11
59660|20 de Noviembre|Colonia|Zamora|Michoacán de Ocampo|Zamora de Hidalgo|59691|16|59691||09|108|1346|Urbano|11
59660|Aurora II|Fraccionamiento|Zamora|Michoacán de Ocampo|Zamora de Hidalgo|59691|16|59691||21|108|4400|Urbano|11
59660|Huertas de San Antonio|Fraccionamiento|Zamora|Michoacán de Ocampo|Zamora de Hidalgo|59691|16|59691||21|108|4898|Urbano|11
59663|San José|Barrio|Zamora|Michoacán de Ocampo|Zamora de Hidalgo|59691|16|59691||02|108|1347|Urbano|11
59664|Villa Olímpica|Fraccionamiento|Zamora|Michoacán de Ocampo|Zamora de Hidalgo|59691|16|59691||21|108|1348|Urbano|11
59664|Villas Del Magisterio|Fraccionamiento|Zamora|Michoacán de Ocampo|Zamora de Hidalgo|59691|16|59691||21|108|1349|Urbano|11
59664|Los Gimnastas|Fraccionamiento|Zamora|Michoacán de Ocampo|Zamora de Hidalgo|59691|16|59691||21|108|4435|Urbano|11
59664|Villas San Antonio|Fraccionamiento|Zamora|Michoacán de Ocampo|Zamora de Hidalgo|59691|16|59691||21|108|4455|Urbano|11
59665|Santa Cecilia|Colonia|Zamora|Michoacán de Ocampo|Zamora de Hidalgo|59691|16|59691||09|108|1350|Urbano|11
59665|Guanajuatillo|Colonia|Zamora|Michoacán de Ocampo|Zamora de Hidalgo|59691|16|59691||09|108|3547|Urbano|11
59665|La Higareda|Colonia|Zamora|Michoacán de Ocampo|Zamora de Hidalgo|59691|16|59691||09|108|3690|Urbano|11
59665|Andenes Guanajuatillo|Barrio|Zamora|Michoacán de Ocampo|Zamora de Hidalgo|59691|16|59691||02|108|4399|Urbano|11
59665|Real del Valle|Fraccionamiento|Zamora|Michoacán de Ocampo|Zamora de Hidalgo|59691|16|59691||21|108|4448|Urbano|11
59665|La Central|Colonia|Zamora|Michoacán de Ocampo|Zamora de Hidalgo|59691|16|59691||09|108|4909|Urbano|11
59666|2 de Octubre|Colonia|Zamora|Michoacán de Ocampo|Zamora de Hidalgo|59691|16|59691||09|108|4398|Urbano|11
59666|Carmen Serdán|Colonia|Zamora|Michoacán de Ocampo|Zamora de Hidalgo|59691|16|59691||09|108|4404|Urbano|11
59666|Las Primaveras|Colonia|Zamora|Michoacán de Ocampo|Zamora de Hidalgo|59691|16|59691||09|108|4431|Urbano|11
59667|Cárdenas Batel 1ro. de Mayo|Colonia|Zamora|Michoacán de Ocampo|Zamora de Hidalgo|59691|16|59691||09|108|4403|Urbano|11
59667|Huertas de la Beatilla|Colonia|Zamora|Michoacán de Ocampo|Zamora de Hidalgo|59691|16|59691||09|108|4419|Urbano|11
59667|La Huerta Zamorana|Colonia|Zamora|Michoacán de Ocampo|Zamora de Hidalgo|59691|16|59691||09|108|4428|Urbano|11
59667|Luis Donaldo Colosio|Colonia|Zamora|Michoacán de Ocampo|Zamora de Hidalgo|59691|16|59691||09|108|4437|Urbano|11
59667|Residencial Monteolivo|Fraccionamiento|Zamora|Michoacán de Ocampo|Zamora de Hidalgo|59691|16|59691||21|108|4439|Urbano|11
59669|Lindavista|Fraccionamiento|Zamora|Michoacán de Ocampo|Zamora de Hidalgo|59691|16|59691||21|108|1351|Urbano|11
59669|Hacienda Del Valle|Fraccionamiento|Zamora|Michoacán de Ocampo|Zamora de Hidalgo|59691|16|59691||21|108|3792|Urbano|11
59669|Javier Tamayo|Colonia|Zamora|Michoacán de Ocampo|Zamora de Hidalgo|59691|16|59691||09|108|4424|Urbano|11
59669|Memo Gómez Lindavista|Colonia|Zamora|Michoacán de Ocampo|Zamora de Hidalgo|59691|16|59691||09|108|4438|Urbano|11
59669|Nueva Esperanza|Colonia|Zamora|Michoacán de Ocampo|Zamora de Hidalgo|59691|16|59691||09|108|4441|Urbano|11
59669|Nueva Margarita|Colonia|Zamora|Michoacán de Ocampo|Zamora de Hidalgo|59691|16|59691||09|108|4442|Urbano|11
59669|La Huizachera|Colonia|Zamora|Michoacán de Ocampo|Zamora de Hidalgo|59691|16|59691||09|108|4907|Urbano|11
59670|Jardines de Catedral|Colonia|Zamora|Michoacán de Ocampo|Zamora de Hidalgo|59691|16|59691||09|108|1352|Urbano|11
59670|Las Rosas|Fraccionamiento|Zamora|Michoacán de Ocampo|Zamora de Hidalgo|59691|16|59691||21|108|4432|Urbano|11
59670|San Juan|Barrio|Zamora|Michoacán de Ocampo|Zamora de Hidalgo|59691|16|59691||02|108|4451|Urbano|11
59674|Los Laureles|Fraccionamiento|Zamora|Michoacán de Ocampo|Zamora de Hidalgo|59691|16|59691||21|108|1354|Urbano|11
59675|La Medallita|Barrio|Zamora|Michoacán de Ocampo|Zamora de Hidalgo|59691|16|59691||02|108|1355|Urbano|11
59675|Residencial Patria|Fraccionamiento|Zamora|Michoacán de Ocampo|Zamora de Hidalgo|59691|16|59691||21|108|3750|Urbano|11
59675|Circunvalación|Colonia|Zamora|Michoacán de Ocampo|Zamora de Hidalgo|59691|16|59691||09|108|4405|Urbano|11
59675|Fernando Amilpa|Colonia|Zamora|Michoacán de Ocampo|Zamora de Hidalgo|59691|16|59691||09|108|4413|Urbano|11
59676|Los Espinos|Colonia|Zamora|Michoacán de Ocampo|Zamora de Hidalgo|59691|16|59691||09|108|1356|Urbano|11
59680|Jardinadas|Colonia|Zamora|Michoacán de Ocampo|Zamora de Hidalgo|59691|16|59691||09|108|1357|Urbano|11
59680|La Luneta|Colonia|Zamora|Michoacán de Ocampo|Zamora de Hidalgo|59691|16|59691||09|108|1358|Urbano|11
59683|Bugambilias|Fraccionamiento|Zamora|Michoacán de Ocampo|Zamora de Hidalgo|59691|16|59691||21|108|1359|Urbano|11
59683|Santa María|Fraccionamiento|Zamora|Michoacán de Ocampo|Zamora de Hidalgo|59691|16|59691||21|108|4900|Urbano|11
59683|Río Zapadores|Colonia|Zamora|Michoacán de Ocampo|Zamora de Hidalgo|59691|16|59691||09|108|4904|Urbano|11
59684|Río Nuevo|Fraccionamiento|Zamora|Michoacán de Ocampo|Zamora de Hidalgo|59691|16|59691||21|108|1360|Urbano|11
59688|FOVISSSTE|Unidad habitacional|Zamora|Michoacán de Ocampo|Zamora de Hidalgo|59691|16|59691||31|108|1361|Urbano|11
59689|La Nueva Luneta|Colonia|Zamora|Michoacán de Ocampo|Zamora de Hidalgo|59691|16|59691||09|108|1362|Urbano|11
59689|Valle Esmeralda|Fraccionamiento|Zamora|Michoacán de Ocampo|Zamora de Hidalgo|59691|16|59691||21|108|4453|Urbano|11
59689|Los Ramírez|Fraccionamiento|Zamora|Michoacán de Ocampo|Zamora de Hidalgo|59691|16|59691||21|108|4899|Urbano|11
59690|El Duero|Colonia|Zamora|Michoacán de Ocampo|Zamora de Hidalgo|59691|16|59691||09|108|1363|Urbano|11
59694|Ejidal Sur|Colonia|Zamora|Michoacán de Ocampo|Zamora de Hidalgo|59691|16|59691||09|108|3688|Urbano|11
59694|Ejidal Norte|Colonia|Zamora|Michoacán de Ocampo|Zamora de Hidalgo|59691|16|59691||09|108|3689|Urbano|11
59694|Coto San Nicolás Predio San Juan|Unidad habitacional|Zamora|Michoacán de Ocampo|Zamora de Hidalgo|59691|16|59691||31|108|4406|Urbano|11
59695|Prados Del Bosque|Fraccionamiento|Zamora|Michoacán de Ocampo|Zamora de Hidalgo|59691|16|59691||21|108|0997|Urbano|11
59695|Paseo Del Bosque|Fraccionamiento|Zamora|Michoacán de Ocampo|Zamora de Hidalgo|59691|16|59691||21|108|1364|Urbano|11
59696|Jacinto López|Colonia|Zamora|Michoacán de Ocampo|Zamora de Hidalgo|59691|16|59691||09|108|1365|Urbano|11
59697|Chaparaco|Colonia|Zamora|Michoacán de Ocampo|Zamora de Hidalgo|59691|16|59691||09|108|1372|Urbano|11
59697|Ex Hacienda El Refugio|Colonia|Zamora|Michoacán de Ocampo|Zamora de Hidalgo|59691|16|59691||09|108|3790|Urbano|11
59697|Lomas de Chaparaco|Colonia|Zamora|Michoacán de Ocampo|Zamora de Hidalgo|59691|16|59691||09|108|4433|Urbano|11
59697|Los Álamos|Colonia|Zamora|Michoacán de Ocampo|Zamora de Hidalgo|59691|16|59691||09|108|4910|Urbano|11
59697|El Pedregal|Colonia|Zamora|Michoacán de Ocampo|Zamora de Hidalgo|59691|16|59691||09|108|4912|Urbano|11
59698|INFONAVIT Arboledas 1a. Sección|Unidad habitacional|Zamora|Michoacán de Ocampo|Zamora de Hidalgo|59691|16|59691||31|108|1367|Urbano|11
59698|Residencial las Américas|Fraccionamiento|Zamora|Michoacán de Ocampo|Zamora de Hidalgo|59691|16|59691||21|108|3801|Urbano|11
59698|INFONAVIT Arboledas 2a. Sección|Unidad habitacional|Zamora|Michoacán de Ocampo|Zamora de Hidalgo|59691|16|59691||31|108|4905|Urbano|11
59698|INFONAVIT Arboledas 3a. Sección|Unidad habitacional|Zamora|Michoacán de Ocampo|Zamora de Hidalgo|59691|16|59691||31|108|4906|Urbano|11
59699|Las Fuentes|Colonia|Zamora|Michoacán de Ocampo|Zamora de Hidalgo|59691|16|59691||09|108|1368|Urbano|11
59699|La Lima|Colonia|Zamora|Michoacán de Ocampo|Zamora de Hidalgo|59691|16|59691||09|108|3423|Urbano|11
59700|José Guadalupe Rodríguez Morales (Palo Blanco)|Rancho|Zamora|Michoacán de Ocampo||59691|16|59691||48|108|0011|Rural|
59700|Aquiles Serdán (Santiaguillo)|Pueblo|Zamora|Michoacán de Ocampo||59691|16|59691||28|108|1369|Rural|
59700|La Ladera|Ranchería|Zamora|Michoacán de Ocampo||59691|16|59691||29|108|1370|Rural|
59700|Ojo de Agua|Ranchería|Zamora|Michoacán de Ocampo||59691|16|59691||29|108|1371|Rural|
59700|Guadalupe|Fraccionamiento|Zamora|Michoacán de Ocampo||59691|16|59691||21|108|3791|Rural|
59701|Central de Abastos|Zona comercial|Zamora|Michoacán de Ocampo||59691|16|59691||33|108|3713|Urbano|
59703|El Sauz de Magaña|Ranchería|Zamora|Michoacán de Ocampo||59691|16|59691||29|108|4460|Rural|
59704|La Estancia de Amezcua|Ranchería|Zamora|Michoacán de Ocampo||59691|16|59691||29|108|1373|Rural|
59710|El Llano|Ranchería|Zamora|Michoacán de Ocampo||59691|16|59691||29|108|1374|Rural|
59711|Francisco Sarabia|Colonia|Zamora|Michoacán de Ocampo||59691|16|59691||09|108|0001|Urbano|
59711|Plaza Santa Mónica|Fraccionamiento|Zamora|Michoacán de Ocampo||59691|16|59691||21|108|0002|Urbano|
59711|Sixto Verduzco|Colonia|Zamora|Michoacán de Ocampo||59691|16|59691||09|108|0003|Urbano|
59711|Ejidal|Colonia|Zamora|Michoacán de Ocampo||59691|16|59691||09|108|0004|Urbano|
59711|Ario de Rayón|Pueblo|Zamora|Michoacán de Ocampo||59691|16|59691||28|108|1375|Urbano|
59711|Ario de Rayón|Conjunto habitacional|Zamora|Michoacán de Ocampo||59691|16|59691||12|108|3788|Urbano|
59711|La Calera|Fraccionamiento|Zamora|Michoacán de Ocampo||59691|16|59691||21|108|3795|Urbano|
59712|La Sauceda|Pueblo|Zamora|Michoacán de Ocampo||59282|16|59282||28|108|1376|Urbano|
59713|Villafuerte|Ranchería|Zamora|Michoacán de Ocampo||59691|16|59691||29|108|0015|Rural|
59714|Bella Loma (El Colorado)|Rancho|Zamora|Michoacán de Ocampo||59691|16|59691||48|108|0007|Rural|
59714|El Pochote (La Nutria)|Ranchería|Zamora|Michoacán de Ocampo||59691|16|59691||29|108|0009|Rural|
59714|El Yaqui|Rancho|Zamora|Michoacán de Ocampo||59691|16|59691||48|108|0010|Rural|
59714|Miraflores Grande|Rancho|Zamora|Michoacán de Ocampo||59691|16|59691||48|108|0013|Rural|
59715|El Monte de Zamora (La Cal)|Rancho|Zamora|Michoacán de Ocampo||59691|16|59691||48|108|0008|Rural|
59715|Villa Zapata (El Guayabo)|Rancho|Zamora|Michoacán de Ocampo||59691|16|59691||48|108|0014|Rural|
59716|Tierras Blancas|Ranchería|Zamora|Michoacán de Ocampo||59691|16|59691||29|108|4461|Rural|
59720|Atecucario de la Constitución|Pueblo|Zamora|Michoacán de Ocampo||59691|16|59691||28|108|1377|Urbano|
59720|El Sauz de Abajo|Ranchería|Zamora|Michoacán de Ocampo||59691|16|59691||29|108|1378|Rural|
59720|El Sauz de Arriba|Ranchería|Zamora|Michoacán de Ocampo||59691|16|59691||29|108|2912|Rural|
59721|Romero de Torres|Ranchería|Zamora|Michoacán de Ocampo||59691|16|59691||29|108|1380|Rural|
59721|El Espíritu|Ranchería|Zamora|Michoacán de Ocampo||59691|16|59691||29|108|4457|Rural|
59721|La Labor (Ejido de Independencia)|Ranchería|Zamora|Michoacán de Ocampo||59691|16|59691||29|108|4459|Rural|
59722|Kilómetro Ocho|Rancho|Zamora|Michoacán de Ocampo||59691|16|59691||48|108|0012|Rural|
59722|Romero de Guzmán|Pueblo|Zamora|Michoacán de Ocampo||59691|16|59691||28|108|1381|Rural|
59723|Atacheo de Regalado|Pueblo|Zamora|Michoacán de Ocampo||59691|16|59691||28|108|1382|Rural|
59723|El Guamúchil|Ranchería|Zamora|Michoacán de Ocampo||59691|16|59691||29|108|4458|Rural|
59724|La Rinconada|Pueblo|Zamora|Michoacán de Ocampo||59691|16|59691||28|108|1383|Urbano|
59725|San Esteban (Ejido Santa Cruz)|Pueblo|Zamora|Michoacán de Ocampo||59691|16|59691||28|108|1384|Rural|
59725|El Cerrito de Catipuato (Cerrito de Ortiz)|Ranchería|Zamora|Michoacán de Ocampo||59691|16|59691||29|108|4456|Rural|
59730|Bellas Torres|Colonia|Ecuandureo|Michoacán de Ocampo||59733|16|59733||09|030|0001|Urbano|
59730|El Arco|Colonia|Ecuandureo|Michoacán de Ocampo||59733|16|59733||09|030|0002|Urbano|
59730|Guadalupe Victoria|Colonia|Ecuandureo|Michoacán de Ocampo||59733|16|59733||09|030|0003|Urbano|
59730|La Olla|Colonia|Ecuandureo|Michoacán de Ocampo||59733|16|59733||09|030|0004|Urbano|
59730|Las Huertas|Colonia|Ecuandureo|Michoacán de Ocampo||59733|16|59733||09|030|0005|Urbano|
59730|Lázaro Cárdenas|Colonia|Ecuandureo|Michoacán de Ocampo||59733|16|59733||09|030|0006|Urbano|
59730|Lomas de Ecuandureo|Colonia|Ecuandureo|Michoacán de Ocampo||59733|16|59733||09|030|0007|Urbano|
59730|San Francisco|Colonia|Ecuandureo|Michoacán de Ocampo||59733|16|59733||09|030|0008|Urbano|
59730|Ecuandureo|Pueblo|Ecuandureo|Michoacán de Ocampo||59733|16|59733||28|030|1385|Urbano|
59732|Quiringuicharo (La Hacienda)|Ranchería|Ecuandureo|Michoacán de Ocampo||59733|16|59733||29|030|1390|Urbano|
59734|La Barranca|Pueblo|Ecuandureo|Michoacán de Ocampo||59733|16|59733||28|030|0010|Rural|
59734|Potrero Nuevo|Rancho|Ecuandureo|Michoacán de Ocampo||59733|16|59733||48|030|0012|Rural|
59734|Rincón Grande|Ranchería|Ecuandureo|Michoacán de Ocampo||59733|16|59733||29|030|1387|Rural|
59734|La Soledad|Ranchería|Ecuandureo|Michoacán de Ocampo||59733|16|59733||29|030|1392|Rural|
59735|Los Nogales|Rancho|Ecuandureo|Michoacán de Ocampo||59733|16|59733||48|030|0011|Rural|
59735|San José Aramútaro|Ranchería|Ecuandureo|Michoacán de Ocampo||59733|16|59733||29|030|0014|Rural|
59735|Moreno de Bravo|Ranchería|Ecuandureo|Michoacán de Ocampo||59733|16|59733||29|030|1389|Rural|
59735|La Cañada de Moreno|Ranchería|Ecuandureo|Michoacán de Ocampo||59733|16|59733||29|030|1393|Rural|
59735|Moreno de Valencia|Ranchería|Ecuandureo|Michoacán de Ocampo||59733|16|59733||29|030|1394|Rural|
59736|Puerta de Vargas|Ranchería|Ecuandureo|Michoacán de Ocampo||59733|16|59733||29|030|0013|Rural|
59736|Colesio|Ranchería|Ecuandureo|Michoacán de Ocampo||59733|16|59733||29|030|1395|Rural|
59737|Las Fuentes|Ranchería|Ecuandureo|Michoacán de Ocampo||59733|16|59733||29|030|1386|Rural|
59737|Ucácuaro|Ranchería|Ecuandureo|Michoacán de Ocampo||59733|16|59733||29|030|1388|Rural|
59740|Las Torcazas|Ranchería|Ecuandureo|Michoacán de Ocampo||59733|16|59733||29|030|1396|Rural|
59744|Las Maravillas|Ranchería|Ecuandureo|Michoacán de Ocampo||59733|16|59733||29|030|1397|Rural|
59745|La Estancia de Gómez|Ranchería|Ecuandureo|Michoacán de Ocampo||59733|16|59733||29|030|1398|Rural|
59745|La Nopalera|Ranchería|Ecuandureo|Michoacán de Ocampo||59733|16|59733||29|030|1399|Rural|
59745|Las Majadas (La Florida)|Ranchería|Ecuandureo|Michoacán de Ocampo||59733|16|59733||29|030|1400|Rural|
59750|Cupatziro|Colonia|Tangancícuaro|Michoacán de Ocampo|Tangancícuaro de Arista|59751|16|59751||09|085|0001|Urbano|14
59750|Santa Anita|Colonia|Tangancícuaro|Michoacán de Ocampo|Tangancícuaro de Arista|59751|16|59751||09|085|0002|Urbano|14
59750|Tangancícuaro de Arista Centro|Colonia|Tangancícuaro|Michoacán de Ocampo|Tangancícuaro de Arista|59751|16|59751||09|085|1403|Urbano|14
59750|Los Fresnos|Fraccionamiento|Tangancícuaro|Michoacán de Ocampo|Tangancícuaro de Arista|59751|16|59751||21|085|3762|Urbano|14
59750|El Refugio|Colonia|Tangancícuaro|Michoacán de Ocampo|Tangancícuaro de Arista|59751|16|59751||09|085|3763|Urbano|14
59750|Gutiérrez|Colonia|Tangancícuaro|Michoacán de Ocampo|Tangancícuaro de Arista|59751|16|59751||09|085|3764|Urbano|14
59750|El Pescador|Colonia|Tangancícuaro|Michoacán de Ocampo|Tangancícuaro de Arista|59751|16|59751||09|085|3955|Urbano|14
59750|El Cerrito|Colonia|Tangancícuaro|Michoacán de Ocampo|Tangancícuaro de Arista|59751|16|59751||09|085|3956|Urbano|14
59753|Arboledas|Colonia|Tangancícuaro|Michoacán de Ocampo|Tangancícuaro de Arista|59751|16|59751||09|085|2944|Urbano|14
59753|Camelinas|Colonia|Tangancícuaro|Michoacán de Ocampo|Tangancícuaro de Arista|59751|16|59751||09|085|2945|Urbano|14
59753|Tenería|Fraccionamiento|Tangancícuaro|Michoacán de Ocampo|Tangancícuaro de Arista|59751|16|59751||21|085|2947|Urbano|14
59753|Sagrado Corazón de Jesús|Colonia|Tangancícuaro|Michoacán de Ocampo|Tangancícuaro de Arista|59751|16|59751||09|085|4082|Urbano|14
59758|La Florida|Colonia|Tangancícuaro|Michoacán de Ocampo|Tangancícuaro de Arista|59751|16|59751||09|085|0012|Urbano|14
59758|La Antorcha Campesina|Colonia|Tangancícuaro|Michoacán de Ocampo|Tangancícuaro de Arista|59751|16|59751||09|085|2943|Urbano|14
59758|Mártires de Antorcha 2a. Sección|Colonia|Tangancícuaro|Michoacán de Ocampo|Tangancícuaro de Arista|59751|16|59751||09|085|4081|Urbano|14
59759|Valle Verde|Fraccionamiento|Tangancícuaro|Michoacán de Ocampo|Tangancícuaro de Arista|59751|16|59751||21|085|0003|Urbano|14
59759|Loma Linda|Colonia|Tangancícuaro|Michoacán de Ocampo|Tangancícuaro de Arista|59751|16|59751||09|085|2946|Urbano|14
59759|La Cantera|Colonia|Tangancícuaro|Michoacán de Ocampo|Tangancícuaro de Arista|59751|16|59751||09|085|3957|Urbano|14
59759|Loma Linda 2a Sección|Fraccionamiento|Tangancícuaro|Michoacán de Ocampo|Tangancícuaro de Arista|59751|16|59751||21|085|4080|Urbano|14
59759|Loma Esmeralda|Fraccionamiento|Tangancícuaro|Michoacán de Ocampo|Tangancícuaro de Arista|59751|16|59751||21|085|4083|Urbano|14
59760|Emiliano Zapata|Colonia|Tangancícuaro|Michoacán de Ocampo||59751|16|59751||09|085|0005|Rural|
59760|Rincón del Tepetate|Colonia|Tangancícuaro|Michoacán de Ocampo||59751|16|59751||09|085|0011|Rural|
59760|San Antonio Ocampo|Pueblo|Tangancícuaro|Michoacán de Ocampo||59751|16|59751||28|085|1405|Rural|
59762|El Canindo|Rancho|Tangancícuaro|Michoacán de Ocampo||59751|16|59751||48|085|0004|Rural|
59762|La Parrilla|Rancho|Tangancícuaro|Michoacán de Ocampo||59751|16|59751||48|085|0006|Rural|
59762|Gómez Farías|Pueblo|Tangancícuaro|Michoacán de Ocampo||59751|16|59751||28|085|1406|Rural|
59762|Francisco J. Mújica (La Guaracha)|Ranchería|Tangancícuaro|Michoacán de Ocampo||59751|16|59751||29|085|1408|Rural|
59763|Valle de Guadalupe|Pueblo|Tangancícuaro|Michoacán de Ocampo||59751|16|59751||28|085|1409|Rural|
59764|Etúcuaro|Pueblo|Tangancícuaro|Michoacán de Ocampo||59751|16|59751||28|085|1410|Rural|
59765|Noroto (Loma de Noroto)|Ranchería|Tangancícuaro|Michoacán de Ocampo||59751|16|59751||29|085|1411|Rural|
59766|Tierras Blancas|Ranchería|Tangancícuaro|Michoacán de Ocampo||59751|16|59751||29|085|1407|Rural|
59766|Buena Vista|Ranchería|Tangancícuaro|Michoacán de Ocampo||59751|16|59751||29|085|1412|Rural|
59770|Patamban (Patambam)|Pueblo|Tangancícuaro|Michoacán de Ocampo||59751|16|59751||28|085|1413|Urbano|
59773|Tengüecho|Ranchería|Tangancícuaro|Michoacán de Ocampo||59751|16|59751||29|085|1414|Rural|
59774|El Nuevo Sauz de Guzmán|Ranchería|Tangancícuaro|Michoacán de Ocampo||59751|16|59751||29|085|0010|Rural|
59774|Los Lobos|Ranchería|Tangancícuaro|Michoacán de Ocampo||59751|16|59751||29|085|1415|Rural|
59774|Sauz de Guzmán|Ranchería|Tangancícuaro|Michoacán de Ocampo||59751|16|59751||29|085|1416|Rural|
59774|Guarachanillo (Guarachanillo de Arriba)|Pueblo|Tangancícuaro|Michoacán de Ocampo||59751|16|59751||28|085|4084|Rural|
59774|Aranza|Pueblo|Tangancícuaro|Michoacán de Ocampo||59751|16|59751||28|085|4085|Rural|
59775|Adolfo Ruiz Cortinez (Capricho)|Ranchería|Tangancícuaro|Michoacán de Ocampo||59751|16|59751||29|085|1401|Rural|
59775|San José de Gracia (San José Ocumicho)|Pueblo|Tangancícuaro|Michoacán de Ocampo||59751|16|59751||28|085|1402|Rural|
59775|General Dámaso Cárdenas (Páramo)|Pueblo|Tangancícuaro|Michoacán de Ocampo||59751|16|59751||28|085|1417|Rural|
59776|Las Cañas|Rancho|Tangancícuaro|Michoacán de Ocampo||59751|16|59751||48|085|0007|Rural|
59776|Los Longares|Rancho|Tangancícuaro|Michoacán de Ocampo||59751|16|59751||48|085|0008|Urbano|
59776|Los Paredones|Rancho|Tangancícuaro|Michoacán de Ocampo||59751|16|59751||48|085|0009|Rural|
59780|Chilchota Centro|Pueblo|Chilchota|Michoacán de Ocampo||59781|16|59781||28|025|1418|Urbano|
59780|Chapala|Colonia|Chilchota|Michoacán de Ocampo||59781|16|59781||09|025|5118|Urbano|
59780|El Barrio|Colonia|Chilchota|Michoacán de Ocampo||59781|16|59781||09|025|5119|Urbano|
59780|El Rocío|Colonia|Chilchota|Michoacán de Ocampo||59781|16|59781||09|025|5120|Urbano|
59780|La Mesa|Colonia|Chilchota|Michoacán de Ocampo||59781|16|59781||09|025|5121|Urbano|
59783|Huecato|Ranchería|Chilchota|Michoacán de Ocampo||59781|16|59781||29|025|1420|Rural|
59786|Los Nogales|Ranchería|Chilchota|Michoacán de Ocampo||59781|16|59781||29|025|1421|Rural|
59787|El Pedregal|Ranchería|Chilchota|Michoacán de Ocampo||59781|16|59781||29|025|5122|Rural|
59787|La Cofradía|Ranchería|Chilchota|Michoacán de Ocampo||59781|16|59781||29|025|5123|Rural|
59790|Tanaquillo|Pueblo|Chilchota|Michoacán de Ocampo||59781|16|59781||28|025|1422|Rural|
59791|Carapan|Pueblo|Chilchota|Michoacán de Ocampo||59781|16|59781||28|025|1423|Urbano|
59792|Santa Cruz|Colonia|Chilchota|Michoacán de Ocampo||59781|16|59781||09|025|0001|Rural|
59792|Acachuén|Pueblo|Chilchota|Michoacán de Ocampo||59781|16|59781||28|025|1424|Rural|
59792|Huancito|Pueblo|Chilchota|Michoacán de Ocampo||59781|16|59781||28|025|1425|Urbano|
59792|Ichán|Pueblo|Chilchota|Michoacán de Ocampo||59781|16|59781||28|025|1426|Urbano|
59793|San Juan Carapan|Ranchería|Chilchota|Michoacán de Ocampo||59781|16|59781||29|025|1427|Urbano|
59794|Santa María Tacuro|Pueblo|Chilchota|Michoacán de Ocampo||59781|16|59781||28|025|1428|Rural|
59795|Santo Tomás|Pueblo|Chilchota|Michoacán de Ocampo||59781|16|59781||28|025|1429|Rural|
59796|Urén|Pueblo|Chilchota|Michoacán de Ocampo||59781|16|59781||28|025|1430|Rural|
59797|Zopoco|Pueblo|Chilchota|Michoacán de Ocampo||59781|16|59781||28|025|1431|Rural|
59799|Morelos (José María Morelos)|Ranchería|Chilchota|Michoacán de Ocampo||59781|16|59781||29|025|1432|Rural|
59799|Rancho Seco|Ranchería|Chilchota|Michoacán de Ocampo||59781|16|59781||29|025|1433|Rural|
59800|Jacona de Plancarte Centro|Colonia|Jacona|Michoacán de Ocampo|Jacona de Plancarte|59801|16|59801||09|043|1434|Urbano|04
59800|Quinta Napoli|Fraccionamiento|Jacona|Michoacán de Ocampo|Jacona de Plancarte|59801|16|59801||21|043|3429|Urbano|04
59800|La Otra Banda|Barrio|Jacona|Michoacán de Ocampo|Jacona de Plancarte|59801|16|59801||02|043|4781|Urbano|04
59810|Extremadura|Fraccionamiento|Jacona|Michoacán de Ocampo|Jacona de Plancarte|59801|16|59801||21|043|0007|Urbano|04
59810|Club Campestre|Colonia|Jacona|Michoacán de Ocampo|Jacona de Plancarte|59801|16|59801||09|043|1436|Urbano|04
59810|Riveras del Celio|Colonia|Jacona|Michoacán de Ocampo|Jacona de Plancarte|59801|16|59801||09|043|1437|Urbano|04
59810|Villas de Jacona|Fraccionamiento|Jacona|Michoacán de Ocampo|Jacona de Plancarte|59801|16|59801||21|043|3431|Urbano|04
59810|Las Flores|Colonia|Jacona|Michoacán de Ocampo|Jacona de Plancarte|59801|16|59801||09|043|3479|Urbano|04
59813|El Ensueño|Fraccionamiento|Jacona|Michoacán de Ocampo|Jacona de Plancarte|59801|16|59801||21|043|0974|Urbano|04
59816|Tabachines|Fraccionamiento|Jacona|Michoacán de Ocampo|Jacona de Plancarte|59801|16|59801||21|043|3867|Urbano|04
59817|Los Tulipanes|Fraccionamiento|Jacona|Michoacán de Ocampo|Jacona de Plancarte|59801|16|59801||21|043|1441|Urbano|04
59817|Valle de San Agustín|Fraccionamiento|Jacona|Michoacán de Ocampo|Jacona de Plancarte|59801|16|59801||21|043|1444|Urbano|04
59817|Quinta de Torres Maldonado|Fraccionamiento|Jacona|Michoacán de Ocampo|Jacona de Plancarte|59801|16|59801||21|043|3548|Urbano|04
59820|Francisco Villa|Fraccionamiento|Jacona|Michoacán de Ocampo|Jacona de Plancarte|59801|16|59801||21|043|1442|Urbano|04
59820|Balcones de Jacona|Fraccionamiento|Jacona|Michoacán de Ocampo|Jacona de Plancarte|59801|16|59801||21|043|3461|Urbano|04
59820|Isabel La Católica|Colonia|Jacona|Michoacán de Ocampo|Jacona de Plancarte|59801|16|59801||09|043|3476|Urbano|04
59820|Los Solares|Colonia|Jacona|Michoacán de Ocampo|Jacona de Plancarte|59801|16|59801||09|043|3477|Urbano|04
59823|Tamandaro|Colonia|Jacona|Michoacán de Ocampo|Jacona de Plancarte|59801|16|59801||09|043|1454|Urbano|04
59824|Cerrito de La Cruz|Colonia|Jacona|Michoacán de Ocampo|Jacona de Plancarte|59801|16|59801||09|043|3441|Urbano|04
59828|Nueva España|Colonia|Jacona|Michoacán de Ocampo|Jacona de Plancarte|59801|16|59801||09|043|1440|Urbano|04
59830|El Alejandreño|Colonia|Jacona|Michoacán de Ocampo|Jacona de Plancarte|59801|16|59801||09|043|0955|Urbano|04
59830|El Bosque|Fraccionamiento|Jacona|Michoacán de Ocampo|Jacona de Plancarte|59801|16|59801||21|043|0969|Urbano|04
59830|Salinas de Gortari|Colonia|Jacona|Michoacán de Ocampo|Jacona de Plancarte|59801|16|59801||09|043|1008|Urbano|04
59830|Genovevo Figueroa|Colonia|Jacona|Michoacán de Ocampo|Jacona de Plancarte|59801|16|59801||09|043|3456|Urbano|04
59833|El Opeño|Fraccionamiento|Jacona|Michoacán de Ocampo|Jacona de Plancarte|59801|16|59801||21|043|0975|Urbano|04
59833|Los Ates|Fraccionamiento|Jacona|Michoacán de Ocampo|Jacona de Plancarte|59801|16|59801||21|043|3445|Urbano|04
59833|La Luz|Colonia|Jacona|Michoacán de Ocampo|Jacona de Plancarte|59801|16|59801||09|043|3475|Urbano|04
59833|Vasco de Quiroga|Colonia|Jacona|Michoacán de Ocampo|Jacona de Plancarte|59801|16|59801||09|043|3868|Urbano|04
59834|El Palito Verde|Fraccionamiento|Jacona|Michoacán de Ocampo|Jacona de Plancarte|59801|16|59801||21|043|0976|Urbano|04
59834|Montebello|Fraccionamiento|Jacona|Michoacán de Ocampo|Jacona de Plancarte|59801|16|59801||21|043|3443|Urbano|04
59834|Campestre Curutarán|Fraccionamiento|Jacona|Michoacán de Ocampo|Jacona de Plancarte|59801|16|59801||21|043|3449|Urbano|04
59835|Manantiales del Curutarán|Fraccionamiento|Jacona|Michoacán de Ocampo|Jacona de Plancarte|59801|16|59801||21|043|0990|Urbano|04
59836|Buenos Aires|Colonia|Jacona|Michoacán de Ocampo|Jacona de Plancarte|59801|16|59801||09|043|0963|Urbano|04
59836|El Arcoiris|Colonia|Jacona|Michoacán de Ocampo|Jacona de Plancarte|59801|16|59801||09|043|0972|Urbano|04
59840|Lindavista|Colonia|Jacona|Michoacán de Ocampo|Jacona de Plancarte|59801|16|59801||09|043|1449|Urbano|04
59843|Benito Juárez|Colonia|Jacona|Michoacán de Ocampo|Jacona de Plancarte|59801|16|59801||09|043|0962|Urbano|04
59843|Los Sabinos|Fraccionamiento|Jacona|Michoacán de Ocampo|Jacona de Plancarte|59801|16|59801||21|043|0988|Urbano|04
59843|Lomas de San Pablo|Colonia|Jacona|Michoacán de Ocampo|Jacona de Plancarte|59801|16|59801||09|043|1450|Urbano|04
59843|Lomas del Bosque|Fraccionamiento|Jacona|Michoacán de Ocampo|Jacona de Plancarte|59801|16|59801||21|043|1451|Urbano|04
59843|El Aserradero|Fraccionamiento|Jacona|Michoacán de Ocampo|Jacona de Plancarte|59801|16|59801||21|043|3784|Urbano|04
59843|Popular Los Sabinos|Colonia|Jacona|Michoacán de Ocampo|Jacona de Plancarte|59801|16|59801||09|043|4783|Urbano|04
59844|Emiliano Zapata|Colonia|Jacona|Michoacán de Ocampo|Jacona de Plancarte|59801|16|59801||09|043|0977|Urbano|04
59844|Revolución|Colonia|Jacona|Michoacán de Ocampo|Jacona de Plancarte|59801|16|59801||09|043|1003|Urbano|04
59845|Francisco J. Mújica 1 y 2|Fraccionamiento|Jacona|Michoacán de Ocampo|Jacona de Plancarte|59801|16|59801||21|043|3436|Urbano|04
59845|Antorcha Campesina|Fraccionamiento|Jacona|Michoacán de Ocampo|Jacona de Plancarte|59801|16|59801||21|043|3785|Urbano|04
59850|Rincón de la Huerta|Fraccionamiento|Jacona|Michoacán de Ocampo|Jacona de Plancarte|59801|16|59801||21|043|0006|Urbano|04
59850|San Pedro|Colonia|Jacona|Michoacán de Ocampo|Jacona de Plancarte|59801|16|59801||09|043|1445|Urbano|04
59850|Las Peñitas de San Pablo|Fraccionamiento|Jacona|Michoacán de Ocampo|Jacona de Plancarte|59801|16|59801||21|043|3434|Urbano|04
59850|Villas de La Peñita|Colonia|Jacona|Michoacán de Ocampo|Jacona de Plancarte|59801|16|59801||09|043|3869|Urbano|04
59853|La Huerta|Colonia|Jacona|Michoacán de Ocampo|Jacona de Plancarte|59801|16|59801||09|043|0005|Urbano|04
59853|San Pablo|Colonia|Jacona|Michoacán de Ocampo|Jacona de Plancarte|59801|16|59801||09|043|1446|Urbano|04
59853|México|Colonia|Jacona|Michoacán de Ocampo|Jacona de Plancarte|59801|16|59801||09|043|3430|Urbano|04
59853|El Mirador de San Pablo|Fraccionamiento|Jacona|Michoacán de Ocampo|Jacona de Plancarte|59801|16|59801||21|043|3433|Urbano|04
59854|Lázaro Cárdenas|Colonia|Jacona|Michoacán de Ocampo|Jacona de Plancarte|59801|16|59801||09|043|1448|Urbano|04
59854|Eustolia Orozco|Fraccionamiento|Jacona|Michoacán de Ocampo|Jacona de Plancarte|59801|16|59801||21|043|3442|Urbano|04
59854|Lomas del Manantial|Colonia|Jacona|Michoacán de Ocampo|Jacona de Plancarte|59801|16|59801||09|043|3473|Urbano|04
59854|Ángel Mendoza|Colonia|Jacona|Michoacán de Ocampo|Jacona de Plancarte|59801|16|59801||09|043|3474|Urbano|04
59855|Nuevo Porvenir|Colonia|Jacona|Michoacán de Ocampo|Jacona de Plancarte|59801|16|59801||09|043|0993|Urbano|04
59855|Santa Isabel|Colonia|Jacona|Michoacán de Ocampo|Jacona de Plancarte|59801|16|59801||09|043|3472|Urbano|04
59855|Nuevo Porvenir 2|Colonia|Jacona|Michoacán de Ocampo|Jacona de Plancarte|59801|16|59801||09|043|4782|Urbano|04
59856|Trasierra|Colonia|Jacona|Michoacán de Ocampo|Jacona de Plancarte|59801|16|59801||09|043|1010|Urbano|04
59856|Lomas del Pedregal|Fraccionamiento|Jacona|Michoacán de Ocampo|Jacona de Plancarte|59801|16|59801||21|043|3450|Urbano|04
59857|La Enramada 1|Fraccionamiento|Jacona|Michoacán de Ocampo|Jacona de Plancarte|59801|16|59801||21|043|0978|Urbano|04
59857|La Enramada 2|Fraccionamiento|Jacona|Michoacán de Ocampo|Jacona de Plancarte|59801|16|59801||21|043|0979|Urbano|04
59857|El Realejo|Fraccionamiento|Jacona|Michoacán de Ocampo|Jacona de Plancarte|59801|16|59801||21|043|1453|Urbano|04
59860|Valle Verde|Fraccionamiento|Jacona|Michoacán de Ocampo|Jacona de Plancarte|59801|16|59801||21|043|3440|Urbano|04
59860|Libertador Miguel Hidalgo y Costilla 3|Colonia|Jacona|Michoacán de Ocampo|Jacona de Plancarte|59801|16|59801||09|043|3468|Urbano|04
59860|Loma Universidad|Fraccionamiento|Jacona|Michoacán de Ocampo|Jacona de Plancarte|59801|16|59801||21|043|3469|Urbano|04
59863|Los Álamos|Colonia|Jacona|Michoacán de Ocampo|Jacona de Plancarte|59801|16|59801||09|043|3446|Urbano|04
59864|Lázaro Cárdenas Sur|Colonia|Jacona|Michoacán de Ocampo|Jacona de Plancarte|59801|16|59801||09|043|0011|Urbano|04
59864|Loma Bonita|Colonia|Jacona|Michoacán de Ocampo|Jacona de Plancarte|59801|16|59801||09|043|3471|Urbano|04
59865|Libertador Miguel Hidalgo y Costilla 1 y 2|Colonia|Jacona|Michoacán de Ocampo|Jacona de Plancarte|59801|16|59801||09|043|3448|Urbano|04
59870|La Estancia|Colonia|Jacona|Michoacán de Ocampo|Jacona de Plancarte|59801|16|59801||09|043|3452|Urbano|04
59870|Pedregal de Jacona|Fraccionamiento|Jacona|Michoacán de Ocampo|Jacona de Plancarte|59801|16|59801||21|043|3466|Urbano|04
59870|Jardines de La Hacienda|Fraccionamiento|Jacona|Michoacán de Ocampo|Jacona de Plancarte|59801|16|59801||21|043|3467|Urbano|04
59873|El Barril|Colonia|Jacona|Michoacán de Ocampo|Jacona de Plancarte|59801|16|59801||09|043|3451|Urbano|04
59874|La Joyita|Colonia|Jacona|Michoacán de Ocampo|Jacona de Plancarte|59801|16|59801||09|043|3457|Urbano|04
59875|Joyas del Pedregal|Colonia|Jacona|Michoacán de Ocampo||59801|16|59801||09|043|3465|Urbano|
59875|Mirador del Valle|Colonia|Jacona|Michoacán de Ocampo|Jacona de Plancarte|59801|16|59801||09|043|3864|Urbano|04
59880|Morelos|Colonia|Jacona|Michoacán de Ocampo|Jacona de Plancarte|59801|16|59801||09|043|1439|Urbano|04
59884|Rancho Nuevo|Colonia|Jacona|Michoacán de Ocampo|Jacona de Plancarte|59801|16|59801||09|043|3453|Urbano|04
59884|Club la Hacienda|Fraccionamiento|Jacona|Michoacán de Ocampo|Jacona de Plancarte|59801|16|59801||21|043|3470|Urbano|04
59885|Huertas de la Hacienda|Fraccionamiento|Jacona|Michoacán de Ocampo|Jacona de Plancarte|59801|16|59801||21|043|3454|Urbano|04
59885|Quinta la Esperanza|Colonia|Jacona|Michoacán de Ocampo|Jacona de Plancarte|59801|16|59801||09|043|3463|Urbano|04
59885|Los Pinos|Colonia|Jacona|Michoacán de Ocampo|Jacona de Plancarte|59801|16|59801||09|043|3464|Urbano|04
59890|Resurrección|Fraccionamiento|Jacona|Michoacán de Ocampo|Jacona de Plancarte|59801|16|59801||21|043|1002|Urbano|04
59890|La Esperanza|Colonia|Jacona|Michoacán de Ocampo|Jacona de Plancarte|59801|16|59801||09|043|3455|Urbano|04
59893|Ejidal|Colonia|Jacona|Michoacán de Ocampo|Jacona de Plancarte|59801|16|59801||09|043|1438|Urbano|04
59893|Los Manguitos|Colonia|Jacona|Michoacán de Ocampo|Jacona de Plancarte|59801|16|59801||09|043|3422|Urbano|04
59893|Los Laureles|Fraccionamiento|Jacona|Michoacán de Ocampo|Jacona de Plancarte|59801|16|59801||21|043|3432|Urbano|04
59893|Los Fresnos|Fraccionamiento|Jacona|Michoacán de Ocampo|Jacona de Plancarte|59801|16|59801||21|043|3786|Urbano|04
59893|Real Del Valle|Fraccionamiento|Jacona|Michoacán de Ocampo|Jacona de Plancarte|59801|16|59801||21|043|3787|Urbano|04
59894|Popular El Realejo|Fraccionamiento|Jacona|Michoacán de Ocampo|Jacona de Plancarte|59801|16|59801||21|043|3447|Urbano|04
59894|Mi Casita|Colonia|Jacona|Michoacán de Ocampo|Jacona de Plancarte|59801|16|59801||09|043|3863|Urbano|04
59894|Orandino|Fraccionamiento|Jacona|Michoacán de Ocampo|Jacona de Plancarte|59801|16|59801||21|043|3865|Urbano|04
59894|San Ángel|Colonia|Jacona|Michoacán de Ocampo|Jacona de Plancarte|59801|16|59801||09|043|3866|Urbano|04
59900|El Platanal (La Planta)|Pueblo|Jacona|Michoacán de Ocampo||59801|16|59801||28|043|1452|Urbano|
59900|Canindo|Colonia|Jacona|Michoacán de Ocampo||59801|16|59801||09|043|3458|Rural|
59900|La Lomita|Colonia|Jacona|Michoacán de Ocampo||59801|16|59801||09|043|3459|Rural|
59900|San José el Platanal (El Cuije)|Ranchería|Jacona|Michoacán de Ocampo||59801|16|59801||29|043|4150|Rural|
59900|Lomas del Platanal|Fraccionamiento|Jacona|Michoacán de Ocampo||59801|16|59801||21|043|4151|Rural|
59904|Monasterio Cisterciense|Rancho|Jacona|Michoacán de Ocampo||59801|16|59801||48|043|0010|Rural|
59905|El Indio|Rancho|Jacona|Michoacán de Ocampo||59801|16|59801||48|043|0009|Rural|
59906|Los Guayabos|Rancho|Jacona|Michoacán de Ocampo||59801|16|59801||48|043|0003|Rural|
59908|El Pozole (El Amezcueño)|Rancho|Jacona|Michoacán de Ocampo||59801|16|59801||48|043|0001|Rural|
59908|Los Cerritos|Rancho|Jacona|Michoacán de Ocampo||59801|16|59801||48|043|0002|Rural|
59908|Jacal de Jiménez (Guadalupe)|Rancho|Jacona|Michoacán de Ocampo||59801|16|59801||48|043|0008|Rural|
59920|Santiago Tangamandapio|Colonia|Tangamandapio|Michoacán de Ocampo||59924|16|59924||09|084|1455|Urbano|
59920|Adolfo López Mateos|Colonia|Tangamandapio|Michoacán de Ocampo||59924|16|59924||09|084|4957|Urbano|
59920|De Abajo|Barrio|Tangamandapio|Michoacán de Ocampo||59924|16|59924||02|084|4958|Urbano|
59920|De Arriba|Barrio|Tangamandapio|Michoacán de Ocampo||59924|16|59924||02|084|4959|Urbano|
59920|De San Juan|Barrio|Tangamandapio|Michoacán de Ocampo||59924|16|59924||02|084|4960|Urbano|
59920|San Rafael|Barrio|Tangamandapio|Michoacán de Ocampo||59924|16|59924||02|084|4961|Urbano|
59920|Del Progreso|Barrio|Tangamandapio|Michoacán de Ocampo||59924|16|59924||02|084|4962|Urbano|
59920|El Cerrito|Colonia|Tangamandapio|Michoacán de Ocampo||59924|16|59924||09|084|4963|Urbano|
59920|El Progreso|Barrio|Tangamandapio|Michoacán de Ocampo||59924|16|59924||02|084|4964|Urbano|
59920|Jardines|Colonia|Tangamandapio|Michoacán de Ocampo||59924|16|59924||09|084|4965|Urbano|
59920|Lindavista|Colonia|Tangamandapio|Michoacán de Ocampo||59924|16|59924||09|084|4966|Urbano|
59920|Los Trigos|Barrio|Tangamandapio|Michoacán de Ocampo||59924|16|59924||02|084|4967|Urbano|
59920|Magisterial|Colonia|Tangamandapio|Michoacán de Ocampo||59924|16|59924||09|084|4968|Urbano|
59920|Nuevo Progreso|Barrio|Tangamandapio|Michoacán de Ocampo||59924|16|59924||02|084|4969|Urbano|
59920|Rancho del Senador|Ranchería|Tangamandapio|Michoacán de Ocampo||59924|16|59924||29|084|4981|Urbano|
59921|Los Hucuares|Ranchería|Tangamandapio|Michoacán de Ocampo||59924|16|59924||29|084|1457|Rural|
59922|El Nopalito|Ranchería|Tangamandapio|Michoacán de Ocampo||59924|16|59924||29|084|1458|Rural|
59923|El Cerezo|Ranchería|Tangamandapio|Michoacán de Ocampo||59924|16|59924||29|084|1459|Rural|
59923|El Saucillo|Ranchería|Tangamandapio|Michoacán de Ocampo||59924|16|59924||29|084|1460|Rural|
59925|Churintzio|Ranchería|Tangamandapio|Michoacán de Ocampo||59924|16|59924||29|084|1462|Rural|
59925|Telonzo|Ranchería|Tangamandapio|Michoacán de Ocampo||59924|16|59924||29|084|3891|Rural|
59925|El Guayabo|Ranchería|Tangamandapio|Michoacán de Ocampo||59924|16|59924||29|084|4984|Rural|
59925|Los Baldíos (Los Fresnos)|Ranchería|Tangamandapio|Michoacán de Ocampo||59924|16|59924||29|084|4990|Rural|
59926|Hermanos Rivera [Asociación de Charros]|Rancho|Tangamandapio|Michoacán de Ocampo||59924|16|59924||48|084|4992|Rural|
59927|El Ciprés|Rancho|Tangamandapio|Michoacán de Ocampo||59924|16|59924||48|084|4983|Rural|
59927|La Bolsa (Rancho de Lourdes)|Rancho|Tangamandapio|Michoacán de Ocampo||59924|16|59924||48|084|4986|Rural|
59928|Querénguaro|Rancho|Tangamandapio|Michoacán de Ocampo||59924|16|59924||48|084|0001|Rural|
59928|La Palma|Rancho|Tangamandapio|Michoacán de Ocampo||59924|16|59924||48|084|4987|Rural|
59928|El Mirador|Rancho|Tangamandapio|Michoacán de Ocampo||59924|16|59924||48|084|4991|Rural|
59930|Tarecuato|Colonia|Tangamandapio|Michoacán de Ocampo||59924|16|59924||09|084|1463|Urbano|
59930|Chico|Barrio|Tangamandapio|Michoacán de Ocampo||59924|16|59924||02|084|4973|Urbano|
59930|La Salud|Barrio|Tangamandapio|Michoacán de Ocampo||59924|16|59924||02|084|4974|Urbano|
59930|República de Abajo|Barrio|Tangamandapio|Michoacán de Ocampo||59924|16|59924||02|084|4975|Urbano|
59930|República de Arriba|Barrio|Tangamandapio|Michoacán de Ocampo||59924|16|59924||02|084|4976|Urbano|
59930|San Juan|Barrio|Tangamandapio|Michoacán de Ocampo||59924|16|59924||02|084|4977|Urbano|
59930|San Miguel|Barrio|Tangamandapio|Michoacán de Ocampo||59924|16|59924||02|084|4978|Urbano|
59930|San Pedro|Barrio|Tangamandapio|Michoacán de Ocampo||59924|16|59924||02|084|4979|Urbano|
59930|Santiago|Barrio|Tangamandapio|Michoacán de Ocampo||59924|16|59924||02|084|4980|Urbano|
59931|La Cantera|Colonia|Tangamandapio|Michoacán de Ocampo||59924|16|59924||09|084|1464|Urbano|
59931|La Orilla|Colonia|Tangamandapio|Michoacán de Ocampo||59924|16|59924||09|084|4970|Urbano|
59931|La Loma|Colonia|Tangamandapio|Michoacán de Ocampo||59924|16|59924||09|084|4971|Urbano|
59931|San Miguel|Colonia|Tangamandapio|Michoacán de Ocampo||59924|16|59924||09|084|4972|Urbano|
59934|Las Encinillas|Ranchería|Tangamandapio|Michoacán de Ocampo||59924|16|59924||29|084|4988|Rural|
59935|Huarachanillo de Abajo|Ranchería|Tangamandapio|Michoacán de Ocampo||59924|16|59924||29|084|0002|Rural|
59937|Paso del Molino|Ranchería|Tangamandapio|Michoacán de Ocampo||59924|16|59924||29|084|4778|Rural|
59937|Cenáculo de María|Rancho|Tangamandapio|Michoacán de Ocampo||59924|16|59924||48|084|4982|Rural|
59940|Centro|Colonia|Cotija|Michoacán de Ocampo|Cotija de la Paz|59941|16|59941||09|019|1467|Urbano|25
59940|Magisterio|Fraccionamiento|Cotija|Michoacán de Ocampo|Cotija de la Paz|59941|16|59941||21|019|4772|Urbano|25
59940|Pueblo Nuevo|Colonia|Cotija|Michoacán de Ocampo|Cotija de la Paz|59941|16|59941||09|019|4776|Urbano|25
59940|Acapulquito|Colonia|Cotija|Michoacán de Ocampo|Cotija de la Paz|59941|16|59941||09|019|5042|Urbano|25
59940|Dámaso Cárdenas|Colonia|Cotija|Michoacán de Ocampo|Cotija de la Paz|59941|16|59941||09|019|5043|Urbano|25
59940|El Arenal|Fraccionamiento|Cotija|Michoacán de Ocampo|Cotija de la Paz|59941|16|59941||21|019|5044|Urbano|25
59940|El Llano|Colonia|Cotija|Michoacán de Ocampo|Cotija de la Paz|59941|16|59941||09|019|5045|Urbano|25
59940|El Mezquitito|Colonia|Cotija|Michoacán de Ocampo|Cotija de la Paz|59941|16|59941||09|019|5046|Urbano|25
59940|El Mirador|Fraccionamiento|Cotija|Michoacán de Ocampo|Cotija de la Paz|59941|16|59941||21|019|5047|Urbano|25
59940|El Molino|Fraccionamiento|Cotija|Michoacán de Ocampo|Cotija de la Paz|59941|16|59941||21|019|5048|Urbano|25
59940|El Pitayito|Fraccionamiento|Cotija|Michoacán de Ocampo|Cotija de la Paz|59941|16|59941||21|019|5049|Urbano|25
59940|Fuerte|Colonia|Cotija|Michoacán de Ocampo|Cotija de la Paz|59941|16|59941||09|019|5050|Urbano|25
59940|Guadalajarita|Colonia|Cotija|Michoacán de Ocampo|Cotija de la Paz|59941|16|59941||09|019|5051|Urbano|25
59940|Jardines de La Rinconada|Fraccionamiento|Cotija|Michoacán de Ocampo|Cotija de la Paz|59941|16|59941||21|019|5052|Urbano|25
59940|La Alameda|Colonia|Cotija|Michoacán de Ocampo|Cotija de la Paz|59941|16|59941||09|019|5053|Urbano|25
59940|La Calzada|Colonia|Cotija|Michoacán de Ocampo|Cotija de la Paz|59941|16|59941||09|019|5054|Urbano|25
59940|La Ladera|Colonia|Cotija|Michoacán de Ocampo|Cotija de la Paz|59941|16|59941||09|019|5055|Urbano|25
59940|La Rinconada|Colonia|Cotija|Michoacán de Ocampo|Cotija de la Paz|59941|16|59941||09|019|5056|Urbano|25
59940|Los Corrales|Colonia|Cotija|Michoacán de Ocampo|Cotija de la Paz|59941|16|59941||09|019|5057|Urbano|25
59940|San Felipe|Colonia|Cotija|Michoacán de Ocampo|Cotija de la Paz|59941|16|59941||09|019|5058|Urbano|25
59940|San José|Colonia|Cotija|Michoacán de Ocampo|Cotija de la Paz|59941|16|59941||09|019|5059|Urbano|25
59940|Valle Verde|Fraccionamiento|Cotija|Michoacán de Ocampo|Cotija de la Paz|59941|16|59941||21|019|5060|Urbano|25
59940|Girasol|Fraccionamiento|Cotija|Michoacán de Ocampo|Cotija de la Paz|59941|16|59941||21|019|5061|Urbano|25
59940|Los Sabinos|Fraccionamiento|Cotija|Michoacán de Ocampo|Cotija de la Paz|59941|16|59941||21|019|5128|Urbano|25
59940|Los Colonos|Fraccionamiento|Cotija|Michoacán de Ocampo|Cotija de la Paz|59941|16|59941||21|019|5129|Urbano|25
59940|San Rafael INFONAVIT|Conjunto habitacional|Cotija|Michoacán de Ocampo|Cotija de la Paz|59941|16|59941||12|019|5532|Urbano|25
59943|El Puerto|Ranchería|Cotija|Michoacán de Ocampo||59941|16|59941||29|019|1472|Rural|
59943|Las Peñas|Ranchería|Cotija|Michoacán de Ocampo||59941|16|59941||29|019|5066|Rural|
59944|La Esperanza|Ranchería|Cotija|Michoacán de Ocampo||59941|16|59941||29|019|1473|Rural|
59944|Los Zapotes|Ranchería|Cotija|Michoacán de Ocampo||59941|16|59941||29|019|1474|Rural|
59944|San Pablo|Ejido|Cotija|Michoacán de Ocampo||59941|16|59941||15|019|1475|Rural|
59944|El Moral|Ranchería|Cotija|Michoacán de Ocampo||59941|16|59941||29|019|5062|Rural|
59944|Alegre (Rancho Alegre)|Ranchería|Cotija|Michoacán de Ocampo||59941|16|59941||29|019|5067|Rural|
59944|El Callejón de Ayumba|Ranchería|Cotija|Michoacán de Ocampo||59941|16|59941||29|019|5069|Rural|
59944|El Quinto|Ranchería|Cotija|Michoacán de Ocampo||59941|16|59941||29|019|5070|Rural|
59944|Puente del Jaral|Ranchería|Cotija|Michoacán de Ocampo||59941|16|59941||29|019|5071|Rural|
59945|El Paraíso de Rubén Romero|Ranchería|Cotija|Michoacán de Ocampo||59941|16|59941||29|019|1476|Rural|
59945|El Sauz|Ranchería|Cotija|Michoacán de Ocampo||59941|16|59941||29|019|1477|Rural|
59945|Barranca Clara|Ranchería|Cotija|Michoacán de Ocampo||59941|16|59941||29|019|5072|Rural|
59945|El Barrio|Ranchería|Cotija|Michoacán de Ocampo||59941|16|59941||29|019|5073|Rural|
59945|Potrero del Sauz (Los Núñez)|Ranchería|Cotija|Michoacán de Ocampo||59941|16|59941||29|019|5074|Rural|
59946|San Juanico|Ranchería|Cotija|Michoacán de Ocampo||59941|16|59941||29|019|1468|Rural|
59946|El Paso|Ranchería|Cotija|Michoacán de Ocampo||59941|16|59941||29|019|1478|Rural|
59946|Coameo Grande|Ranchería|Cotija|Michoacán de Ocampo||59941|16|59941||29|019|1481|Rural|
59946|Santa María|Ranchería|Cotija|Michoacán de Ocampo||59941|16|59941||29|019|3889|Rural|
59946|La Zanja (La Purísima)|Ranchería|Cotija|Michoacán de Ocampo||59941|16|59941||29|019|5075|Rural|
59947|Ayumba|Ranchería|Cotija|Michoacán de Ocampo||59941|16|59941||29|019|1466|Rural|
59947|La Resolana|Ranchería|Cotija|Michoacán de Ocampo||59941|16|59941||29|019|1470|Rural|
59947|Vista Hermosa|Ranchería|Cotija|Michoacán de Ocampo||59941|16|59941||29|019|1471|Rural|
59947|Puerto de Ayumba (El Puerto)|Ranchería|Cotija|Michoacán de Ocampo||59941|16|59941||29|019|5063|Rural|
59947|Rancho de René Valencia|Ranchería|Cotija|Michoacán de Ocampo||59941|16|59941||29|019|5064|Rural|
59947|Rancho los Ángeles|Ranchería|Cotija|Michoacán de Ocampo||59941|16|59941||29|019|5065|Rural|
59948|El Flechero|Ranchería|Cotija|Michoacán de Ocampo||59941|16|59941||29|019|1479|Rural|
59948|El Moral|Ranchería|Cotija|Michoacán de Ocampo||59941|16|59941||29|019|1480|Rural|
59948|El Cerrito|Ranchería|Cotija|Michoacán de Ocampo||59941|16|59941||29|019|5076|Rural|
59948|Jaripitiro|Ranchería|Cotija|Michoacán de Ocampo||59941|16|59941||29|019|5077|Rural|
59948|La Atarjea|Ranchería|Cotija|Michoacán de Ocampo||59941|16|59941||29|019|5078|Rural|
59950|El Lobo|Ranchería|Cotija|Michoacán de Ocampo||59941|16|59941||29|019|1482|Rural|
59950|Agua del Maguey|Ranchería|Cotija|Michoacán de Ocampo||59941|16|59941||29|019|5079|Rural|
59950|El Carrizal|Ranchería|Cotija|Michoacán de Ocampo||59941|16|59941||29|019|5080|Rural|
59950|El Conejo|Ranchería|Cotija|Michoacán de Ocampo||59941|16|59941||29|019|5081|Rural|
59950|El Terrero|Ranchería|Cotija|Michoacán de Ocampo||59941|16|59941||29|019|5082|Rural|
59950|Paso de Piedra|Ranchería|Cotija|Michoacán de Ocampo||59941|16|59941||29|019|5083|Rural|
59950|Varal de las Flores|Ranchería|Cotija|Michoacán de Ocampo||59941|16|59941||29|019|5084|Rural|
59953|La Cuartilla|Ranchería|Cotija|Michoacán de Ocampo||59941|16|59941||29|019|1486|Rural|
59953|Plan del Cerro (La Playa)|Ranchería|Cotija|Michoacán de Ocampo||59941|16|59941||29|019|4732|Rural|
59953|Agua de Gallo|Ranchería|Cotija|Michoacán de Ocampo||59941|16|59941||29|019|5103|Rural|
59953|El Sillete|Ranchería|Cotija|Michoacán de Ocampo||59941|16|59941||29|019|5104|Rural|
59953|Llano de Tío Marcos|Ranchería|Cotija|Michoacán de Ocampo||59941|16|59941||29|019|5105|Rural|
59954|El Mentidero|Ranchería|Cotija|Michoacán de Ocampo||59941|16|59941||29|019|5106|Rural|
59954|Las Capulinas (Los Capulines)|Ranchería|Cotija|Michoacán de Ocampo||59941|16|59941||29|019|5107|Rural|
59954|Lorenzo|Ranchería|Cotija|Michoacán de Ocampo||59941|16|59941||29|019|5108|Rural|
59954|Varal de los Fresnos|Ranchería|Cotija|Michoacán de Ocampo||59941|16|59941||29|019|5109|Rural|
59955|La Mesa del Salate|Ranchería|Cotija|Michoacán de Ocampo||59941|16|59941||29|019|5110|Rural|
59955|La Mina|Ranchería|Cotija|Michoacán de Ocampo||59941|16|59941||29|019|5111|Rural|
59955|La Piedra Clavada (La Mesa)|Ranchería|Cotija|Michoacán de Ocampo||59941|16|59941||29|019|5112|Rural|
59955|Los Alisos Dos|Ranchería|Cotija|Michoacán de Ocampo||59941|16|59941||29|019|5113|Rural|
59955|Los Espinozas|Ranchería|Cotija|Michoacán de Ocampo||59941|16|59941||29|019|5114|Rural|
59956|El Fresnito|Ranchería|Cotija|Michoacán de Ocampo||59941|16|59941||29|019|5115|Rural|
59956|Los Amoles|Ranchería|Cotija|Michoacán de Ocampo||59941|16|59941||29|019|5116|Rural|
59956|Los Pilares|Ranchería|Cotija|Michoacán de Ocampo||59941|16|59941||29|019|5117|Rural|
59957|Los Gallineros|Ranchería|Cotija|Michoacán de Ocampo||59941|16|59941||29|019|1483|Rural|
59957|San Nicolás|Ranchería|Cotija|Michoacán de Ocampo||59941|16|59941||29|019|1484|Rural|
59957|Calabazas|Ranchería|Cotija|Michoacán de Ocampo||59941|16|59941||29|019|5085|Rural|
59957|El Herrero|Ranchería|Cotija|Michoacán de Ocampo||59941|16|59941||29|019|5086|Rural|
59957|El Palmar|Ranchería|Cotija|Michoacán de Ocampo||59941|16|59941||29|019|5087|Rural|
59957|Los Alisos|Ranchería|Cotija|Michoacán de Ocampo||59941|16|59941||29|019|5088|Rural|
59957|Los Chapilis|Ranchería|Cotija|Michoacán de Ocampo||59941|16|59941||29|019|5089|Rural|
59957|Plaza Quemada|Ranchería|Cotija|Michoacán de Ocampo||59941|16|59941||29|019|5090|Rural|
59958|Lourdes|Ranchería|Cotija|Michoacán de Ocampo||59941|16|59941||29|019|1485|Rural|
59958|El Caracol|Ranchería|Cotija|Michoacán de Ocampo||59941|16|59941||29|019|5091|Rural|
59958|El Llano Largo|Ranchería|Cotija|Michoacán de Ocampo||59941|16|59941||29|019|5092|Rural|
59958|El Mitote|Ranchería|Cotija|Michoacán de Ocampo||59941|16|59941||29|019|5093|Rural|
59958|El Potrero de Adentro|Ranchería|Cotija|Michoacán de Ocampo||59941|16|59941||29|019|5094|Rural|
59958|El Tajo|Ranchería|Cotija|Michoacán de Ocampo||59941|16|59941||29|019|5095|Rural|
59958|Guayabillo|Ranchería|Cotija|Michoacán de Ocampo||59941|16|59941||29|019|5096|Rural|
59958|La Mesa Alta|Ranchería|Cotija|Michoacán de Ocampo||59941|16|59941||29|019|5097|Rural|
59958|La Pitaya|Ranchería|Cotija|Michoacán de Ocampo||59941|16|59941||29|019|5098|Rural|
59958|La Tinaja|Ranchería|Cotija|Michoacán de Ocampo||59941|16|59941||29|019|5099|Rural|
59958|Las Trojas (El Fresno)|Ranchería|Cotija|Michoacán de Ocampo||59941|16|59941||29|019|5100|Rural|
59958|Salitrillo (Pila de Perros)|Ranchería|Cotija|Michoacán de Ocampo||59941|16|59941||29|019|5101|Rural|
59958|Torrecillas|Ranchería|Cotija|Michoacán de Ocampo||59941|16|59941||29|019|5102|Rural|
59960|La Charanda|Colonia|Tocumbo|Michoacán de Ocampo||59962|16|59962||09|095|0005|Urbano|
59960|Los Fresnos|Colonia|Tocumbo|Michoacán de Ocampo||59962|16|59962||09|095|0006|Urbano|
59960|Pueblo Nuevo|Colonia|Tocumbo|Michoacán de Ocampo||59962|16|59962||09|095|0007|Urbano|
59960|Loma Bonita|Colonia|Tocumbo|Michoacán de Ocampo||59962|16|59962||09|095|0008|Urbano|
59960|Tocumbo|Pueblo|Tocumbo|Michoacán de Ocampo||59962|16|59962||28|095|1487|Urbano|
59963|Las Flores|Colonia|Tocumbo|Michoacán de Ocampo||59962|16|59962||09|095|0001|Urbano|
59963|Las Peñas|Colonia|Tocumbo|Michoacán de Ocampo||59962|16|59962||09|095|0002|Urbano|
59963|Michoacán|Colonia|Tocumbo|Michoacán de Ocampo||59962|16|59962||09|095|0003|Urbano|
59963|Obrera|Colonia|Tocumbo|Michoacán de Ocampo||59962|16|59962||09|095|0004|Urbano|
59963|Santa Clara|Pueblo|Tocumbo|Michoacán de Ocampo||59962|16|59962||28|095|1488|Urbano|
59964|El Molinito|Ranchería|Tocumbo|Michoacán de Ocampo||59962|16|59962||29|095|0009|Rural|
59964|Puente de Tocumbo|Ranchería|Tocumbo|Michoacán de Ocampo||59962|16|59962||29|095|0017|Rural|
59965|La Calera|Ranchería|Tocumbo|Michoacán de Ocampo||59962|16|59962||29|095|0014|Rural|
59965|Rodeo del Pinal|Rancho|Tocumbo|Michoacán de Ocampo||59962|16|59962||48|095|0018|Rural|
59966|El Rodeo de Andrade|Rancho|Tocumbo|Michoacán de Ocampo||59962|16|59962||48|095|0012|Rural|
59966|El Santuario|Rancho|Tocumbo|Michoacán de Ocampo||59962|16|59962||48|095|0013|Rural|
59967|El Puerto|Rancho|Tocumbo|Michoacán de Ocampo||59962|16|59962||48|095|0011|Rural|
59967|El Algodón|Pueblo|Tocumbo|Michoacán de Ocampo||59962|16|59962||28|095|5016|Rural|
59970|Santa Inés|Pueblo|Tocumbo|Michoacán de Ocampo||59962|16|59962||28|095|1490|Rural|
59972|Arúmbaro (La Loma)|Ranchería|Tocumbo|Michoacán de Ocampo||59962|16|59962||29|095|0019|Rural|
59972|San Francisco|Ejido|Tocumbo|Michoacán de Ocampo||59962|16|59962||15|095|1491|Rural|
59972|La Magdalena|Ranchería|Tocumbo|Michoacán de Ocampo||59962|16|59962||29|095|1492|Rural|
59973|La Laguneta|Pueblo|Tocumbo|Michoacán de Ocampo||59962|16|59962||28|095|0015|Rural|
59974|La Lagunilla|Rancho|Tocumbo|Michoacán de Ocampo||59962|16|59962||48|095|0016|Rural|
59975|El Platanar|Rancho|Tocumbo|Michoacán de Ocampo||59962|16|59962||48|095|0010|Rural|
59980|Centro|Colonia|Tingüindín|Michoacán de Ocampo||59941|16|59941||09|091|1493|Urbano|
59980|La Ermita|Colonia|Tingüindín|Michoacán de Ocampo||59941|16|59941||09|091|4746|Urbano|
59980|La Purísima|Colonia|Tingüindín|Michoacán de Ocampo||59941|16|59941||09|091|6593|Urbano|
59980|San Miguel|Colonia|Tingüindín|Michoacán de Ocampo||59941|16|59941||09|091|6594|Urbano|
59980|San Pedro|Colonia|Tingüindín|Michoacán de Ocampo||59941|16|59941||09|091|6595|Urbano|
59980|San Pablo|Colonia|Tingüindín|Michoacán de Ocampo||59941|16|59941||09|091|6596|Urbano|
59980|La Asunción|Colonia|Tingüindín|Michoacán de Ocampo||59941|16|59941||09|091|6597|Urbano|
59980|Río Muerto|Colonia|Tingüindín|Michoacán de Ocampo||59941|16|59941||09|091|6598|Urbano|
59980|Lomas de Tingüindín|Fraccionamiento|Tingüindín|Michoacán de Ocampo||59941|16|59941||21|091|6599|Urbano|
59980|Los Maestros|Colonia|Tingüindín|Michoacán de Ocampo||59941|16|59941||09|091|6600|Urbano|
59980|Valle Real|Fraccionamiento|Tingüindín|Michoacán de Ocampo||59941|16|59941||21|091|6601|Urbano|
59983|San Miguel (Los Ranchitos)|Ranchería|Tingüindín|Michoacán de Ocampo||59941|16|59941||29|091|6610|Rural|
59986|El Moral|Ranchería|Tingüindín|Michoacán de Ocampo||59941|16|59941||29|091|6605|Rural|
59986|Tata Lázaro (Rancho Flores)|Ranchería|Tingüindín|Michoacán de Ocampo||59941|16|59941||29|091|6611|Rural|
59987|Tacátzcuaro|Pueblo|Tingüindín|Michoacán de Ocampo||59941|16|59941||28|091|1494|Rural|
59990|Aquiles Serdán (San Ángel)|Pueblo|Tingüindín|Michoacán de Ocampo||59941|16|59941||28|091|1496|Rural|
59990|El Tecolote|Ranchería|Tingüindín|Michoacán de Ocampo||59941|16|59941||29|091|1497|Rural|
59990|Rincón del Chino|Ranchería|Tingüindín|Michoacán de Ocampo||59941|16|59941||29|091|4705|Rural|
59990|Barrio Alto|Ranchería|Tingüindín|Michoacán de Ocampo||59941|16|59941||29|091|6602|Rural|
59990|El Letijio|Ranchería|Tingüindín|Michoacán de Ocampo||59941|16|59941||29|091|6604|Rural|
59990|El Purengue|Ranchería|Tingüindín|Michoacán de Ocampo||59941|16|59941||29|091|6606|Rural|
59991|Guáscuaro de Múgica|Pueblo|Tingüindín|Michoacán de Ocampo||59941|16|59941||28|091|1498|Rural|
59993|Chucandirán|Ranchería|Tingüindín|Michoacán de Ocampo||59941|16|59941||29|091|1499|Rural|
59993|El Mercado|Ranchería|Tingüindín|Michoacán de Ocampo||59941|16|59941||29|091|1500|Rural|
59993|Los Laureles|Ranchería|Tingüindín|Michoacán de Ocampo||59941|16|59941||29|091|6608|Rural|
59995|San Juanico|Ranchería|Tingüindín|Michoacán de Ocampo||59941|16|59941||29|091|1501|Rural|
59995|Colonia Morelos (Guaquián)|Ranchería|Tingüindín|Michoacán de Ocampo||59941|16|59941||29|091|6603|Rural|
59995|Patamburapio|Ranchería|Tingüindín|Michoacán de Ocampo||59941|16|59941||29|091|6609|Rural|
60000|Uruapan Centro|Colonia|Uruapan|Michoacán de Ocampo|Uruapan|60053|16|60053||09|102|1502|Urbano|09
60010|El Paricu|Colonia|Uruapan|Michoacán de Ocampo|Uruapan|60053|16|60053||09|102|0004|Urbano|09
60010|El Mirador|Colonia|Uruapan|Michoacán de Ocampo|Uruapan|60053|16|60053||09|102|1505|Urbano|09
60010|El Pinal|Colonia|Uruapan|Michoacán de Ocampo|Uruapan|60053|16|60053||09|102|1506|Urbano|09
60010|La Esperanza|Colonia|Uruapan|Michoacán de Ocampo|Uruapan|60053|16|60053||09|102|1508|Urbano|09
60010|Prof. Roberto Gutiérrez|Colonia|Uruapan|Michoacán de Ocampo|Uruapan|60053|16|60053||09|102|1509|Urbano|09
60010|28 de Octubre|Colonia|Uruapan|Michoacán de Ocampo|Uruapan|60053|16|60053||09|102|1510|Urbano|09
60010|Inguambal|Colonia|Uruapan|Michoacán de Ocampo|Uruapan|60053|16|60053||09|102|4870|Urbano|09
60013|La Quebradora|Colonia|Uruapan|Michoacán de Ocampo|Uruapan|60053|16|60053||09|102|0010|Urbano|09
60013|La Santa Cruz|Colonia|Uruapan|Michoacán de Ocampo|Uruapan|60053|16|60053||09|102|0011|Urbano|09
60013|David Franco Rodríguez|Colonia|Uruapan|Michoacán de Ocampo|Uruapan|60053|16|60053||09|102|1511|Urbano|09
60013|Rubén Jaramillo|Colonia|Uruapan|Michoacán de Ocampo|Uruapan|60053|16|60053||09|102|1512|Urbano|09
60013|Ampliación Rubén Jaramillo|Colonia|Uruapan|Michoacán de Ocampo|Uruapan|60053|16|60053||09|102|1513|Urbano|09
60013|2 de Mayo|Colonia|Uruapan|Michoacán de Ocampo|Uruapan|60053|16|60053||09|102|3563|Urbano|09
60013|Taximacuaro|Unidad habitacional|Uruapan|Michoacán de Ocampo|Uruapan|60053|16|60053||31|102|4891|Urbano|09
60014|Gandarillas|Colonia|Uruapan|Michoacán de Ocampo|Uruapan|60053|16|60053||09|102|1514|Urbano|09
60014|Plan de Ayala|Colonia|Uruapan|Michoacán de Ocampo|Uruapan|60053|16|60053||09|102|1515|Urbano|09
60015|La Basilia|Colonia|Uruapan|Michoacán de Ocampo|Uruapan|60053|16|60053||09|102|1516|Urbano|09
60015|El Capulín|Fraccionamiento|Uruapan|Michoacán de Ocampo|Uruapan|60053|16|60053||21|102|3561|Urbano|09
60015|Cheranguerán|Colonia|Uruapan|Michoacán de Ocampo|Uruapan|60053|16|60053||09|102|4666|Urbano|09
60016|Rincón del Cupatitzio|Fraccionamiento|Uruapan|Michoacán de Ocampo|Uruapan|60053|16|60053||21|102|0002|Urbano|09
60016|Los Pinos|Colonia|Uruapan|Michoacán de Ocampo|Uruapan|60053|16|60053||09|102|1517|Urbano|09
60016|San Pedro El Alto|Colonia|Uruapan|Michoacán de Ocampo|Uruapan|60053|16|60053||09|102|1518|Urbano|09
60016|Lomas de Uruapan|Colonia|Uruapan|Michoacán de Ocampo|Uruapan|60053|16|60053||09|102|3564|Urbano|09
60016|La Tuna|Colonia|Uruapan|Michoacán de Ocampo|Uruapan|60053|16|60053||09|102|4874|Urbano|09
60017|Los Encinos|Colonia|Uruapan|Michoacán de Ocampo|Uruapan|60053|16|60053||09|102|0017|Urbano|09
60017|Lomas del Rosario|Colonia|Uruapan|Michoacán de Ocampo|Uruapan|60053|16|60053||09|102|1519|Urbano|09
60017|El Parico|Colonia|Uruapan|Michoacán de Ocampo|Uruapan|60053|16|60053||09|102|4648|Urbano|09
60017|La Peña|Colonia|Uruapan|Michoacán de Ocampo|Uruapan|60053|16|60053||09|102|4873|Urbano|09
60020|Lindavista|Colonia|Uruapan|Michoacán de Ocampo|Uruapan|60053|16|60053||09|102|1521|Urbano|09
60024|La Tinajas|Colonia|Uruapan|Michoacán de Ocampo|Uruapan|60053|16|60053||09|102|1524|Urbano|09
60030|Huertas Calvillo|Colonia|Uruapan|Michoacán de Ocampo|Uruapan|60053|16|60053||09|102|1526|Urbano|09
60030|Hurtado|Colonia|Uruapan|Michoacán de Ocampo|Uruapan|60053|16|60053||09|102|1527|Urbano|09
60030|La Quinta|Colonia|Uruapan|Michoacán de Ocampo|Uruapan|60053|16|60053||09|102|1528|Urbano|09
60030|Los Riyitos|Colonia|Uruapan|Michoacán de Ocampo|Uruapan|60053|16|60053||09|102|1529|Urbano|09
60030|Manantiales|Colonia|Uruapan|Michoacán de Ocampo|Uruapan|60053|16|60053||09|102|1530|Urbano|09
60030|Nuevo Santiago|Colonia|Uruapan|Michoacán de Ocampo|Uruapan|60053|16|60053||09|102|1531|Urbano|09
60030|Santiago|Colonia|Uruapan|Michoacán de Ocampo|Uruapan|60053|16|60053||09|102|1532|Urbano|09
60033|Lomas del Rey|Fraccionamiento|Uruapan|Michoacán de Ocampo|Uruapan|60053|16|60053||21|102|4933|Urbano|09
60040|Benito Juárez Grupo 1 Este|Colonia|Uruapan|Michoacán de Ocampo|Uruapan|60053|16|60053||09|102|1533|Urbano|09
60040|Benito Juárez Grupo 2 Oeste|Colonia|Uruapan|Michoacán de Ocampo|Uruapan|60053|16|60053||09|102|1534|Urbano|09
60040|Buenos Aires|Colonia|Uruapan|Michoacán de Ocampo|Uruapan|60053|16|60053||09|102|1535|Urbano|09
60040|Maria Auxiliadora|Colonia|Uruapan|Michoacán de Ocampo|Uruapan|60053|16|60053||09|102|1536|Urbano|09
60040|Mártires de Uruapan|Colonia|Uruapan|Michoacán de Ocampo|Uruapan|60053|16|60053||09|102|1537|Urbano|09
60040|San Juan Quemado|Colonia|Uruapan|Michoacán de Ocampo|Uruapan|60053|16|60053||09|102|1538|Urbano|09
60040|San Miguel|Colonia|Uruapan|Michoacán de Ocampo|Uruapan|60053|16|60053||09|102|1539|Urbano|09
60040|San Juan Bautista|Barrio|Uruapan|Michoacán de Ocampo|Uruapan|60053|16|60053||02|102|3565|Urbano|09
60044|El Tepeyac|Colonia|Uruapan|Michoacán de Ocampo|Uruapan|60053|16|60053||09|102|1540|Urbano|09
60050|Bellavista|Colonia|Uruapan|Michoacán de Ocampo|Uruapan|60053|16|60053||09|102|1541|Urbano|09
60050|Lázaro Cárdenas|Colonia|Uruapan|Michoacán de Ocampo|Uruapan|60053|16|60053||09|102|1543|Urbano|09
60050|Morelos|Colonia|Uruapan|Michoacán de Ocampo|Uruapan|60053|16|60053||09|102|1544|Urbano|09
60050|Ramon Farias|Colonia|Uruapan|Michoacán de Ocampo|Uruapan|60053|16|60053||09|102|1546|Urbano|09
60050|San Francisco|Colonia|Uruapan|Michoacán de Ocampo|Uruapan|60053|16|60053||09|102|1547|Urbano|09
60050|Francisco J. Mujica|Colonia|Uruapan|Michoacán de Ocampo|Uruapan|60053|16|60053||09|102|4863|Urbano|09
60054|Carlos A Madrazo|Fraccionamiento|Uruapan|Michoacán de Ocampo|Uruapan|60053|16|60053||21|102|1550|Urbano|09
60054|Vicente Guerrero|Colonia|Uruapan|Michoacán de Ocampo|Uruapan|60053|16|60053||09|102|1551|Urbano|09
60060|El Milagro|Colonia|Uruapan|Michoacán de Ocampo|Uruapan|60053|16|60053||09|102|0001|Urbano|09
60060|San Juan Evangelista|Colonia|Uruapan|Michoacán de Ocampo|Uruapan|60053|16|60053||09|102|1553|Urbano|09
60060|Ampliación San Juan Evangelista|Colonia|Uruapan|Michoacán de Ocampo|Uruapan|60053|16|60053||09|102|4642|Urbano|09
60063|Valle de San Pedro|Colonia|Uruapan|Michoacán de Ocampo|Uruapan|60053|16|60053||09|102|1554|Urbano|09
60070|Arenal|Colonia|Uruapan|Michoacán de Ocampo|Uruapan|60053|16|60053||09|102|1555|Urbano|09
60070|Celeste Betell|Colonia|Uruapan|Michoacán de Ocampo|Uruapan|60053|16|60053||09|102|1556|Urbano|09
60070|Cupatitzio|Colonia|Uruapan|Michoacán de Ocampo|Uruapan|60053|16|60053||09|102|1557|Urbano|09
60070|Independencia|Colonia|Uruapan|Michoacán de Ocampo|Uruapan|60053|16|60053||09|102|1558|Urbano|09
60070|La Trinidad|Colonia|Uruapan|Michoacán de Ocampo|Uruapan|60053|16|60053||09|102|1559|Urbano|09
60070|Niños Héroes|Colonia|Uruapan|Michoacán de Ocampo|Uruapan|60053|16|60053||09|102|1560|Urbano|09
60070|San Pedro|Colonia|Uruapan|Michoacán de Ocampo|Uruapan|60053|16|60053||09|102|1561|Urbano|09
60073|Octaviano Alanis|Colonia|Uruapan|Michoacán de Ocampo|Uruapan|60053|16|60053||09|102|1562|Urbano|09
60074|Jorhentpiri|Fraccionamiento|Uruapan|Michoacán de Ocampo|Uruapan|60053|16|60053||21|102|1563|Urbano|09
60074|22 de Octubre|Colonia|Uruapan|Michoacán de Ocampo|Uruapan|60053|16|60053||09|102|1564|Urbano|09
60080|El Mogotito|Colonia|Uruapan|Michoacán de Ocampo|Uruapan|60053|16|60053||09|102|1565|Urbano|09
60080|Huertas Del Cupatitzio|Colonia|Uruapan|Michoacán de Ocampo|Uruapan|60053|16|60053||09|102|1566|Urbano|09
60080|Jardines de Cupatitzio|Colonia|Uruapan|Michoacán de Ocampo|Uruapan|60053|16|60053||09|102|1567|Urbano|09
60080|La Magdalena|Colonia|Uruapan|Michoacán de Ocampo|Uruapan|60053|16|60053||09|102|1568|Urbano|09
60080|Purepechas|Colonia|Uruapan|Michoacán de Ocampo|Uruapan|60053|16|60053||09|102|1569|Urbano|09
60090|Casa Del Niño|Colonia|Uruapan|Michoacán de Ocampo|Uruapan|60053|16|60053||09|102|1571|Urbano|09
60090|Casa Del Niño Oriente|Colonia|Uruapan|Michoacán de Ocampo|Uruapan|60053|16|60053||09|102|1572|Urbano|09
60090|Gabriel Zamora|Colonia|Uruapan|Michoacán de Ocampo|Uruapan|60053|16|60053||09|102|1574|Urbano|09
60090|Granjas Del Pedregal|Colonia|Uruapan|Michoacán de Ocampo|Uruapan|60053|16|60053||09|102|1575|Urbano|09
60090|Jicalán (La Pinerita)|Colonia|Uruapan|Michoacán de Ocampo|Uruapan|60053|16|60053||09|102|1576|Urbano|09
60090|La Pinera|Colonia|Uruapan|Michoacán de Ocampo|Uruapan|60053|16|60053||09|102|1577|Urbano|09
60090|La Tamacua|Colonia|Uruapan|Michoacán de Ocampo|Uruapan|60053|16|60053||09|102|1578|Urbano|09
60090|Ampliación La Tamacua|Colonia|Uruapan|Michoacán de Ocampo|Uruapan|60053|16|60053||09|102|1579|Urbano|09
60090|Melchor Ocampo|Colonia|Uruapan|Michoacán de Ocampo|Uruapan|60053|16|60053||09|102|1580|Urbano|09
60090|Progreso|Colonia|Uruapan|Michoacán de Ocampo|Uruapan|60053|16|60053||09|102|1581|Urbano|09
60090|Valle de las Delicias|Colonia|Uruapan|Michoacán de Ocampo|Uruapan|60053|16|60053||09|102|1582|Urbano|09
60090|Las Delicias|Colonia|Uruapan|Michoacán de Ocampo|Uruapan|60053|16|60053||09|102|4643|Urbano|09
60090|San Pablo INFONAVIT|Conjunto habitacional|Uruapan|Michoacán de Ocampo|Uruapan|60053|16|60053||12|102|4661|Urbano|09
60090|Ignacio Zaragoza|Colonia|Uruapan|Michoacán de Ocampo|Uruapan|60053|16|60053||09|102|4869|Urbano|09
60090|Libertadores del Sur|Colonia|Uruapan|Michoacán de Ocampo|Uruapan|60053|16|60053||09|102|4875|Urbano|09
60090|Villa Hermosa|Colonia|Uruapan|Michoacán de Ocampo|Uruapan|60053|16|60053||09|102|4892|Urbano|09
60090|Mediterránea|Conjunto habitacional|Uruapan|Michoacán de Ocampo|Uruapan|60053|16|60053||12|102|5544|Urbano|09
60094|Casa Del Niño Poniente|Colonia|Uruapan|Michoacán de Ocampo|Uruapan|60053|16|60053||09|102|1583|Urbano|09
60094|Elías Pérez Ávalos|Colonia|Uruapan|Michoacán de Ocampo|Uruapan|60053|16|60053||09|102|1584|Urbano|09
60094|Palito Verde|Colonia|Uruapan|Michoacán de Ocampo|Uruapan|60053|16|60053||09|102|1585|Urbano|09
60094|Los Viñedos|Fraccionamiento|Uruapan|Michoacán de Ocampo|Uruapan|60053|16|60053||21|102|5528|Urbano|09
60095|Benito Juárez Sur|Colonia|Uruapan|Michoacán de Ocampo|Uruapan|60053|16|60053||09|102|1586|Urbano|09
60095|Jardines Del Pedregal|Colonia|Uruapan|Michoacán de Ocampo|Uruapan|60053|16|60053||09|102|1587|Urbano|09
60100|Popular Campestre|Colonia|Uruapan|Michoacán de Ocampo|Uruapan|60053|16|60053||09|102|1589|Urbano|09
60105|Observatorio|Colonia|Uruapan|Michoacán de Ocampo|Uruapan|60053|16|60053||09|102|1590|Urbano|09
60110|Hacienda Paraíso|Fraccionamiento|Uruapan|Michoacán de Ocampo|Uruapan|60053|16|60053||21|102|0008|Urbano|09
60110|Don Vasco|Colonia|Uruapan|Michoacán de Ocampo|Uruapan|60053|16|60053||09|102|1592|Urbano|09
60110|Lomas Del Valle|Colonia|Uruapan|Michoacán de Ocampo|Uruapan|60053|16|60053||09|102|1593|Urbano|09
60110|Politécnico Don Vasco|Colonia|Uruapan|Michoacán de Ocampo|Uruapan|60053|16|60053||09|102|1594|Urbano|09
60110|Don Vasco|Fraccionamiento|Uruapan|Michoacán de Ocampo|Uruapan|60053|16|60053||21|102|1595|Urbano|09
60110|Granjas de Bellavista|Colonia|Uruapan|Michoacán de Ocampo|Uruapan|60053|16|60053||09|102|4807|Urbano|09
60120|El Colorin|Colonia|Uruapan|Michoacán de Ocampo|Uruapan|60053|16|60053||09|102|1598|Urbano|09
60120|El Colorin Norte|Colonia|Uruapan|Michoacán de Ocampo|Uruapan|60053|16|60053||09|102|1599|Urbano|09
60120|Guadalupe Victoria|Colonia|Uruapan|Michoacán de Ocampo|Uruapan|60053|16|60053||09|102|1600|Urbano|09
60120|Villa Uruapan|Fraccionamiento|Uruapan|Michoacán de Ocampo|Uruapan|60053|16|60053||21|102|1601|Urbano|09
60120|General Guerrero|Colonia|Uruapan|Michoacán de Ocampo|Uruapan|60053|16|60053||09|102|4865|Urbano|09
60123|Lomas Del Valle Sur|Fraccionamiento|Uruapan|Michoacán de Ocampo|Uruapan|60053|16|60053||21|102|1602|Urbano|09
60123|La Michoacana|Colonia|Uruapan|Michoacán de Ocampo|Uruapan|60053|16|60053||09|102|4872|Urbano|09
60123|Michoacana de Occidente|Colonia|Uruapan|Michoacán de Ocampo|Uruapan|60053|16|60053||09|102|4953|Urbano|09
60124|Michoacana 2a Secc|Colonia|Uruapan|Michoacán de Ocampo|Uruapan|60053|16|60053||09|102|1605|Urbano|09
60125|Las Lomas|Conjunto habitacional|Uruapan|Michoacán de Ocampo|Uruapan|60053|16|60053||12|102|0003|Urbano|09
60125|San José de La Mina|Fraccionamiento|Uruapan|Michoacán de Ocampo|Uruapan|60053|16|60053||21|102|1607|Urbano|09
60125|Rincón Griego|Colonia|Uruapan|Michoacán de Ocampo|Uruapan|60053|16|60053||09|102|3573|Urbano|09
60126|La Cofradía|Colonia|Uruapan|Michoacán de Ocampo|Uruapan|60053|16|60053||09|102|1714|Urbano|09
60126|Rincón del Manantial|Fraccionamiento|Uruapan|Michoacán de Ocampo|Uruapan|60053|16|60053||21|102|4658|Urbano|09
60126|Los Tulipanes|Colonia|Uruapan|Michoacán de Ocampo|Uruapan|60053|16|60053||09|102|4879|Urbano|09
60127|Arboledas INFONAVIT|Conjunto habitacional|Uruapan|Michoacán de Ocampo|Uruapan|60053|16|60053||12|102|0961|Urbano|09
60127|Plutarco Elías Calles|Colonia|Uruapan|Michoacán de Ocampo|Uruapan|60053|16|60053||09|102|4654|Urbano|09
60127|La Huerta|Colonia|Uruapan|Michoacán de Ocampo|Uruapan|60053|16|60053||09|102|4889|Urbano|09
60128|Periodista|Colonia|Uruapan|Michoacán de Ocampo|Uruapan|60053|16|60053||09|102|1608|Urbano|09
60130|Eduardo Ruiz|Colonia|Uruapan|Michoacán de Ocampo|Uruapan|60053|16|60053||09|102|1609|Urbano|09
60130|El Inguambo|Colonia|Uruapan|Michoacán de Ocampo|Uruapan|60053|16|60053||09|102|1610|Urbano|09
60130|El Jazmín|Colonia|Uruapan|Michoacán de Ocampo|Uruapan|60053|16|60053||09|102|1611|Urbano|09
60130|La Mora|Colonia|Uruapan|Michoacán de Ocampo|Uruapan|60053|16|60053||09|102|1612|Urbano|09
60130|Las Fuentes|Colonia|Uruapan|Michoacán de Ocampo|Uruapan|60053|16|60053||09|102|1613|Urbano|09
60133|Bosques de Uruapan|Fraccionamiento|Uruapan|Michoacán de Ocampo|Uruapan|60053|16|60053||21|102|0005|Urbano|09
60133|Arroyo Del Páramo|Fraccionamiento|Uruapan|Michoacán de Ocampo|Uruapan|60053|16|60053||21|102|1614|Urbano|09
60133|La Perla|Fraccionamiento|Uruapan|Michoacán de Ocampo|Uruapan|60053|16|60053||21|102|1615|Urbano|09
60133|Tabachines|Fraccionamiento|Uruapan|Michoacán de Ocampo|Uruapan|60053|16|60053||21|102|1616|Urbano|09
60133|Villa de La Fuente|Fraccionamiento|Uruapan|Michoacán de Ocampo|Uruapan|60053|16|60053||21|102|3415|Urbano|09
60133|Las Brisas|Fraccionamiento|Uruapan|Michoacán de Ocampo|Uruapan|60053|16|60053||21|102|3416|Urbano|09
60134|La Virgen|Fraccionamiento|Uruapan|Michoacán de Ocampo|Uruapan|60053|16|60053||21|102|0014|Urbano|09
60134|14 de Julio|Colonia|Uruapan|Michoacán de Ocampo|Uruapan|60053|16|60053||09|102|1618|Urbano|09
60134|5 de Febrero|Colonia|Uruapan|Michoacán de Ocampo|Uruapan|60053|16|60053||09|102|1619|Urbano|09
60134|12 de Diciembre|Colonia|Uruapan|Michoacán de Ocampo|Uruapan|60053|16|60053||09|102|1620|Urbano|09
60134|La Presa|Colonia|Uruapan|Michoacán de Ocampo|Uruapan|60053|16|60053||09|102|1621|Urbano|09
60135|18 de Marzo|Colonia|Uruapan|Michoacán de Ocampo|Uruapan|60053|16|60053||09|102|0971|Urbano|09
60135|El Saúco|Colonia|Uruapan|Michoacán de Ocampo|Uruapan|60053|16|60053||09|102|1623|Urbano|09
60135|Lázaro Cárdenas|Colonia|Uruapan|Michoacán de Ocampo|Uruapan|60053|16|60053||09|102|1624|Urbano|09
60135|Martínez Villicaña|Colonia|Uruapan|Michoacán de Ocampo|Uruapan|60053|16|60053||09|102|1625|Urbano|09
60135|Nuevo Paraíso|Colonia|Uruapan|Michoacán de Ocampo|Uruapan|60053|16|60053||09|102|1626|Urbano|09
60135|Valle Dorado|Colonia|Uruapan|Michoacán de Ocampo|Uruapan|60053|16|60053||09|102|3572|Urbano|09
60135|Uruapan Progreso|Colonia|Uruapan|Michoacán de Ocampo|Uruapan|60053|16|60053||09|102|4664|Urbano|09
60135|Jacarandas|Colonia|Uruapan|Michoacán de Ocampo|Uruapan|60053|16|60053||09|102|4668|Urbano|09
60136|Jardines de San Rafael|Colonia|Uruapan|Michoacán de Ocampo|Uruapan|60053|16|60053||09|102|1627|Urbano|09
60136|Sol Azteca|Colonia|Uruapan|Michoacán de Ocampo|Uruapan|60053|16|60053||09|102|1628|Urbano|09
60136|Villa del Sol|Colonia|Uruapan|Michoacán de Ocampo|Uruapan|60053|16|60053||09|102|1629|Urbano|09
60136|Las Haciendas|Colonia|Uruapan|Michoacán de Ocampo|Uruapan|60053|16|60053||09|102|4646|Urbano|09
60136|Las Haciendas II|Colonia|Uruapan|Michoacán de Ocampo|Uruapan|60053|16|60053||09|102|4647|Urbano|09
60136|Santa Catarina|Colonia|Uruapan|Michoacán de Ocampo|Uruapan|60053|16|60053||09|102|4662|Urbano|09
60136|Villas de Jaraco|Colonia|Uruapan|Michoacán de Ocampo|Uruapan|60053|16|60053||09|102|4665|Urbano|09
60136|Jardines de La Loma|Fraccionamiento|Uruapan|Michoacán de Ocampo|Uruapan|60053|16|60053||21|102|4672|Urbano|09
60136|Las Bugambilias|Fraccionamiento|Uruapan|Michoacán de Ocampo|Uruapan|60053|16|60053||21|102|4737|Urbano|09
60136|Morelos|Colonia|Uruapan|Michoacán de Ocampo|Uruapan|60053|16|60053||09|102|4880|Urbano|09
60136|Nuevo Paricutín|Colonia|Uruapan|Michoacán de Ocampo|Uruapan|60053|16|60053||09|102|4881|Urbano|09
60137|Leandro Valle|Colonia|Uruapan|Michoacán de Ocampo|Uruapan|60053|16|60053||09|102|1630|Urbano|09
60137|San Rafael|Colonia|Uruapan|Michoacán de Ocampo|Uruapan|60053|16|60053||09|102|1631|Urbano|09
60137|Ampliación San Rafael|Colonia|Uruapan|Michoacán de Ocampo|Uruapan|60053|16|60053||09|102|1632|Urbano|09
60137|Hacienda San Rafael|Colonia|Uruapan|Michoacán de Ocampo|Uruapan|60053|16|60053||09|102|4709|Urbano|09
60137|Rancho San Rafael|Unidad habitacional|Uruapan|Michoacán de Ocampo|Uruapan|60053|16|60053||31|102|4883|Urbano|09
60140|Ampliación Cuauhtémoc|Colonia|Uruapan|Michoacán de Ocampo|Uruapan|60053|16|60053||09|102|0968|Urbano|09
60140|Cuauhtémoc|Colonia|Uruapan|Michoacán de Ocampo|Uruapan|60053|16|60053||09|102|1633|Urbano|09
60143|Balcones INFONAVIT|Colonia|Uruapan|Michoacán de Ocampo|Uruapan|60053|16|60053||09|102|1634|Urbano|09
60150|Ferrocarrilera|Colonia|Uruapan|Michoacán de Ocampo|Uruapan|60053|16|60053||09|102|1635|Urbano|09
60150|La Cedrera|Colonia|Uruapan|Michoacán de Ocampo|Uruapan|60053|16|60053||09|102|1636|Urbano|09
60150|Revolución|Colonia|Uruapan|Michoacán de Ocampo|Uruapan|60053|16|60053||09|102|1638|Urbano|09
60153|Enrique Ramírez|Colonia|Uruapan|Michoacán de Ocampo|Uruapan|60053|16|60053||09|102|1640|Urbano|09
60153|Francisco Villa|Colonia|Uruapan|Michoacán de Ocampo|Uruapan|60053|16|60053||09|102|1641|Urbano|09
60153|México|Colonia|Uruapan|Michoacán de Ocampo|Uruapan|60053|16|60053||09|102|1642|Urbano|09
60153|Primero de Mayo|Colonia|Uruapan|Michoacán de Ocampo|Uruapan|60053|16|60053||09|102|1643|Urbano|09
60153|Reforma Agraria|Colonia|Uruapan|Michoacán de Ocampo|Uruapan|60053|16|60053||09|102|1644|Urbano|09
60153|Ampliación Revolución|Colonia|Uruapan|Michoacán de Ocampo|Uruapan|60053|16|60053||09|102|1645|Urbano|09
60153|7 de Mayo|Colonia|Uruapan|Michoacán de Ocampo|Uruapan|60053|16|60053||09|102|1646|Urbano|09
60154|Oriental|Colonia|Uruapan|Michoacán de Ocampo|Uruapan|60053|16|60053||09|102|0015|Urbano|09
60154|Loma Bonita|Colonia|Uruapan|Michoacán de Ocampo|Uruapan|60053|16|60053||09|102|0016|Urbano|09
60154|Amapolita|Colonia|Uruapan|Michoacán de Ocampo|Uruapan|60053|16|60053||09|102|1647|Urbano|09
60154|Ejercito Mexicano|Colonia|Uruapan|Michoacán de Ocampo|Uruapan|60053|16|60053||09|102|1648|Urbano|09
60154|La Esperanza|Colonia|Uruapan|Michoacán de Ocampo|Uruapan|60053|16|60053||09|102|1649|Urbano|09
60154|Los Gómez|Colonia|Uruapan|Michoacán de Ocampo|Uruapan|60053|16|60053||09|102|1650|Urbano|09
60154|Natalio Vázquez Pallarez|Colonia|Uruapan|Michoacán de Ocampo|Uruapan|60053|16|60053||09|102|1652|Urbano|09
60154|Sol Naciente|Fraccionamiento|Uruapan|Michoacán de Ocampo|Uruapan|60053|16|60053||21|102|1653|Urbano|09
60154|Tierra y Libertad|Colonia|Uruapan|Michoacán de Ocampo|Uruapan|60053|16|60053||09|102|1654|Urbano|09
60154|La Guadalupana|Colonia|Uruapan|Michoacán de Ocampo|Uruapan|60053|16|60053||09|102|4644|Urbano|09
60154|Doctores|Colonia|Uruapan|Michoacán de Ocampo|Uruapan|60053|16|60053||09|102|4860|Urbano|09
60154|El Chilar|Colonia|Uruapan|Michoacán de Ocampo|Uruapan|60053|16|60053||09|102|4861|Urbano|09
60154|Ignacio Cervantes|Colonia|Uruapan|Michoacán de Ocampo|Uruapan|60053|16|60053||09|102|4868|Urbano|09
60154|La Cienega|Colonia|Uruapan|Michoacán de Ocampo|Uruapan|60053|16|60053||09|102|4871|Urbano|09
60154|Los Adobes|Colonia|Uruapan|Michoacán de Ocampo|Uruapan|60053|16|60053||09|102|4877|Urbano|09
60154|Progreso Social|Colonia|Uruapan|Michoacán de Ocampo|Uruapan|60053|16|60053||09|102|5541|Urbano|09
60154|Unión Mutualista de Colonos|Colonia|Uruapan|Michoacán de Ocampo|Uruapan|60053|16|60053||09|102|6283|Urbano|09
60155|Constituyentes INFONAVIT|Colonia|Uruapan|Michoacán de Ocampo|Uruapan|60053|16|60053||09|102|1655|Urbano|09
60155|El Uval|Colonia|Uruapan|Michoacán de Ocampo|Uruapan|60053|16|60053||09|102|1656|Urbano|09
60155|Guadalupe|Colonia|Uruapan|Michoacán de Ocampo|Uruapan|60053|16|60053||09|102|1657|Urbano|09
60155|Ignacio López Rayón|Colonia|Uruapan|Michoacán de Ocampo|Uruapan|60053|16|60053||09|102|1658|Urbano|09
60155|Ignacio Ramírez|Colonia|Uruapan|Michoacán de Ocampo|Uruapan|60053|16|60053||09|102|1659|Urbano|09
60155|Rosa de Castilla INFONAVIT|Colonia|Uruapan|Michoacán de Ocampo|Uruapan|60053|16|60053||09|102|1661|Urbano|09
60155|Valle Verde|Colonia|Uruapan|Michoacán de Ocampo|Uruapan|60053|16|60053||09|102|1662|Urbano|09
60156|Lomas del Bosque|Colonia|Uruapan|Michoacán de Ocampo|Uruapan|60053|16|60053||09|102|0009|Urbano|09
60156|Antorchista Campesina|Colonia|Uruapan|Michoacán de Ocampo|Uruapan|60053|16|60053||09|102|1663|Urbano|09
60156|Ejidal Lázaro Cárdenas|Fraccionamiento|Uruapan|Michoacán de Ocampo|Uruapan|60053|16|60053||21|102|1664|Urbano|09
60156|La Estrella|Colonia|Uruapan|Michoacán de Ocampo|Uruapan|60053|16|60053||09|102|1665|Urbano|09
60156|La Mujer Campesina|Colonia|Uruapan|Michoacán de Ocampo|Uruapan|60053|16|60053||09|102|1666|Urbano|09
60156|Los Laureles|Colonia|Uruapan|Michoacán de Ocampo|Uruapan|60053|16|60053||09|102|1667|Urbano|09
60156|Movimiento Antorchista|Colonia|Uruapan|Michoacán de Ocampo|Uruapan|60053|16|60053||09|102|1669|Urbano|09
60156|Obrera Popular|Colonia|Uruapan|Michoacán de Ocampo|Uruapan|60053|16|60053||09|102|1670|Urbano|09
60156|Río Volga|Colonia|Uruapan|Michoacán de Ocampo|Uruapan|60053|16|60053||09|102|3574|Urbano|09
60156|Tejerías|Colonia|Uruapan|Michoacán de Ocampo|Uruapan|60053|16|60053||09|102|3575|Urbano|09
60156|Los Lagos|Colonia|Uruapan|Michoacán de Ocampo|Uruapan|60053|16|60053||09|102|4649|Urbano|09
60156|Mario Moreno Reyes|Colonia|Uruapan|Michoacán de Ocampo|Uruapan|60053|16|60053||09|102|4651|Urbano|09
60156|Monarca|Colonia|Uruapan|Michoacán de Ocampo|Uruapan|60053|16|60053||09|102|4652|Urbano|09
60156|19 de Marzo|Colonia|Uruapan|Michoacán de Ocampo|Uruapan|60053|16|60053||09|102|4853|Urbano|09
60156|Electricistas|Colonia|Uruapan|Michoacán de Ocampo|Uruapan|60053|16|60053||09|102|4862|Urbano|09
60156|Genovevo Figueroa|Colonia|Uruapan|Michoacán de Ocampo|Uruapan|60053|16|60053||09|102|4866|Urbano|09
60156|Gobernadores|Colonia|Uruapan|Michoacán de Ocampo|Uruapan|60053|16|60053||09|102|4867|Urbano|09
60156|Los Fresnos|Colonia|Uruapan|Michoacán de Ocampo|Uruapan|60053|16|60053||09|102|4878|Urbano|09
60156|Santa Catarina|Colonia|Uruapan|Michoacán de Ocampo|Uruapan|60053|16|60053||09|102|4886|Urbano|09
60156|Sauces|Colonia|Uruapan|Michoacán de Ocampo|Uruapan|60053|16|60053||09|102|4887|Urbano|09
60156|Frisias|Fraccionamiento|Uruapan|Michoacán de Ocampo|Uruapan|60053|16|60053||21|102|4890|Urbano|09
60157|Hacienda Real|Fraccionamiento|Uruapan|Michoacán de Ocampo|Uruapan|60053|16|60053||21|102|0007|Urbano|09
60157|10 de Abril|Colonia|Uruapan|Michoacán de Ocampo|Uruapan|60053|16|60053||09|102|0012|Urbano|09
60157|Mapeco|Colonia|Uruapan|Michoacán de Ocampo|Uruapan|60053|16|60053||09|102|1671|Urbano|09
60157|San Francisco Uruapan|Fraccionamiento|Uruapan|Michoacán de Ocampo|Uruapan|60053|16|60053||21|102|1672|Urbano|09
60157|Laguna del Ahogado|Colonia|Uruapan|Michoacán de Ocampo|Uruapan|60053|16|60053||09|102|4645|Urbano|09
60157|Luis Donaldo Colosio|Colonia|Uruapan|Michoacán de Ocampo|Uruapan|60053|16|60053||09|102|4650|Urbano|09
60157|Planetario|Colonia|Uruapan|Michoacán de Ocampo|Uruapan|60053|16|60053||09|102|4653|Urbano|09
60157|Predio de Calderón|Colonia|Uruapan|Michoacán de Ocampo|Uruapan|60053|16|60053||09|102|4655|Urbano|09
60157|Predio Popular La Laguna|Colonia|Uruapan|Michoacán de Ocampo|Uruapan|60053|16|60053||09|102|4656|Urbano|09
60157|San Luis I|Colonia|Uruapan|Michoacán de Ocampo|Uruapan|60053|16|60053||09|102|4659|Urbano|09
60157|San Luis II|Colonia|Uruapan|Michoacán de Ocampo|Uruapan|60053|16|60053||09|102|4660|Urbano|09
60157|Zapatista|Colonia|Uruapan|Michoacán de Ocampo|Uruapan|60053|16|60053||09|102|4806|Urbano|09
60157|Valle Real|Colonia|Uruapan|Michoacán de Ocampo|Uruapan|60053|16|60053||09|102|4820|Urbano|09
60157|Clavellinas|Colonia|Uruapan|Michoacán de Ocampo|Uruapan|60053|16|60053||09|102|4859|Urbano|09
60157|Clara Córdoba Morán|Colonia|Uruapan|Michoacán de Ocampo|Uruapan|60053|16|60053||09|102|5533|Urbano|09
60160|Las Hadas|Fraccionamiento|Uruapan|Michoacán de Ocampo|Uruapan|60053|16|60053||21|102|0006|Urbano|09
60160|FOVISSSTE|Unidad habitacional|Uruapan|Michoacán de Ocampo|Uruapan|60053|16|60053||31|102|1674|Urbano|09
60160|FOVISSSTE Mirador|Colonia|Uruapan|Michoacán de Ocampo|Uruapan|60053|16|60053||09|102|1675|Urbano|09
60160|Granja Linda|Colonia|Uruapan|Michoacán de Ocampo|Uruapan|60053|16|60053||09|102|1676|Urbano|09
60160|Los Angeles|Colonia|Uruapan|Michoacán de Ocampo|Uruapan|60053|16|60053||09|102|1677|Urbano|09
60160|Miraflores|Colonia|Uruapan|Michoacán de Ocampo|Uruapan|60053|16|60053||09|102|1678|Urbano|09
60160|San José Obrero|Colonia|Uruapan|Michoacán de Ocampo|Uruapan|60053|16|60053||09|102|1679|Urbano|09
60160|Paseo Los Ángeles|Colonia|Uruapan|Michoacán de Ocampo|Uruapan|60053|16|60053||09|102|4882|Urbano|09
60170|Diamante FOVISSSTE|Unidad habitacional|Uruapan|Michoacán de Ocampo|Uruapan|60053|16|60053||31|102|0970|Urbano|09
60170|La Joyita|Colonia|Uruapan|Michoacán de Ocampo|Uruapan|60053|16|60053||09|102|1684|Urbano|09
60170|Las Palomas|Colonia|Uruapan|Michoacán de Ocampo|Uruapan|60053|16|60053||09|102|1685|Urbano|09
60170|Las Primaveras|Fraccionamiento|Uruapan|Michoacán de Ocampo|Uruapan|60053|16|60053||21|102|1686|Urbano|09
60170|Viveros|Colonia|Uruapan|Michoacán de Ocampo|Uruapan|60053|16|60053||09|102|1687|Urbano|09
60170|Los Aguacates|Unidad habitacional|Uruapan|Michoacán de Ocampo|Uruapan|60053|16|60053||31|102|3566|Urbano|09
60173|Llanos de La Magdalena|Colonia|Uruapan|Michoacán de Ocampo|Uruapan|60053|16|60053||09|102|1688|Urbano|09
60173|Molino Del Rey|Fraccionamiento|Uruapan|Michoacán de Ocampo|Uruapan|60053|16|60053||21|102|1689|Urbano|09
60173|Patria INFONAVIT|Colonia|Uruapan|Michoacán de Ocampo|Uruapan|60053|16|60053||09|102|1690|Urbano|09
60173|Villa de La Magdalena|Colonia|Uruapan|Michoacán de Ocampo|Uruapan|60053|16|60053||09|102|1691|Urbano|09
60174|Aeropuerto INFONAVIT|Colonia|Uruapan|Michoacán de Ocampo|Uruapan|60053|16|60053||09|102|1692|Urbano|09
60175|Rinconada del Pinar|Colonia|Uruapan|Michoacán de Ocampo|Uruapan|60053|16|60053||09|102|4885|Urbano|09
60180|Emiliano Zapata|Colonia|Uruapan|Michoacán de Ocampo|Uruapan|60053|16|60053||09|102|1694|Urbano|09
60180|La Soledad|Colonia|Uruapan|Michoacán de Ocampo|Uruapan|60053|16|60053||09|102|1696|Urbano|09
60180|Santa Bárbara|Fraccionamiento|Uruapan|Michoacán de Ocampo|Uruapan|60053|16|60053||21|102|3418|Urbano|09
60180|Santa Bárbara 2da Sección|Fraccionamiento|Uruapan|Michoacán de Ocampo|Uruapan|60053|16|60053||21|102|3570|Urbano|09
60183|Jardines Del Bosque|Fraccionamiento|Uruapan|Michoacán de Ocampo|Uruapan|60053|16|60053||21|102|1698|Urbano|09
60183|Residencial Cupatitzio|Colonia|Uruapan|Michoacán de Ocampo|Uruapan|60053|16|60053||09|102|1700|Urbano|09
60190|Alfa 1 INFONAVIT|Unidad habitacional|Uruapan|Michoacán de Ocampo|Uruapan|60053|16|60053||31|102|0956|Urbano|09
60190|Granja Santa Rosa|Colonia|Uruapan|Michoacán de Ocampo|Uruapan|60053|16|60053||09|102|1702|Urbano|09
60190|Movimiento Magisterial|Colonia|Uruapan|Michoacán de Ocampo|Uruapan|60053|16|60053||09|102|1703|Urbano|09
60190|Paseo de La Loma|Colonia|Uruapan|Michoacán de Ocampo|Uruapan|60053|16|60053||09|102|1704|Urbano|09
60190|Río Verde|Colonia|Uruapan|Michoacán de Ocampo|Uruapan|60053|16|60053||09|102|1705|Urbano|09
60190|Zumpimito|Colonia|Uruapan|Michoacán de Ocampo|Uruapan|60053|16|60053||09|102|1706|Urbano|09
60190|Quirindavara|Fraccionamiento|Uruapan|Michoacán de Ocampo|Uruapan|60053|16|60053||21|102|3417|Urbano|09
60190|Paraíso|Fraccionamiento|Uruapan|Michoacán de Ocampo|Uruapan|60053|16|60053||21|102|3567|Urbano|09
60190|Bosques de San Javier|Colonia|Uruapan|Michoacán de Ocampo|Uruapan|60053|16|60053||09|102|3568|Urbano|09
60190|La Escondida INFONAVIT|Colonia|Uruapan|Michoacán de Ocampo|Uruapan|60053|16|60053||09|102|3569|Urbano|09
60190|Real Santa Rosa INFONAVIT|Conjunto habitacional|Uruapan|Michoacán de Ocampo|Uruapan|60053|16|60053||12|102|4657|Urbano|09
60190|Santa Rosa|Colonia|Uruapan|Michoacán de Ocampo|Uruapan|60053|16|60053||09|102|4663|Urbano|09
60190|Trabajadores de La Agricultura|Colonia|Uruapan|Michoacán de Ocampo|Uruapan|60053|16|60053||09|102|4677|Urbano|09
60190|Real de Zumpimito|Fraccionamiento|Uruapan|Michoacán de Ocampo|Uruapan|60053|16|60053||21|102|4739|Urbano|09
60190|Central de Abastos|Zona comercial|Uruapan|Michoacán de Ocampo|Uruapan|60053|16|60053||33|102|4858|Urbano|09
60190|Santa Mónica|Fraccionamiento|Uruapan|Michoacán de Ocampo|Uruapan|60053|16|60053||21|102|4927|Urbano|09
60193|Ampliación Zumpimito|Colonia|Uruapan|Michoacán de Ocampo|Uruapan|60053|16|60053||09|102|4854|Urbano|09
60193|Lomas de Zumpimito 3a. Sección|Colonia|Uruapan|Michoacán de Ocampo|Uruapan|60053|16|60053||09|102|4876|Urbano|09
60194|Artículo 27|Colonia|Uruapan|Michoacán de Ocampo|Uruapan|60053|16|60053||09|102|4855|Urbano|09
60194|Campestre Zumpimito|Colonia|Uruapan|Michoacán de Ocampo|Uruapan|60053|16|60053||09|102|4857|Urbano|09
60194|Olimpia|Fraccionamiento|Uruapan|Michoacán de Ocampo|Uruapan|60053|16|60053||21|102|4884|Urbano|09
60200|Nuevo Zirosto|Ranchería|Uruapan|Michoacán de Ocampo||60053|16|60053||29|102|1707|Rural|
60200|San Pedro|Barrio|Uruapan|Michoacán de Ocampo||60053|16|60053||02|102|5519|Rural|
60200|Camino Real de Zipicha|Ranchería|Uruapan|Michoacán de Ocampo||60053|16|60053||29|102|5619|Rural|
60201|Corupo|Pueblo|Uruapan|Michoacán de Ocampo||60053|16|60053||28|102|1708|Rural|
60202|Angahuan|Pueblo|Uruapan|Michoacán de Ocampo||60053|16|60053||28|102|1709|Urbano|
60202|Barrio El Calvario|Colonia|Uruapan|Michoacán de Ocampo||60053|16|60053||09|102|5605|Urbano|
60202|Barrio San Juan|Colonia|Uruapan|Michoacán de Ocampo||60053|16|60053||09|102|5606|Urbano|
60202|Barrio Guadalupe|Colonia|Uruapan|Michoacán de Ocampo||60053|16|60053||09|102|5607|Urbano|
60202|Barrio La Capilla|Colonia|Uruapan|Michoacán de Ocampo||60053|16|60053||09|102|5608|Urbano|
60202|Barrio San José|Colonia|Uruapan|Michoacán de Ocampo||60053|16|60053||09|102|5609|Urbano|
60202|Barrio Santiaguito|Colonia|Uruapan|Michoacán de Ocampo||60053|16|60053||09|102|5610|Urbano|
60203|Santa Ana Zirosto|Pueblo|Uruapan|Michoacán de Ocampo||60053|16|60053||28|102|1710|Rural|
60203|El Arenal|Colonia|Uruapan|Michoacán de Ocampo||60053|16|60053||09|102|5620|Rural|
60203|El Calvario|Colonia|Uruapan|Michoacán de Ocampo||60053|16|60053||09|102|5621|Rural|
60203|Los Llanos (El Rincón)|Ranchería|Uruapan|Michoacán de Ocampo||60053|16|60053||29|102|5622|Rural|
60203|Tzintzicátaro (El Arenal)|Colonia|Uruapan|Michoacán de Ocampo||60053|16|60053||09|102|5623|Rural|
60205|Huimbán|Ranchería|Uruapan|Michoacán de Ocampo||60053|16|60053||29|102|5624|Rural|
60206|El Durazno|Pueblo|Uruapan|Michoacán de Ocampo||60053|16|60053||28|102|5625|Rural|
60206|Las Cocinas|Pueblo|Uruapan|Michoacán de Ocampo||60053|16|60053||28|102|5626|Rural|
60207|Ismael Gómez Moreno|Ranchería|Uruapan|Michoacán de Ocampo||60053|16|60053||29|102|5627|Rural|
60210|Capacuaro|Pueblo|Uruapan|Michoacán de Ocampo||60253|16|60253||28|102|1711|Urbano|
60210|San Francisco|Barrio|Uruapan|Michoacán de Ocampo||60253|16|60253||02|102|5715|Urbano|
60211|Barrio San Sebastián|Colonia|Uruapan|Michoacán de Ocampo||60053|16|60053||09|102|5611|Urbano|
60211|Barrio San Mateo|Colonia|Uruapan|Michoacán de Ocampo||60053|16|60053||09|102|5612|Urbano|
60211|Barrio Guadalupe|Colonia|Uruapan|Michoacán de Ocampo||60053|16|60053||09|102|5613|Urbano|
60211|Barrio San José|Colonia|Uruapan|Michoacán de Ocampo||60053|16|60053||09|102|5614|Urbano|
60213|Zirapondiro|Pueblo|Uruapan|Michoacán de Ocampo||60053|16|60053||28|102|5629|Rural|
60215|La Tregua|Ranchería|Uruapan|Michoacán de Ocampo||60053|16|60053||29|102|5628|Rural|
60215|El Durazno (Rancho Alegre)|Ranchería|Uruapan|Michoacán de Ocampo||60053|16|60053||29|102|5630|Rural|
60215|El Capulín (CETIS Veintisiete)|Fraccionamiento|Uruapan|Michoacán de Ocampo||60053|16|60053||21|102|5631|Rural|
60215|La Trinidad|Ranchería|Uruapan|Michoacán de Ocampo||60053|16|60053||29|102|5632|Rural|
60215|Las Canoas (El Fresno)|Pueblo|Uruapan|Michoacán de Ocampo||60053|16|60053||28|102|5633|Rural|
60215|Quinta el Rosario|Ranchería|Uruapan|Michoacán de Ocampo||60053|16|60053||29|102|5634|Rural|
60215|Señor Pepe Laguna|Ranchería|Uruapan|Michoacán de Ocampo||60053|16|60053||29|102|5635|Rural|
60215|La Sierra|Ranchería|Uruapan|Michoacán de Ocampo||60053|16|60053||29|102|5636|Rural|
60216|San José Obrero|Ranchería|Uruapan|Michoacán de Ocampo||60053|16|60053||29|102|5638|Rural|
60220|Caltzontzin|Pueblo|Uruapan|Michoacán de Ocampo||60053|16|60053||28|102|1713|Urbano|
60220|Barrio Guadalupe|Colonia|Uruapan|Michoacán de Ocampo||60053|16|60053||09|102|5615|Urbano|
60220|Barrio San Francisco|Colonia|Uruapan|Michoacán de Ocampo||60053|16|60053||09|102|5616|Urbano|
60220|San Salvador|Colonia|Uruapan|Michoacán de Ocampo||60053|16|60053||09|102|5617|Urbano|
60220|La Tabiquera|Pueblo|Uruapan|Michoacán de Ocampo||60053|16|60053||28|102|5639|Urbano|
60222|Toreo el Alto|Pueblo|Uruapan|Michoacán de Ocampo||60053|16|60053||28|102|1715|Rural|
60223|Toreo el Bajo|Pueblo|Uruapan|Michoacán de Ocampo||60053|16|60053||28|102|1716|Urbano|
60223|El Sabino|Ejido|Uruapan|Michoacán de Ocampo||60053|16|60053||15|102|3627|Rural|
60223|Canoas Viejas|Ranchería|Uruapan|Michoacán de Ocampo||60053|16|60053||29|102|5640|Rural|
60223|San Miguel|Rancho|Uruapan|Michoacán de Ocampo||60053|16|60053||48|102|5641|Rural|
60223|Huitzicho (Huizicho)|Pueblo|Uruapan|Michoacán de Ocampo||60053|16|60053||28|102|5642|Rural|
60223|La Cofradía|Pueblo|Uruapan|Michoacán de Ocampo||60053|16|60053||28|102|5643|Rural|
60223|Las Pajas|Pueblo|Uruapan|Michoacán de Ocampo||60053|16|60053||28|102|5644|Rural|
60223|Plan de Tiamba|Ejido|Uruapan|Michoacán de Ocampo||60053|16|60053||15|102|5645|Rural|
60223|Tiamba|Ranchería|Uruapan|Michoacán de Ocampo||60053|16|60053||29|102|5646|Rural|
60224|La Alberca|Pueblo|Uruapan|Michoacán de Ocampo||60053|16|60053||28|102|5647|Rural|
60224|La Bellota|Pueblo|Uruapan|Michoacán de Ocampo||60053|16|60053||28|102|5648|Rural|
60225|La Aurora|Pueblo|Uruapan|Michoacán de Ocampo||60053|16|60053||28|102|5652|Rural|
60225|La Cortina|Pueblo|Uruapan|Michoacán de Ocampo||60053|16|60053||28|102|5653|Rural|
60225|La Providencia (La Lagunita)|Ranchería|Uruapan|Michoacán de Ocampo||60053|16|60053||29|102|5654|Rural|
60226|El Puerto|Pueblo|Uruapan|Michoacán de Ocampo||60053|16|60053||28|102|0013|Rural|
60226|Cario|Ranchería|Uruapan|Michoacán de Ocampo||60053|16|60053||29|102|5655|Rural|
60226|El Ucas (El Hucas)|Ranchería|Uruapan|Michoacán de Ocampo||60053|16|60053||29|102|5656|Rural|
60226|La Huizachera|Pueblo|Uruapan|Michoacán de Ocampo||60053|16|60053||28|102|5657|Rural|
60226|La Joya de los Chivos|Pueblo|Uruapan|Michoacán de Ocampo||60053|16|60053||28|102|5658|Rural|
60226|Los Tanques (El Túnel)|Ranchería|Uruapan|Michoacán de Ocampo||60053|16|60053||29|102|5659|Rural|
60226|Mata de Plátano|Pueblo|Uruapan|Michoacán de Ocampo||60053|16|60053||28|102|5660|Rural|
60226|San José del Puerto|Pueblo|Uruapan|Michoacán de Ocampo||60053|16|60053||28|102|5661|Rural|
60227|Lázaro Cárdenas|Pueblo|Uruapan|Michoacán de Ocampo||60053|16|60053||28|102|5662|Rural|
60227|Mesa el Sorumutal (Joya de la Guerra)|Pueblo|Uruapan|Michoacán de Ocampo||60053|16|60053||28|102|5663|Rural|
60227|Mesón de la Guerra|Pueblo|Uruapan|Michoacán de Ocampo||60053|16|60053||28|102|5664|Rural|
60227|Mesa Cristóbal|Ranchería|Uruapan|Michoacán de Ocampo||60053|16|60053||29|102|5665|Rural|
60227|San Marcos|Ejido|Uruapan|Michoacán de Ocampo||60053|16|60053||15|102|5666|Rural|
60230|Cutzato (Cuisato)|Ranchería|Uruapan|Michoacán de Ocampo||60053|16|60053||29|102|1717|Rural|
60230|Jucutacato|Ejido|Uruapan|Michoacán de Ocampo||60053|16|60053||15|102|1718|Rural|
60230|La Joya|Ranchería|Uruapan|Michoacán de Ocampo||60053|16|60053||29|102|5670|Rural|
60230|La Joya (Joya de Caripán)|Ranchería|Uruapan|Michoacán de Ocampo||60053|16|60053||29|102|5671|Rural|
60230|Loma Bonita|Colonia|Uruapan|Michoacán de Ocampo||60053|16|60053||09|102|5672|Rural|
60230|Mesa Caripán|Pueblo|Uruapan|Michoacán de Ocampo||60053|16|60053||28|102|5673|Rural|
60230|Mesa de la Guerra (San Manuel)|Pueblo|Uruapan|Michoacán de Ocampo||60053|16|60053||28|102|5674|Rural|
60233|Tanaxuri (Tanachuri)|Ranchería|Uruapan|Michoacán de Ocampo||60053|16|60053||29|102|4667|Rural|
60233|Rincón de las Águilas|Ranchería|Uruapan|Michoacán de Ocampo||60053|16|60053||29|102|5637|Rural|
60233|Paso de Tierra Caliente (Kilómetro 7.5)|Ranchería|Uruapan|Michoacán de Ocampo||60053|16|60053||29|102|5675|Rural|
60234|Chimilpa (El Zapote)|Ranchería|Uruapan|Michoacán de Ocampo||60053|16|60053||29|102|5676|Rural|
60234|El Calvario|Colonia|Uruapan|Michoacán de Ocampo||60053|16|60053||09|102|5677|Rural|
60234|El Madroño|Ranchería|Uruapan|Michoacán de Ocampo||60053|16|60053||29|102|5678|Rural|
60234|La Rosa de San Juan (El Palmito)|Ranchería|Uruapan|Michoacán de Ocampo||60053|16|60053||29|102|5679|Rural|
60234|Las Yeguas|Pueblo|Uruapan|Michoacán de Ocampo||60053|16|60053||28|102|5680|Rural|
60234|San Jorge|Pueblo|Uruapan|Michoacán de Ocampo||60053|16|60053||28|102|5681|Rural|
60234|San Martín Buenos Aires (Piedra Partida)|Pueblo|Uruapan|Michoacán de Ocampo||60053|16|60053||28|102|5682|Rural|
60235|El Arroyo Colorado|Pueblo|Uruapan|Michoacán de Ocampo||60053|16|60053||28|102|1719|Rural|
60235|Campamento Zumpimito (La Planta)|Equipamiento|Uruapan|Michoacán de Ocampo||60053|16|60053||17|102|5683|Rural|
60235|Chicharrón (El Tule)|Ranchería|Uruapan|Michoacán de Ocampo||60053|16|60053||29|102|5684|Rural|
60235|Copitiro (La Carmina)|Ranchería|Uruapan|Michoacán de Ocampo||60053|16|60053||29|102|5685|Rural|
60235|El Durazno|Pueblo|Uruapan|Michoacán de Ocampo||60053|16|60053||28|102|5687|Rural|
60235|El Manguito|Ranchería|Uruapan|Michoacán de Ocampo||60053|16|60053||29|102|5688|Rural|
60235|Jaramillo|Pueblo|Uruapan|Michoacán de Ocampo||60053|16|60053||28|102|5689|Rural|
60235|La Higuera|Pueblo|Uruapan|Michoacán de Ocampo||60053|16|60053||28|102|5690|Rural|
60235|La Soledad|Ranchería|Uruapan|Michoacán de Ocampo||60053|16|60053||29|102|5691|Rural|
60235|La Unión|Pueblo|Uruapan|Michoacán de Ocampo||60053|16|60053||28|102|5692|Rural|
60235|Lagunillas (Las Carmelitas)|Ranchería|Uruapan|Michoacán de Ocampo||60053|16|60053||29|102|5693|Rural|
60235|Mata de Plátano (Los Cuadros)|Ranchería|Uruapan|Michoacán de Ocampo||60053|16|60053||29|102|5694|Rural|
60235|Matanguarán (San José del Valle)|Pueblo|Uruapan|Michoacán de Ocampo||60053|16|60053||28|102|5695|Rural|
60235|Rancho Viejo|Ranchería|Uruapan|Michoacán de Ocampo||60053|16|60053||29|102|5696|Rural|
60235|San Martín (Chabela)|Ranchería|Uruapan|Michoacán de Ocampo||60053|16|60053||29|102|5697|Rural|
60235|San Pedro Jucutácato (Crucero a Matanguarán)|Ranchería|Uruapan|Michoacán de Ocampo||60053|16|60053||29|102|5698|Rural|
60235|Tiracaticho|Ranchería|Uruapan|Michoacán de Ocampo||60053|16|60053||29|102|5699|Rural|
60235|Tzaráracua|Ejido|Uruapan|Michoacán de Ocampo||60053|16|60053||15|102|5700|Rural|
60235|La Loma|Colonia|Uruapan|Michoacán de Ocampo||60053|16|60053||09|102|5730|Rural|
60236|Belén|Fraccionamiento|Uruapan|Michoacán de Ocampo||60053|16|60053||21|102|5701|Rural|
60236|El Fresno|Ranchería|Uruapan|Michoacán de Ocampo||60053|16|60053||29|102|5702|Rural|
60236|El Molinito|Ranchería|Uruapan|Michoacán de Ocampo||60053|16|60053||29|102|5703|Rural|
60236|La Caratacua|Pueblo|Uruapan|Michoacán de Ocampo||60053|16|60053||28|102|5704|Rural|
60236|La Codorniz|Pueblo|Uruapan|Michoacán de Ocampo||60053|16|60053||28|102|5705|Rural|
60236|Orapóndiro|Pueblo|Uruapan|Michoacán de Ocampo||60053|16|60053||28|102|5707|Rural|
60237|Betania|Ranchería|Uruapan|Michoacán de Ocampo||60053|16|60053||29|102|5708|Rural|
60237|Jicalán Viejo (La Laguna)|Rancho|Uruapan|Michoacán de Ocampo||60053|16|60053||48|102|5709|Rural|
60237|La Lobera|Pueblo|Uruapan|Michoacán de Ocampo||60053|16|60053||28|102|5710|Rural|
60237|La Paja|Pueblo|Uruapan|Michoacán de Ocampo||60053|16|60053||28|102|5711|Rural|
60237|La Plaza|Ranchería|Uruapan|Michoacán de Ocampo||60053|16|60053||29|102|5712|Rural|
60237|Las Ánimas|Pueblo|Uruapan|Michoacán de Ocampo||60053|16|60053||28|102|5713|Rural|
60237|Nuevo San Martín (Piedra Partida)|Pueblo|Uruapan|Michoacán de Ocampo||60053|16|60053||28|102|5714|Rural|
60240|San Andrés|Barrio|Charapan|Michoacán de Ocampo||60053|16|60053||02|021|0002|Urbano|
60240|San Bartolo|Barrio|Charapan|Michoacán de Ocampo||60053|16|60053||02|021|0003|Urbano|
60240|San Lorenzo|Barrio|Charapan|Michoacán de Ocampo||60053|16|60053||02|021|0004|Urbano|
60240|San Miguel|Barrio|Charapan|Michoacán de Ocampo||60053|16|60053||02|021|0005|Urbano|
60240|Santo Santiago|Barrio|Charapan|Michoacán de Ocampo||60053|16|60053||02|021|0006|Urbano|
60240|Charapan|Pueblo|Charapan|Michoacán de Ocampo||60053|16|60053||28|021|1722|Urbano|
60242|Ocumicho|Pueblo|Charapan|Michoacán de Ocampo||59751|16|59751||28|021|1724|Urbano|
60244|Cocucho|Pueblo|Charapan|Michoacán de Ocampo||60053|16|60053||28|021|1721|Urbano|
60246|San Felipe de los Herreros|Ranchería|Charapan|Michoacán de Ocampo||60053|16|60053||29|021|1723|Rural|
60247|Cruz de Piedra|Rancho|Charapan|Michoacán de Ocampo||60053|16|60053||48|021|0001|Rural|
60250|Paracho de Verduzco Centro|Colonia|Paracho|Michoacán de Ocampo|Paracho de Verduzco|60253|16|60253||09|065|1727|Urbano|13
60251|Villa Magisterial|Unidad habitacional|Paracho|Michoacán de Ocampo|Paracho de Verduzco|60253|16|60253||31|065|2920|Urbano|13
60251|Balcones de Cumbuen|Colonia|Paracho|Michoacán de Ocampo|Paracho de Verduzco|60253|16|60253||09|065|2921|Urbano|13
60251|Purepechas|Fraccionamiento|Paracho|Michoacán de Ocampo|Paracho de Verduzco|60253|16|60253||21|065|2922|Urbano|13
60252|Los Cedros|Colonia|Paracho|Michoacán de Ocampo|Paracho de Verduzco|60253|16|60253||09|065|2939|Urbano|13
60252|Paracho|Unidad habitacional|Paracho|Michoacán de Ocampo|Paracho de Verduzco|60253|16|60253||31|065|2940|Urbano|13
60252|San José|Unidad habitacional|Paracho|Michoacán de Ocampo|Paracho de Verduzco|60253|16|60253||31|065|2941|Urbano|13
60254|San Francisco|Colonia|Paracho|Michoacán de Ocampo|Paracho de Verduzco|60253|16|60253||09|065|2942|Urbano|13
60255|Santa Cecilia|Colonia|Paracho|Michoacán de Ocampo|Paracho de Verduzco|60253|16|60253||09|065|2938|Urbano|13
60256|Cuauhtémoc Cárdenas|Colonia|Paracho|Michoacán de Ocampo|Paracho de Verduzco|60253|16|60253||09|065|2933|Urbano|13
60256|Eduardo Ruiz|Colonia|Paracho|Michoacán de Ocampo|Paracho de Verduzco|60253|16|60253||09|065|2934|Urbano|13
60256|Lázaro Cárdenas|Colonia|Paracho|Michoacán de Ocampo|Paracho de Verduzco|60253|16|60253||09|065|2935|Urbano|13
60256|San Juan|Colonia|Paracho|Michoacán de Ocampo|Paracho de Verduzco|60253|16|60253||09|065|2936|Urbano|13
60256|El Pino|Colonia|Paracho|Michoacán de Ocampo|Paracho de Verduzco|60253|16|60253||09|065|2937|Urbano|13
60257|Materiales Mexicanos|Colonia|Paracho|Michoacán de Ocampo|Paracho de Verduzco|60253|16|60253||09|065|0002|Urbano|13
60257|Lomas de Taretzuruan|Colonia|Paracho|Michoacán de Ocampo|Paracho de Verduzco|60253|16|60253||09|065|0003|Urbano|13
60257|El Arenal|Colonia|Paracho|Michoacán de Ocampo|Paracho de Verduzco|60253|16|60253||09|065|2929|Urbano|13
60257|Villa Artesanal|Colonia|Paracho|Michoacán de Ocampo|Paracho de Verduzco|60253|16|60253||09|065|2930|Urbano|13
60257|12 de Diciembre|Colonia|Paracho|Michoacán de Ocampo|Paracho de Verduzco|60253|16|60253||09|065|2931|Urbano|13
60257|Patriotismo Mexicano|Colonia|Paracho|Michoacán de Ocampo|Paracho de Verduzco|60253|16|60253||09|065|2932|Urbano|13
60258|Prados del Sol|Colonia|Paracho|Michoacán de Ocampo|Paracho de Verduzco|60253|16|60253||09|065|0004|Urbano|13
60258|20 de Noviembre|Colonia|Paracho|Michoacán de Ocampo|Paracho de Verduzco|60253|16|60253||09|065|2926|Urbano|13
60258|Artesanos de la Educación|Colonia|Paracho|Michoacán de Ocampo|Paracho de Verduzco|60253|16|60253||09|065|2927|Urbano|13
60258|2 de Septiembre|Colonia|Paracho|Michoacán de Ocampo|Paracho de Verduzco|60253|16|60253||09|065|2928|Urbano|13
60259|Morelos|Fraccionamiento|Paracho|Michoacán de Ocampo|Paracho de Verduzco|60253|16|60253||21|065|2923|Urbano|13
60259|Lomas del Valle|Colonia|Paracho|Michoacán de Ocampo|Paracho de Verduzco|60253|16|60253||09|065|2924|Urbano|13
60259|Lindavista|Colonia|Paracho|Michoacán de Ocampo|Paracho de Verduzco|60253|16|60253||09|065|2925|Urbano|13
60260|Pomacuarán (Pomocuarán)|Pueblo|Paracho|Michoacán de Ocampo||60253|16|60253||28|065|1728|Rural|
60261|Arato|Pueblo|Paracho|Michoacán de Ocampo||60253|16|60253||28|065|1731|Rural|
60262|Nurio|Pueblo|Paracho|Michoacán de Ocampo||60253|16|60253||28|065|1726|Urbano|
60263|Santa María Urapicho|Pueblo|Paracho|Michoacán de Ocampo||60253|16|60253||28|065|1729|Rural|
60264|Ahuirán|Pueblo|Paracho|Michoacán de Ocampo||60253|16|60253||28|065|1725|Rural|
60265|Cherán Atzicuirín (Cheranástico)|Pueblo|Paracho|Michoacán de Ocampo||60253|16|60253||28|065|1733|Rural|
60266|Aranza (Arantzán)|Pueblo|Paracho|Michoacán de Ocampo||60253|16|60253||28|065|1730|Rural|
60267|Quinceo|Pueblo|Paracho|Michoacán de Ocampo||60253|16|60253||28|065|1734|Urbano|
60270|Cherán|Pueblo|Cherán|Michoacán de Ocampo||60272|16|60272||28|024|1735|Urbano|
60270|La Salud|Colonia|Cherán|Michoacán de Ocampo||60272|16|60272||09|024|6668|Urbano|
60270|San Pedro|Colonia|Cherán|Michoacán de Ocampo||60272|16|60272||09|024|6669|Urbano|
60271|Tanaco|Pueblo|Cherán|Michoacán de Ocampo||60272|16|60272||28|024|1736|Urbano|
60273|Casimiro Leco (El Cerecito)|Ranchería|Cherán|Michoacán de Ocampo||60272|16|60272||29|024|3890|Rural|
60273|Kilómetro Veintiuno|Ranchería|Cherán|Michoacán de Ocampo||60272|16|60272||29|024|6681|Rural|
60276|Cruciro|Ranchería|Cherán|Michoacán de Ocampo||60272|16|60272||29|024|0001|Rural|
60276|Tupukatiro|Rancho|Cherán|Michoacán de Ocampo||60272|16|60272||48|024|6679|Rural|
60276|Copuro|Rancho|Cherán|Michoacán de Ocampo||60272|16|60272||48|024|6680|Rural|
60276|Tzerémbaro|Rancho|Cherán|Michoacán de Ocampo||60272|16|60272||48|024|6682|Rural|
60280|Emiliano Zapata|Colonia|Nahuatzen|Michoacán de Ocampo||60272|16|60272||09|056|0001|Urbano|
60280|El Cerecito|Fraccionamiento|Nahuatzen|Michoacán de Ocampo||60272|16|60272||21|056|0002|Urbano|
60280|El Durazno|Colonia|Nahuatzen|Michoacán de Ocampo||60272|16|60272||09|056|0003|Urbano|
60280|Guadalupe|Colonia|Nahuatzen|Michoacán de Ocampo||60272|16|60272||09|056|0004|Urbano|
60280|Los Girasoles|Fraccionamiento|Nahuatzen|Michoacán de Ocampo||60272|16|60272||21|056|0005|Urbano|
60280|Luis Martínez Villicaña|Colonia|Nahuatzen|Michoacán de Ocampo||60272|16|60272||09|056|0006|Urbano|
60280|San Francisco|Colonia|Nahuatzen|Michoacán de Ocampo||60272|16|60272||09|056|0007|Urbano|
60280|San Luis Rey|Colonia|Nahuatzen|Michoacán de Ocampo||60272|16|60272||09|056|0008|Urbano|
60280|Santa Cecilia|Colonia|Nahuatzen|Michoacán de Ocampo||60272|16|60272||09|056|0009|Urbano|
60280|El Jacal|Colonia|Nahuatzen|Michoacán de Ocampo||60272|16|60272||09|056|0010|Urbano|
60280|El Tecojote|Colonia|Nahuatzen|Michoacán de Ocampo||60272|16|60272||09|056|0011|Urbano|
60280|Janiri 1|Fraccionamiento|Nahuatzen|Michoacán de Ocampo||60272|16|60272||21|056|0012|Urbano|
60280|Janiri 2|Fraccionamiento|Nahuatzen|Michoacán de Ocampo||60272|16|60272||21|056|0013|Urbano|
60280|La Loma|Fraccionamiento|Nahuatzen|Michoacán de Ocampo||60272|16|60272||21|056|0014|Urbano|
60280|Lindavista|Fraccionamiento|Nahuatzen|Michoacán de Ocampo||60272|16|60272||21|056|0015|Urbano|
60280|Llano Grande|Fraccionamiento|Nahuatzen|Michoacán de Ocampo||60272|16|60272||21|056|0016|Urbano|
60280|Los Pinos|Fraccionamiento|Nahuatzen|Michoacán de Ocampo||60272|16|60272||21|056|0017|Urbano|
60280|Santa Cruz|Colonia|Nahuatzen|Michoacán de Ocampo||60272|16|60272||09|056|0018|Urbano|
60280|Tzipicu|Fraccionamiento|Nahuatzen|Michoacán de Ocampo||60272|16|60272||21|056|0019|Urbano|
60280|San Antonio|Colonia|Nahuatzen|Michoacán de Ocampo||60272|16|60272||09|056|0023|Urbano|
60280|Nahuatzen|Pueblo|Nahuatzen|Michoacán de Ocampo||60272|16|60272||28|056|1740|Urbano|
60282|El Padre|Rancho|Nahuatzen|Michoacán de Ocampo||60272|16|60272||48|056|0021|Rural|
60282|Arantepacua|Pueblo|Nahuatzen|Michoacán de Ocampo||60272|16|60272||28|056|1743|Urbano|
60283|Comachuén|Pueblo|Nahuatzen|Michoacán de Ocampo||60272|16|60272||28|056|1744|Urbano|
60284|Emiliano Zapata|Colonia|Nahuatzen|Michoacán de Ocampo||60272|16|60272||09|056|0020|Rural|
60284|La Mojonera|Pueblo|Nahuatzen|Michoacán de Ocampo||60272|16|60272||28|056|1742|Rural|
60284|San Isidro|Pueblo|Nahuatzen|Michoacán de Ocampo||60272|16|60272||28|056|1745|Rural|
60285|Turícuaro|Pueblo|Nahuatzen|Michoacán de Ocampo||60272|16|60272||28|056|1746|Urbano|
60286|Santo Santiago|Barrio|Nahuatzen|Michoacán de Ocampo||60272|16|60272||02|056|0022|Urbano|
60286|Sevina|Pueblo|Nahuatzen|Michoacán de Ocampo||60272|16|60272||28|056|1741|Urbano|
60287|El Pino|Ranchería|Nahuatzen|Michoacán de Ocampo||60272|16|60272||29|056|1739|Rural|
60290|Camelinas|Fraccionamiento|Tingambato|Michoacán de Ocampo||60053|16|60053||21|090|0001|Urbano|
60290|Chuscatiro|Colonia|Tingambato|Michoacán de Ocampo||60053|16|60053||09|090|0002|Urbano|
60290|Cuarto|Barrio|Tingambato|Michoacán de Ocampo||60053|16|60053||02|090|0003|Urbano|
60290|Del Molinito|Colonia|Tingambato|Michoacán de Ocampo||60053|16|60053||09|090|0004|Urbano|
60290|Fuentes del Pedregal|Fraccionamiento|Tingambato|Michoacán de Ocampo||60053|16|60053||21|090|0005|Urbano|
60290|Itzihuapan|Fraccionamiento|Tingambato|Michoacán de Ocampo||60053|16|60053||21|090|0006|Urbano|
60290|La Antorcha|Colonia|Tingambato|Michoacán de Ocampo||60053|16|60053||09|090|0007|Urbano|
60290|Las Charanditas|Colonia|Tingambato|Michoacán de Ocampo||60053|16|60053||09|090|0008|Urbano|
60290|Pascual Villanueva|Colonia|Tingambato|Michoacán de Ocampo||60053|16|60053||09|090|0009|Urbano|
60290|Primero|Barrio|Tingambato|Michoacán de Ocampo||60053|16|60053||02|090|0010|Urbano|
60290|San Francisco|Colonia|Tingambato|Michoacán de Ocampo||60053|16|60053||09|090|0011|Urbano|
60290|Segundo|Barrio|Tingambato|Michoacán de Ocampo||60053|16|60053||02|090|0012|Urbano|
60290|Tercero|Barrio|Tingambato|Michoacán de Ocampo||60053|16|60053||02|090|0013|Urbano|
60290|Tingambato|Pueblo|Tingambato|Michoacán de Ocampo||60053|16|60053||28|090|1747|Urbano|
60293|La Escondida|Ranchería|Tingambato|Michoacán de Ocampo||60053|16|60053||29|090|1749|Rural|
60294|Parangüitiro|Rancho|Tingambato|Michoacán de Ocampo||60053|16|60053||48|090|0021|Rural|
60294|Angachuén|Ranchería|Tingambato|Michoacán de Ocampo||60053|16|60053||29|090|4774|Rural|
60294|El Mesón|Ranchería|Tingambato|Michoacán de Ocampo||60053|16|60053||29|090|4775|Rural|
60295|El Bosque|Rancho|Tingambato|Michoacán de Ocampo||60053|16|60053||48|090|0020|Rural|
60297|San Bartolo Primero|Barrio|Tingambato|Michoacán de Ocampo||60053|16|60053||02|090|0014|Urbano|
60297|San Bartolo Segundo|Barrio|Tingambato|Michoacán de Ocampo||60053|16|60053||02|090|0015|Urbano|
60297|San Miguel|Barrio|Tingambato|Michoacán de Ocampo||60053|16|60053||02|090|0016|Urbano|
60297|Santo Tomás Primero|Barrio|Tingambato|Michoacán de Ocampo||60053|16|60053||02|090|0017|Urbano|
60297|Santo Tomás Segundo|Barrio|Tingambato|Michoacán de Ocampo||60053|16|60053||02|090|0018|Urbano|
60297|Santos Reyes|Barrio|Tingambato|Michoacán de Ocampo||60053|16|60053||02|090|0019|Urbano|
60297|San Francisco Pichataro|Pueblo|Tingambato|Michoacán de Ocampo||60053|16|60053||28|090|1748|Urbano|
60300|Centro|Colonia|Los Reyes|Michoacán de Ocampo|Los Reyes de Salgado|60381|16|60381||09|075|1750|Urbano|02
60320|La Paz|Colonia|Los Reyes|Michoacán de Ocampo|Los Reyes de Salgado|60381|16|60381||09|075|1753|Urbano|02
60322|Santa Cecilia|Colonia|Los Reyes|Michoacán de Ocampo|Los Reyes de Salgado|60381|16|60381||09|075|1755|Urbano|02
60324|Agua Blanca|Fraccionamiento|Los Reyes|Michoacán de Ocampo|Los Reyes de Salgado|60381|16|60381||21|075|4731|Urbano|02
60330|Lomas de San Juan|Colonia|Los Reyes|Michoacán de Ocampo|Los Reyes de Salgado|60381|16|60381||09|075|0043|Urbano|02
60330|Los Purengues|Fraccionamiento|Los Reyes|Michoacán de Ocampo|Los Reyes de Salgado|60381|16|60381||21|075|0044|Urbano|02
60330|Jardines de San Juan|Colonia|Los Reyes|Michoacán de Ocampo|Los Reyes de Salgado|60381|16|60381||09|075|1756|Urbano|02
60330|San Juan de Dios|Colonia|Los Reyes|Michoacán de Ocampo|Los Reyes de Salgado|60381|16|60381||09|075|1757|Urbano|02
60340|Lázaro Cárdenas|Colonia|Los Reyes|Michoacán de Ocampo|Los Reyes de Salgado|60381|16|60381||09|075|1758|Urbano|02
60350|Jardín|Colonia|Los Reyes|Michoacán de Ocampo|Los Reyes de Salgado|60381|16|60381||09|075|1759|Urbano|02
60360|Fray Juan de San Miguel|Fraccionamiento|Los Reyes|Michoacán de Ocampo|Los Reyes de Salgado|60381|16|60381||21|075|0040|Urbano|02
60360|Santa Rosa|Colonia|Los Reyes|Michoacán de Ocampo|Los Reyes de Salgado|60381|16|60381||09|075|1761|Urbano|02
60364|San Gabriel|Colonia|Los Reyes|Michoacán de Ocampo|Los Reyes de Salgado|60381|16|60381||09|075|0027|Urbano|02
60364|Salazar y Abasolo|Unidad habitacional|Los Reyes|Michoacán de Ocampo|Los Reyes de Salgado|60381|16|60381||31|075|0028|Urbano|02
60364|Jardines de San Gabriel|Fraccionamiento|Los Reyes|Michoacán de Ocampo|Los Reyes de Salgado|60381|16|60381||21|075|0029|Urbano|02
60364|El Molino|Fraccionamiento|Los Reyes|Michoacán de Ocampo|Los Reyes de Salgado|60381|16|60381||21|075|0032|Urbano|02
60364|Jardines del Paraíso|Fraccionamiento|Los Reyes|Michoacán de Ocampo|Los Reyes de Salgado|60381|16|60381||21|075|0045|Urbano|02
60364|Los Pinos|Fraccionamiento|Los Reyes|Michoacán de Ocampo|Los Reyes de Salgado|60381|16|60381||21|075|1762|Urbano|02
60364|Purembe|Fraccionamiento|Los Reyes|Michoacán de Ocampo|Los Reyes de Salgado|60381|16|60381||21|075|1763|Urbano|02
60364|San Gabriel III|Fraccionamiento|Los Reyes|Michoacán de Ocampo|Los Reyes de Salgado|60381|16|60381||21|075|3495|Urbano|02
60364|San Gabriel II|Fraccionamiento|Los Reyes|Michoacán de Ocampo|Los Reyes de Salgado|60381|16|60381||21|075|3500|Urbano|02
60364|San Gabriel I|Fraccionamiento|Los Reyes|Michoacán de Ocampo|Los Reyes de Salgado|60381|16|60381||21|075|3530|Urbano|02
60365|El Chorrito|Unidad habitacional|Los Reyes|Michoacán de Ocampo|Los Reyes de Salgado|60381|16|60381||31|075|3536|Urbano|02
60370|Los Mangos|Colonia|Los Reyes|Michoacán de Ocampo|Los Reyes de Salgado|60381|16|60381||09|075|0039|Urbano|02
60370|Carlos Gálvez Betancourt|Colonia|Los Reyes|Michoacán de Ocampo|Los Reyes de Salgado|60381|16|60381||09|075|1766|Urbano|02
60370|Sindicato Nacional Azucarero|Unidad habitacional|Los Reyes|Michoacán de Ocampo|Los Reyes de Salgado|60381|16|60381||31|075|1767|Urbano|02
60373|Brinco del Diablo|Colonia|Los Reyes|Michoacán de Ocampo|Los Reyes de Salgado|60381|16|60381||09|075|0023|Urbano|02
60373|Privada Salazar|Fraccionamiento|Los Reyes|Michoacán de Ocampo|Los Reyes de Salgado|60381|16|60381||21|075|0024|Urbano|02
60373|San Gabriel|Condominio|Los Reyes|Michoacán de Ocampo|Los Reyes de Salgado|60381|16|60381||10|075|0025|Urbano|02
60373|Sindicato Nacional Azucarero|Fraccionamiento|Los Reyes|Michoacán de Ocampo|Los Reyes de Salgado|60381|16|60381||21|075|0026|Urbano|02
60373|Llanos de San Gabriel|Fraccionamiento|Los Reyes|Michoacán de Ocampo|Los Reyes de Salgado|60381|16|60381||21|075|1768|Urbano|02
60373|Villa Oriental|Fraccionamiento|Los Reyes|Michoacán de Ocampo|Los Reyes de Salgado|60381|16|60381||21|075|1769|Urbano|02
60373|Oasis de Itzicuaro|Fraccionamiento|Los Reyes|Michoacán de Ocampo|Los Reyes de Salgado|60381|16|60381||21|075|3533|Urbano|02
60374|Independencia|Colonia|Los Reyes|Michoacán de Ocampo|Los Reyes de Salgado|60381|16|60381||09|075|1770|Urbano|02
60374|Guadalupana|Colonia|Los Reyes|Michoacán de Ocampo|Los Reyes de Salgado|60381|16|60381||09|075|4107|Urbano|02
60376|Ampliación los Manantiales|Fraccionamiento|Los Reyes|Michoacán de Ocampo|Los Reyes de Salgado|60381|16|60381||21|075|0020|Urbano|02
60376|Manantiales|Fraccionamiento|Los Reyes|Michoacán de Ocampo|Los Reyes de Salgado|60381|16|60381||21|075|0021|Urbano|02
60376|El Manantial|Fraccionamiento|Los Reyes|Michoacán de Ocampo|Los Reyes de Salgado|60381|16|60381||21|075|0022|Urbano|02
60376|La Providencia|Colonia|Los Reyes|Michoacán de Ocampo|Los Reyes de Salgado|60381|16|60381||09|075|1771|Urbano|02
60377|Camino Real|Fraccionamiento|Los Reyes|Michoacán de Ocampo|Los Reyes de Salgado|60381|16|60381||21|075|0030|Urbano|02
60377|Villa Paraíso|Fraccionamiento|Los Reyes|Michoacán de Ocampo|Los Reyes de Salgado|60381|16|60381||21|075|0031|Urbano|02
60378|Altavista|Fraccionamiento|Los Reyes|Michoacán de Ocampo|Los Reyes de Salgado|60381|16|60381||21|075|0017|Urbano|02
60378|Fundación los Reyes 1594|Fraccionamiento|Los Reyes|Michoacán de Ocampo|Los Reyes de Salgado|60381|16|60381||21|075|0018|Urbano|02
60378|La Concordia|Fraccionamiento|Los Reyes|Michoacán de Ocampo|Los Reyes de Salgado|60381|16|60381||21|075|0019|Urbano|02
60378|Francisco Villa|Colonia|Los Reyes|Michoacán de Ocampo|Los Reyes de Salgado|60381|16|60381||09|075|1772|Urbano|02
60379|Monteverde|Fraccionamiento|Los Reyes|Michoacán de Ocampo|Los Reyes de Salgado|60381|16|60381||21|075|0049|Urbano|02
60379|Guadalajarita|Colonia|Los Reyes|Michoacán de Ocampo|Los Reyes de Salgado|60381|16|60381||09|075|1773|Urbano|02
60380|Las Fuentes|Fraccionamiento|Los Reyes|Michoacán de Ocampo|Los Reyes de Salgado|60381|16|60381||21|075|0041|Urbano|02
60380|Quinta Real|Colonia|Los Reyes|Michoacán de Ocampo|Los Reyes de Salgado|60381|16|60381||09|075|4931|Urbano|02
60384|México|Fraccionamiento|Los Reyes|Michoacán de Ocampo|Los Reyes de Salgado|60381|16|60381||21|075|0042|Urbano|02
60384|San José|Fraccionamiento|Los Reyes|Michoacán de Ocampo|Los Reyes de Salgado|60381|16|60381||21|075|4108|Urbano|02
60385|Eréndira|Fraccionamiento|Los Reyes|Michoacán de Ocampo|Los Reyes de Salgado|60381|16|60381||21|075|0014|Urbano|02
60385|Las Zirandas|Fraccionamiento|Los Reyes|Michoacán de Ocampo|Los Reyes de Salgado|60381|16|60381||21|075|0015|Urbano|02
60385|Nueva Eréndira|Fraccionamiento|Los Reyes|Michoacán de Ocampo|Los Reyes de Salgado|60381|16|60381||21|075|0016|Urbano|02
60385|Ferrocarril|Colonia|Los Reyes|Michoacán de Ocampo|Los Reyes de Salgado|60381|16|60381||09|075|0048|Urbano|02
60390|Emiliano Zapata|Colonia|Los Reyes|Michoacán de Ocampo|Los Reyes de Salgado|60381|16|60381||09|075|1777|Urbano|02
60390|Praderas de Itzicuaro|Fraccionamiento|Los Reyes|Michoacán de Ocampo|Los Reyes de Salgado|60381|16|60381||21|075|1778|Urbano|02
60390|Del Valle|Fraccionamiento|Los Reyes|Michoacán de Ocampo|Los Reyes de Salgado|60381|16|60381||21|075|4106|Urbano|02
60393|El Sol|Fraccionamiento|Los Reyes|Michoacán de Ocampo|Los Reyes de Salgado|60381|16|60381||21|075|0033|Urbano|02
60393|La Loma|Fraccionamiento|Los Reyes|Michoacán de Ocampo|Los Reyes de Salgado|60381|16|60381||21|075|0034|Urbano|02
60393|La Minzita|Fraccionamiento|Los Reyes|Michoacán de Ocampo|Los Reyes de Salgado|60381|16|60381||21|075|0035|Urbano|02
60393|Camelinas|Fraccionamiento|Los Reyes|Michoacán de Ocampo|Los Reyes de Salgado|60381|16|60381||21|075|4924|Urbano|02
60394|La Tortuguita|Colonia|Los Reyes|Michoacán de Ocampo|Los Reyes de Salgado|60381|16|60381||09|075|0036|Urbano|02
60394|Verde Valle|Fraccionamiento|Los Reyes|Michoacán de Ocampo|Los Reyes de Salgado|60381|16|60381||21|075|0037|Urbano|02
60394|Los Arcos|Fraccionamiento|Los Reyes|Michoacán de Ocampo|Los Reyes de Salgado|60381|16|60381||21|075|0038|Urbano|02
60394|Héroe de Nacozari|Colonia|Los Reyes|Michoacán de Ocampo|Los Reyes de Salgado|60381|16|60381||09|075|0047|Urbano|02
60400|Los Limones|Ranchería|Los Reyes|Michoacán de Ocampo||60381|16|60381||29|075|1779|Rural|
60400|Los Palillos|Ranchería|Los Reyes|Michoacán de Ocampo||60381|16|60381||29|075|1780|Rural|
60400|San Sebastián|Ranchería|Los Reyes|Michoacán de Ocampo||60381|16|60381||29|075|1781|Rural|
60401|Los Tejones|Rancho|Los Reyes|Michoacán de Ocampo||60381|16|60381||48|075|1782|Rural|
60403|La Calabaza|Rancho|Los Reyes|Michoacán de Ocampo||60381|16|60381||48|075|0002|Rural|
60410|Los Pozos (Tzirio Chico)|Ranchería|Los Reyes|Michoacán de Ocampo||60381|16|60381||29|075|0004|Rural|
60410|J. Jesús Díaz Tzirio|Pueblo|Los Reyes|Michoacán de Ocampo||60381|16|60381||28|075|1783|Rural|
60410|La Tinaja|Ranchería|Los Reyes|Michoacán de Ocampo||60381|16|60381||29|075|1784|Rural|
60413|La Zarzamora|Ranchería|Los Reyes|Michoacán de Ocampo||60381|16|60381||29|075|1785|Rural|
60414|Queréndaro|Ranchería|Los Reyes|Michoacán de Ocampo||60381|16|60381||29|075|0005|Rural|
60417|Chaniro (Xhaniro)|Ranchería|Los Reyes|Michoacán de Ocampo||59941|16|59941||29|075|0001|Rural|
60420|Atapan|Pueblo|Los Reyes|Michoacán de Ocampo||60381|16|60381||28|075|1786|Rural|
60421|Imbarácuaro|Ranchería|Los Reyes|Michoacán de Ocampo||60381|16|60381||29|075|1787|Rural|
60422|Oruscato|Ranchería|Los Reyes|Michoacán de Ocampo||60381|16|60381||29|075|1788|Rural|
60423|Cheratillo|Pueblo|Los Reyes|Michoacán de Ocampo||60381|16|60381||28|075|4028|Rural|
60424|San Rafael|Ranchería|Los Reyes|Michoacán de Ocampo||60381|16|60381||29|075|4109|Rural|
60425|La Higuerita (Colonia San Rafael)|Pueblo|Los Reyes|Michoacán de Ocampo||60381|16|60381||28|075|0003|Rural|
60425|La Loma|Rancho|Los Reyes|Michoacán de Ocampo||60381|16|60381||48|075|0011|Urbano|
60430|Pamatácuaro|Pueblo|Los Reyes|Michoacán de Ocampo||60381|16|60381||28|075|1789|Urbano|
60430|San Antonio Tierras Blancas|Ranchería|Los Reyes|Michoacán de Ocampo||60381|16|60381||29|075|1790|Rural|
60430|San Isidro|Ranchería|Los Reyes|Michoacán de Ocampo||60381|16|60381||29|075|1791|Rural|
60430|Urengüitiro (San Martín)|Ranchería|Los Reyes|Michoacán de Ocampo||60381|16|60381||29|075|1792|Rural|
60431|San Marcos|Ranchería|Los Reyes|Michoacán de Ocampo||60381|16|60381||29|075|0008|Rural|
60431|Sicuicho|Pueblo|Los Reyes|Michoacán de Ocampo||60381|16|60381||28|075|1793|Rural|
60432|San José de Gracia|Ranchería|Los Reyes|Michoacán de Ocampo||60381|16|60381||29|075|1794|Rural|
60432|Zacán|Pueblo|Los Reyes|Michoacán de Ocampo||60381|16|60381||28|075|1795|Rural|
60433|Cherato|Ranchería|Los Reyes|Michoacán de Ocampo||60381|16|60381||29|075|1796|Rural|
60433|La Palma|Ranchería|Los Reyes|Michoacán de Ocampo||60381|16|60381||29|075|1797|Rural|
60433|Dieciocho de Marzo|Pueblo|Los Reyes|Michoacán de Ocampo||60381|16|60381||28|075|4027|Rural|
60434|San Benito|Pueblo|Los Reyes|Michoacán de Ocampo||60381|16|60381||28|075|0006|Rural|
60434|San Luis (Surén)|Pueblo|Los Reyes|Michoacán de Ocampo||60381|16|60381||28|075|0007|Rural|
60434|Xirango de Pamatácuaro (Sombra Alegre)|Rancho|Los Reyes|Michoacán de Ocampo||60381|16|60381||48|075|0013|Rural|
60435|Santa Rosa|Ranchería|Los Reyes|Michoacán de Ocampo||60381|16|60381||29|075|0009|Rural|
60435|Taapan (Tapan)|Rancho|Los Reyes|Michoacán de Ocampo||60381|16|60381||48|075|0010|Rural|
60440|Álamo|Colonia|Peribán|Michoacán de Ocampo||60444|16|60444||09|068|0001|Urbano|
60440|Camelinas|Colonia|Peribán|Michoacán de Ocampo||60444|16|60444||09|068|0002|Urbano|
60440|Camichines|Colonia|Peribán|Michoacán de Ocampo||60444|16|60444||09|068|0003|Urbano|
60440|El Calvario|Colonia|Peribán|Michoacán de Ocampo||60444|16|60444||09|068|0004|Urbano|
60440|El Chirimoyo|Colonia|Peribán|Michoacán de Ocampo||60444|16|60444||09|068|0005|Urbano|
60440|El Escobal|Colonia|Peribán|Michoacán de Ocampo||60444|16|60444||09|068|0006|Urbano|
60440|El Girasol|Colonia|Peribán|Michoacán de Ocampo||60444|16|60444||09|068|0007|Urbano|
60440|El Molino|Colonia|Peribán|Michoacán de Ocampo||60444|16|60444||09|068|0008|Urbano|
60440|El Moral|Colonia|Peribán|Michoacán de Ocampo||60444|16|60444||09|068|0009|Urbano|
60440|El Pedregal|Colonia|Peribán|Michoacán de Ocampo||60444|16|60444||09|068|0010|Urbano|
60440|Guadalupe|Colonia|Peribán|Michoacán de Ocampo||60444|16|60444||09|068|0011|Urbano|
60440|Joya de la Ortiga|Fraccionamiento|Peribán|Michoacán de Ocampo||60444|16|60444||21|068|0012|Urbano|
60440|La Joyita|Colonia|Peribán|Michoacán de Ocampo||60444|16|60444||09|068|0013|Urbano|
60440|La Loma|Colonia|Peribán|Michoacán de Ocampo||60444|16|60444||09|068|0014|Urbano|
60440|La Loma II|Colonia|Peribán|Michoacán de Ocampo||60444|16|60444||09|068|0015|Urbano|
60440|La Noria|Colonia|Peribán|Michoacán de Ocampo||60444|16|60444||09|068|0016|Urbano|
60440|La Y Griega|Colonia|Peribán|Michoacán de Ocampo||60444|16|60444||09|068|0017|Urbano|
60440|Loma Verde|Colonia|Peribán|Michoacán de Ocampo||60444|16|60444||09|068|0018|Urbano|
60440|Los Cerritos|Colonia|Peribán|Michoacán de Ocampo||60444|16|60444||09|068|0019|Urbano|
60440|Los Fresnitos|Colonia|Peribán|Michoacán de Ocampo||60444|16|60444||09|068|0020|Urbano|
60440|Los Fresnos|Colonia|Peribán|Michoacán de Ocampo||60444|16|60444||09|068|0021|Urbano|
60440|Magisterial|Colonia|Peribán|Michoacán de Ocampo||60444|16|60444||09|068|0022|Urbano|
60440|San Javier|Colonia|Peribán|Michoacán de Ocampo||60444|16|60444||09|068|0023|Urbano|
60440|Tirinditas|Colonia|Peribán|Michoacán de Ocampo||60444|16|60444||09|068|0024|Urbano|
60440|Vistas del Valle|Colonia|Peribán|Michoacán de Ocampo||60444|16|60444||09|068|0025|Urbano|
60440|Peribán de Ramos|Pueblo|Peribán|Michoacán de Ocampo||60444|16|60444||28|068|1799|Urbano|
60440|Los Pinos|Fraccionamiento|Peribán|Michoacán de Ocampo||60444|16|60444||21|068|4740|Urbano|
60442|Agua Fría|Rancho|Peribán|Michoacán de Ocampo||60444|16|60444||48|068|0026|Rural|
60442|Copetiro|Ranchería|Peribán|Michoacán de Ocampo||60444|16|60444||29|068|0029|Rural|
60442|El Batellero|Rancho|Peribán|Michoacán de Ocampo||60444|16|60444||48|068|0034|Rural|
60442|El Huizache|Rancho|Peribán|Michoacán de Ocampo||60444|16|60444||48|068|0039|Rural|
60442|Quebraplato|Rancho|Peribán|Michoacán de Ocampo||60444|16|60444||48|068|0061|Rural|
60442|Tengüerán|Rancho|Peribán|Michoacán de Ocampo||60444|16|60444||48|068|0065|Rural|
60442|El Carrizalillo|Ranchería|Peribán|Michoacán de Ocampo||60444|16|60444||29|068|1803|Rural|
60443|Agua Fría|Rancho|Peribán|Michoacán de Ocampo||60444|16|60444||48|068|0027|Rural|
60443|Chulavista|Rancho|Peribán|Michoacán de Ocampo||60444|16|60444||48|068|0028|Rural|
60443|El Paraíso|Rancho|Peribán|Michoacán de Ocampo||60444|16|60444||48|068|0041|Rural|
60443|El Pinito|Rancho|Peribán|Michoacán de Ocampo||60444|16|60444||48|068|0042|Rural|
60443|Huatarillo|Ranchería|Peribán|Michoacán de Ocampo||60444|16|60444||29|068|0044|Rural|
60443|La Chiripa|Rancho|Peribán|Michoacán de Ocampo||60444|16|60444||48|068|0045|Rural|
60443|La Majada|Rancho|Peribán|Michoacán de Ocampo||60444|16|60444||48|068|0050|Rural|
60443|La Mesa|Rancho|Peribán|Michoacán de Ocampo||60444|16|60444||48|068|0051|Rural|
60443|Llanos de Peribán|Rancho|Peribán|Michoacán de Ocampo||60444|16|60444||48|068|0054|Rural|
60443|Los Cerritos|Rancho|Peribán|Michoacán de Ocampo||60444|16|60444||48|068|0055|Rural|
60443|Los Pastores|Ranchería|Peribán|Michoacán de Ocampo||60444|16|60444||29|068|0056|Rural|
60443|Los Puentes Cuates|Rancho|Peribán|Michoacán de Ocampo||60444|16|60444||48|068|0057|Rural|
60443|La Yerbabuena|Ranchería|Peribán|Michoacán de Ocampo||60444|16|60444||29|068|1800|Rural|
60443|Magallón|Ranchería|Peribán|Michoacán de Ocampo||60444|16|60444||29|068|1801|Rural|
60443|San Francisco Peribán|Pueblo|Peribán|Michoacán de Ocampo||60444|16|60444||28|068|1802|Rural|
60443|Gildardo Magaña (Los Ángeles)|Ejido|Peribán|Michoacán de Ocampo||60444|16|60444||15|068|1804|Rural|
60443|La Cofradía|Ranchería|Peribán|Michoacán de Ocampo||60444|16|60444||29|068|4742|Rural|
60445|Cutio|Rancho|Peribán|Michoacán de Ocampo||60444|16|60444||48|068|0031|Rural|
60445|Cuzata (El Ucaz)|Rancho|Peribán|Michoacán de Ocampo||60444|16|60444||48|068|0032|Rural|
60445|El Atrancón|Rancho|Peribán|Michoacán de Ocampo||60444|16|60444||48|068|0033|Rural|
60445|El Capillo|Ranchería|Peribán|Michoacán de Ocampo||60444|16|60444||29|068|0035|Rural|
60445|El Copal|Rancho|Peribán|Michoacán de Ocampo||60444|16|60444||48|068|0036|Rural|
60445|El Granado|Rancho|Peribán|Michoacán de Ocampo||60444|16|60444||48|068|0038|Rural|
60445|El Ojo de Agua de Parastaco|Rancho|Peribán|Michoacán de Ocampo||60444|16|60444||48|068|0040|Rural|
60445|El Pozo del Zopilote|Rancho|Peribán|Michoacán de Ocampo||60444|16|60444||48|068|0043|Rural|
60445|San José la Coyotera|Ranchería|Peribán|Michoacán de Ocampo||60444|16|60444||29|068|0046|Rural|
60445|La Fábrica|Ranchería|Peribán|Michoacán de Ocampo||60444|16|60444||29|068|0047|Rural|
60445|La Loma|Rancho|Peribán|Michoacán de Ocampo||60444|16|60444||48|068|0049|Rural|
60445|Las Trojas|Rancho|Peribán|Michoacán de Ocampo||60444|16|60444||48|068|0053|Rural|
60445|Parastaco|Rancho|Peribán|Michoacán de Ocampo||60444|16|60444||48|068|0059|Rural|
60445|Paso de la Nieve|Rancho|Peribán|Michoacán de Ocampo||60444|16|60444||48|068|0060|Rural|
60445|Río Chondo|Rancho|Peribán|Michoacán de Ocampo||60444|16|60444||48|068|0062|Rural|
60445|Tangancicato|Rancho|Peribán|Michoacán de Ocampo||60444|16|60444||48|068|0063|Rural|
60445|Uña de Gato|Rancho|Peribán|Michoacán de Ocampo||60444|16|60444||48|068|0066|Rural|
60445|Parambén|Ranchería|Peribán|Michoacán de Ocampo||60444|16|60444||29|068|1806|Rural|
60445|Chuanito|Pueblo|Peribán|Michoacán de Ocampo||60444|16|60444||28|068|4035|Rural|
60446|Curistarán|Rancho|Peribán|Michoacán de Ocampo||60444|16|60444||48|068|0030|Rural|
60446|El Cuartel|Rancho|Peribán|Michoacán de Ocampo||60444|16|60444||48|068|0037|Rural|
60446|La Higuerita|Rancho|Peribán|Michoacán de Ocampo||60444|16|60444||48|068|0048|Rural|
60446|Palo Verde|Rancho|Peribán|Michoacán de Ocampo||60444|16|60444||48|068|0058|Rural|
60446|Taramichango|Rancho|Peribán|Michoacán de Ocampo||60444|16|60444||48|068|0064|Rural|
60446|San José Apupátaro|Ranchería|Peribán|Michoacán de Ocampo||60444|16|60444||29|068|1807|Rural|
60447|Las Taumas|Rancho|Peribán|Michoacán de Ocampo||60444|16|60444||48|068|0052|Rural|
60447|Las Tinajas|Ranchería|Peribán|Michoacán de Ocampo||60444|16|60444||29|068|0067|Rural|
60447|Corona|Ranchería|Peribán|Michoacán de Ocampo||60444|16|60444||29|068|1798|Rural|
60447|Plan de Ayala|Ranchería|Peribán|Michoacán de Ocampo||60444|16|60444||29|068|1808|Rural|
60460|Tancitaro|Pueblo|Tancítaro|Michoacán de Ocampo||60463|16|60463||28|083|1815|Urbano|
60460|18 de Marzo|Colonia|Tancítaro|Michoacán de Ocampo||60463|16|60463||09|083|6138|Urbano|
60460|La Asunción|Colonia|Tancítaro|Michoacán de Ocampo||60463|16|60463||09|083|6139|Urbano|
60460|La Estrella|Colonia|Tancítaro|Michoacán de Ocampo||60463|16|60463||09|083|6140|Urbano|
60460|La Higuera|Colonia|Tancítaro|Michoacán de Ocampo||60463|16|60463||09|083|6141|Urbano|
60460|Magisterial|Colonia|Tancítaro|Michoacán de Ocampo||60463|16|60463||09|083|6142|Urbano|
60460|San Miguel|Colonia|Tancítaro|Michoacán de Ocampo||60463|16|60463||09|083|6143|Urbano|
60464|Palmito del Poniente|Ranchería|Tancítaro|Michoacán de Ocampo||60463|16|60463||29|083|1812|Rural|
60464|Los Fresnos|Ranchería|Tancítaro|Michoacán de Ocampo||60463|16|60463||29|083|1813|Rural|
60464|Garichico|Ranchería|Tancítaro|Michoacán de Ocampo||60463|16|60463||29|083|1824|Rural|
60464|Pareo|Pueblo|Tancítaro|Michoacán de Ocampo||60463|16|60463||28|083|1825|Rural|
60464|El Pinabete|Ranchería|Tancítaro|Michoacán de Ocampo||60463|16|60463||29|083|4671|Rural|
60464|El Reparo (La Presa el Reparo)|Ranchería|Tancítaro|Michoacán de Ocampo||60463|16|60463||29|083|4715|Rural|
60464|El Aguacate Poniente|Ranchería|Tancítaro|Michoacán de Ocampo||60463|16|60463||29|083|6064|Rural|
60464|El Espino|Ranchería|Tancítaro|Michoacán de Ocampo||60463|16|60463||29|083|6071|Rural|
60464|El Moral|Ranchería|Tancítaro|Michoacán de Ocampo||60463|16|60463||29|083|6079|Rural|
60464|La Consentida|Ranchería|Tancítaro|Michoacán de Ocampo||60463|16|60463||29|083|6101|Rural|
60464|La Paja|Rancho|Tancítaro|Michoacán de Ocampo||60463|16|60463||48|083|6105|Rural|
60464|Las Canoas|Ranchería|Tancítaro|Michoacán de Ocampo||60463|16|60463||29|083|6114|Rural|
60464|Las Higueras|Ranchería|Tancítaro|Michoacán de Ocampo||60463|16|60463||29|083|6115|Rural|
60464|Los Ojos de Agua|Ranchería|Tancítaro|Michoacán de Ocampo||60463|16|60463||29|083|6122|Rural|
60464|Ojo de Agua (El Ojo de Agua del Palmito)|Ranchería|Tancítaro|Michoacán de Ocampo||60463|16|60463||29|083|6124|Rural|
60464|Pila Honda|Rancho|Tancítaro|Michoacán de Ocampo||60463|16|60463||48|083|6129|Rural|
60465|La Cuchilla|Ranchería|Tancítaro|Michoacán de Ocampo||60463|16|60463||29|083|0002|Rural|
60465|Aguacate del Sur|Ranchería|Tancítaro|Michoacán de Ocampo||60463|16|60463||29|083|1811|Rural|
60465|La Lagunilla|Ranchería|Tancítaro|Michoacán de Ocampo||60463|16|60463||29|083|1821|Rural|
60465|Agua Zarca|Ranchería|Tancítaro|Michoacán de Ocampo||60463|16|60463||29|083|6052|Rural|
60465|Arapo|Ranchería|Tancítaro|Michoacán de Ocampo||60463|16|60463||29|083|6054|Rural|
60465|Aruamo|Fraccionamiento|Tancítaro|Michoacán de Ocampo||60463|16|60463||21|083|6089|Rural|
60465|La Ciénega|Ranchería|Tancítaro|Michoacán de Ocampo||60463|16|60463||29|083|6100|Rural|
60465|Puerto de las Cruces|Rancho|Tancítaro|Michoacán de Ocampo||60463|16|60463||48|083|6132|Rural|
60466|Santa Catarina|Ranchería|Tancítaro|Michoacán de Ocampo||60463|16|60463||29|083|1814|Rural|
60466|Uringüitiro|Ranchería|Tancítaro|Michoacán de Ocampo||60463|16|60463||29|083|1816|Rural|
60466|Las Mesteñas|Ranchería|Tancítaro|Michoacán de Ocampo||60463|16|60463||29|083|6118|Rural|
60466|Palo Picado|Ranchería|Tancítaro|Michoacán de Ocampo||60463|16|60463||29|083|6125|Rural|
60467|La Mesa del Durazno|Ranchería|Tancítaro|Michoacán de Ocampo||60463|16|60463||29|083|0001|Rural|
60467|El Chupaderito|Ranchería|Tancítaro|Michoacán de Ocampo||60463|16|60463||29|083|4757|Rural|
60467|El Carrizal|Ranchería|Tancítaro|Michoacán de Ocampo||60463|16|60463||29|083|5460|Rural|
60467|Belén|Rancho|Tancítaro|Michoacán de Ocampo||60463|16|60463||48|083|6056|Rural|
60467|La Cañada|Rancho|Tancítaro|Michoacán de Ocampo||60463|16|60463||48|083|6097|Rural|
60467|Zoromútaro (Puerto de Zoromútaro)|Ranchería|Tancítaro|Michoacán de Ocampo||60463|16|60463||29|083|6137|Rural|
60468|El Palmito del Sur|Ranchería|Tancítaro|Michoacán de Ocampo||60463|16|60463||29|083|1819|Rural|
60468|San Antonio|Ranchería|Tancítaro|Michoacán de Ocampo||60463|16|60463||29|083|6061|Rural|
60468|El Jacal|Ranchería|Tancítaro|Michoacán de Ocampo||60463|16|60463||29|083|6076|Rural|
60468|Enándiro|Ranchería|Tancítaro|Michoacán de Ocampo||60463|16|60463||29|083|6087|Rural|
60468|La Tinaja|Ranchería|Tancítaro|Michoacán de Ocampo||60463|16|60463||29|083|6110|Rural|
60468|Las Juntas de Enándiro|Ranchería|Tancítaro|Michoacán de Ocampo||60463|16|60463||29|083|6117|Rural|
60470|Apo|Pueblo|Tancítaro|Michoacán de Ocampo||60463|16|60463||28|083|1822|Rural|
60470|La Escondida|Ranchería|Tancítaro|Michoacán de Ocampo||60463|16|60463||29|083|6102|Rural|
60473|Charapanguaro|Ranchería|Tancítaro|Michoacán de Ocampo||60463|16|60463||29|083|6057|Rural|
60474|La Tapiada|Ranchería|Tancítaro|Michoacán de Ocampo||60463|16|60463||29|083|6109|Rural|
60475|La Sidra|Ranchería|Tancítaro|Michoacán de Ocampo||60463|16|60463||29|083|1826|Rural|
60475|Ojo Zarco|Ranchería|Tancítaro|Michoacán de Ocampo||60463|16|60463||29|083|4716|Rural|
60475|Patámburo|Ranchería|Tancítaro|Michoacán de Ocampo||60463|16|60463||29|083|6127|Rural|
60475|Soledad del Poniente|Ranchería|Tancítaro|Michoacán de Ocampo||60463|16|60463||29|083|6135|Rural|
60476|Charapóndiro|Ranchería|Tancítaro|Michoacán de Ocampo||60463|16|60463||29|083|6058|Rural|
60476|Choritiro|Pueblo|Tancítaro|Michoacán de Ocampo||60463|16|60463||28|083|6060|Rural|
60476|Cuinio|Ranchería|Tancítaro|Michoacán de Ocampo||60463|16|60463||29|083|6063|Rural|
60476|El Jazmín|Ranchería|Tancítaro|Michoacán de Ocampo||60463|16|60463||29|083|6077|Rural|
60476|La Chivera|Ranchería|Tancítaro|Michoacán de Ocampo||60463|16|60463||29|083|6099|Rural|
60476|La Joya (El Banquito)|Ranchería|Tancítaro|Michoacán de Ocampo||60463|16|60463||29|083|6103|Rural|
60477|Apúndaro|Ranchería|Tancítaro|Michoacán de Ocampo||60463|16|60463||29|083|1823|Rural|
60477|Chirimoyo|Ranchería|Tancítaro|Michoacán de Ocampo||60463|16|60463||29|083|6059|Rural|
60477|Coronita|Ranchería|Tancítaro|Michoacán de Ocampo||60463|16|60463||29|083|6062|Rural|
60477|El Hueso|Ranchería|Tancítaro|Michoacán de Ocampo||60463|16|60463||29|083|6075|Rural|
60477|El Llano|Ranchería|Tancítaro|Michoacán de Ocampo||60463|16|60463||29|083|6078|Rural|
60477|Huaricho|Ranchería|Tancítaro|Michoacán de Ocampo||60463|16|60463||29|083|6090|Rural|
60477|Joyas del Maguey|Ranchería|Tancítaro|Michoacán de Ocampo||60463|16|60463||29|083|6094|Rural|
60477|La Uva|Ranchería|Tancítaro|Michoacán de Ocampo||60463|16|60463||29|083|6112|Rural|
60477|Pancinda|Ranchería|Tancítaro|Michoacán de Ocampo||60463|16|60463||29|083|6126|Rural|
60480|La Soledad|Ranchería|Tancítaro|Michoacán de Ocampo||60463|16|60463||29|083|1827|Rural|
60480|El Tepamo|Ranchería|Tancítaro|Michoacán de Ocampo||60463|16|60463||29|083|6084|Rural|
60480|La Puente Quemada|Ranchería|Tancítaro|Michoacán de Ocampo||60463|16|60463||29|083|6108|Rural|
60483|Agua de Chepe|Ranchería|Tancítaro|Michoacán de Ocampo||60463|16|60463||29|083|6050|Rural|
60483|Barranca de la Arena|Rancho|Tancítaro|Michoacán de Ocampo||60463|16|60463||48|083|6055|Rural|
60483|El Espinal (Potrero de los Zamora)|Ranchería|Tancítaro|Michoacán de Ocampo||60463|16|60463||29|083|6070|Rural|
60483|El Ferrel|Rancho|Tancítaro|Michoacán de Ocampo||60463|16|60463||48|083|6072|Rural|
60483|El Moral (La Mora)|Ranchería|Tancítaro|Michoacán de Ocampo||60463|16|60463||29|083|6080|Rural|
60483|El Sauz (La Vaina)|Ranchería|Tancítaro|Michoacán de Ocampo||60463|16|60463||29|083|6083|Rural|
60483|Encino Blanco|Ranchería|Tancítaro|Michoacán de Ocampo||60463|16|60463||29|083|6088|Rural|
60483|Huerta de Méndez|Ranchería|Tancítaro|Michoacán de Ocampo||60463|16|60463||29|083|6091|Rural|
60483|La Caseta|Ranchería|Tancítaro|Michoacán de Ocampo||60463|16|60463||29|083|6098|Rural|
60483|La Mesita|Ranchería|Tancítaro|Michoacán de Ocampo||60463|16|60463||29|083|6104|Rural|
60483|Las Añileras|Ranchería|Tancítaro|Michoacán de Ocampo||60463|16|60463||29|083|6113|Rural|
60483|Las Joyas (El Nogal)|Ranchería|Tancítaro|Michoacán de Ocampo||60463|16|60463||29|083|6116|Rural|
60483|Las Pilas|Ranchería|Tancítaro|Michoacán de Ocampo||60463|16|60463||29|083|6119|Rural|
60483|Rancho Nuevo|Ranchería|Tancítaro|Michoacán de Ocampo||60463|16|60463||29|083|6133|Rural|
60483|San José de las Peñas (La Barranca)|Ranchería|Tancítaro|Michoacán de Ocampo||60463|16|60463||29|083|6134|Rural|
60483|Trojes de Condémbaro|Rancho|Tancítaro|Michoacán de Ocampo||60463|16|60463||48|083|6189|Rural|
60484|Los Llanitos (El Chupadero)|Ranchería|Tancítaro|Michoacán de Ocampo||60463|16|60463||29|083|4726|Rural|
60484|Los Llanitos|Ranchería|Tancítaro|Michoacán de Ocampo||60463|16|60463||29|083|4727|Rural|
60484|El Chilar|Ranchería|Tancítaro|Michoacán de Ocampo||60463|16|60463||29|083|6066|Rural|
60484|El Cortijo|Ranchería|Tancítaro|Michoacán de Ocampo||60463|16|60463||29|083|6068|Rural|
60484|El Granado|Rancho|Tancítaro|Michoacán de Ocampo||60463|16|60463||48|083|6074|Rural|
60484|El Zapote|Ranchería|Tancítaro|Michoacán de Ocampo||60463|16|60463||29|083|6086|Rural|
60484|Huerta el Puerto|Ranchería|Tancítaro|Michoacán de Ocampo||60463|16|60463||29|083|6092|Rural|
60484|Huerta la Soledad|Ranchería|Tancítaro|Michoacán de Ocampo||60463|16|60463||29|083|6093|Rural|
60484|La Alberca|Ranchería|Tancítaro|Michoacán de Ocampo||60463|16|60463||29|083|6095|Rural|
60484|La Cañada|Ranchería|Tancítaro|Michoacán de Ocampo||60463|16|60463||29|083|6096|Rural|
60484|Piedras Azules|Ranchería|Tancítaro|Michoacán de Ocampo||60463|16|60463||29|083|6128|Rural|
60484|Púcuaro|Ranchería|Tancítaro|Michoacán de Ocampo||60463|16|60463||29|083|6131|Rural|
60485|Condémbaro|Ranchería|Tancítaro|Michoacán de Ocampo||60463|16|60463||29|083|1810|Rural|
60485|Barranquillas (Rincón de Barranquillas)|Ranchería|Tancítaro|Michoacán de Ocampo||60463|16|60463||29|083|1818|Rural|
60485|Zirimbo|Ranchería|Tancítaro|Michoacán de Ocampo||60463|16|60463||29|083|1828|Rural|
60485|Acúmbaro|Ranchería|Tancítaro|Michoacán de Ocampo||60463|16|60463||29|083|6049|Rural|
60485|Arapindo|Ranchería|Tancítaro|Michoacán de Ocampo||60463|16|60463||29|083|6053|Rural|
60485|El Chupadero|Ranchería|Tancítaro|Michoacán de Ocampo||60463|16|60463||29|083|6067|Rural|
60485|El Cuate|Ranchería|Tancítaro|Michoacán de Ocampo||60463|16|60463||29|083|6069|Rural|
60485|El Morito|Ranchería|Tancítaro|Michoacán de Ocampo||60463|16|60463||29|083|6081|Rural|
60485|El Moro|Ranchería|Tancítaro|Michoacán de Ocampo||60463|16|60463||29|083|6082|Rural|
60485|El Tizate|Ranchería|Tancítaro|Michoacán de Ocampo||60463|16|60463||29|083|6085|Rural|
60485|Los Fortines|Ranchería|Tancítaro|Michoacán de Ocampo||60463|16|60463||29|083|6120|Rural|
60485|Los Granados|Ranchería|Tancítaro|Michoacán de Ocampo||60463|16|60463||29|083|6121|Rural|
60485|Los Pozos|Ranchería|Tancítaro|Michoacán de Ocampo||60463|16|60463||29|083|6123|Rural|
60485|Tamácuaro|Ranchería|Tancítaro|Michoacán de Ocampo||60463|16|60463||29|083|6136|Rural|
60486|Araparícuaro (Aparícuaro)|Ranchería|Tancítaro|Michoacán de Ocampo||60463|16|60463||29|083|1809|Rural|
60486|Zirimondiro|Ranchería|Tancítaro|Michoacán de Ocampo||60463|16|60463||29|083|1817|Rural|
60486|Agua Nueva|Ranchería|Tancítaro|Michoacán de Ocampo||60463|16|60463||29|083|6051|Rural|
60486|El Capulín|Rancho|Tancítaro|Michoacán de Ocampo||60463|16|60463||48|083|6065|Rural|
60486|El Fresnito|Rancho|Tancítaro|Michoacán de Ocampo||60463|16|60463||48|083|6073|Rural|
60486|La Peñita|Ranchería|Tancítaro|Michoacán de Ocampo||60463|16|60463||29|083|6106|Rural|
60486|La Peñita|Ranchería|Tancítaro|Michoacán de Ocampo||60463|16|60463||29|083|6107|Rural|
60486|La Tinaja (La Tijera)|Ranchería|Tancítaro|Michoacán de Ocampo||60463|16|60463||29|083|6111|Rural|
60486|Potrero de los Zamora|Ranchería|Tancítaro|Michoacán de Ocampo||60463|16|60463||29|083|6130|Rural|
60490|Altavista|Fraccionamiento|Nuevo Parangaricutiro|Michoacán de Ocampo||60491|16|60491||21|058|0001|Urbano|
60490|Cerro de la Campana|Fraccionamiento|Nuevo Parangaricutiro|Michoacán de Ocampo||60491|16|60491||21|058|0002|Urbano|
60490|El Ángel|Fraccionamiento|Nuevo Parangaricutiro|Michoacán de Ocampo||60491|16|60491||21|058|0003|Urbano|
60490|El Mirador|Fraccionamiento|Nuevo Parangaricutiro|Michoacán de Ocampo||60491|16|60491||21|058|0004|Urbano|
60490|Felix Irrieta|Colonia|Nuevo Parangaricutiro|Michoacán de Ocampo||60491|16|60491||09|058|0005|Urbano|
60490|La Asunción|Colonia|Nuevo Parangaricutiro|Michoacán de Ocampo||60491|16|60491||09|058|0006|Urbano|
60490|La Duraznera|Fraccionamiento|Nuevo Parangaricutiro|Michoacán de Ocampo||60491|16|60491||21|058|0007|Urbano|
60490|La Magueyera|Fraccionamiento|Nuevo Parangaricutiro|Michoacán de Ocampo||60491|16|60491||21|058|0008|Urbano|
60490|Las Camelinas|Fraccionamiento|Nuevo Parangaricutiro|Michoacán de Ocampo||60491|16|60491||21|058|0009|Urbano|
60490|Lázaro Cárdenas|Colonia|Nuevo Parangaricutiro|Michoacán de Ocampo||60491|16|60491||09|058|0010|Urbano|
60490|Los Tulipanes|Fraccionamiento|Nuevo Parangaricutiro|Michoacán de Ocampo||60491|16|60491||21|058|0011|Urbano|
60490|Paricutín|Colonia|Nuevo Parangaricutiro|Michoacán de Ocampo||60491|16|60491||09|058|0012|Urbano|
60490|Purepechas|Fraccionamiento|Nuevo Parangaricutiro|Michoacán de Ocampo||60491|16|60491||21|058|0013|Urbano|
60490|Rincón del Paraiso|Fraccionamiento|Nuevo Parangaricutiro|Michoacán de Ocampo||60491|16|60491||21|058|0014|Urbano|
60490|San Francisco|Colonia|Nuevo Parangaricutiro|Michoacán de Ocampo||60491|16|60491||09|058|0015|Urbano|
60490|Ampliación San Francisco|Colonia|Nuevo Parangaricutiro|Michoacán de Ocampo||60491|16|60491||09|058|0016|Urbano|
60490|San Juan Bautista|Barrio|Nuevo Parangaricutiro|Michoacán de Ocampo||60491|16|60491||02|058|0017|Urbano|
60490|San Mateo|Barrio|Nuevo Parangaricutiro|Michoacán de Ocampo||60491|16|60491||02|058|0018|Urbano|
60490|San Miguel|Barrio|Nuevo Parangaricutiro|Michoacán de Ocampo||60491|16|60491||02|058|0019|Urbano|
60490|Santo Santiago|Barrio|Nuevo Parangaricutiro|Michoacán de Ocampo||60491|16|60491||02|058|0020|Urbano|
60490|Viveros|Fraccionamiento|Nuevo Parangaricutiro|Michoacán de Ocampo||60491|16|60491||21|058|0021|Urbano|
60490|Nuevo San Juan Parangaricutiro|Colonia|Nuevo Parangaricutiro|Michoacán de Ocampo||60491|16|60491||09|058|1829|Urbano|
60490|Victoriano Anguiano Equihua|Colonia|Nuevo Parangaricutiro|Michoacán de Ocampo||60491|16|60491||09|058|6231|Urbano|
60492|Zacándaro|Ranchería|Nuevo Parangaricutiro|Michoacán de Ocampo||60491|16|60491||29|058|1831|Rural|
60493|El Mirador|Rancho|Nuevo Parangaricutiro|Michoacán de Ocampo||60491|16|60491||48|058|0034|Rural|
60493|La Perita|Rancho|Nuevo Parangaricutiro|Michoacán de Ocampo||60491|16|60491||48|058|0039|Rural|
60493|La Hierbabuena|Ranchería|Nuevo Parangaricutiro|Michoacán de Ocampo||60491|16|60491||29|058|0040|Rural|
60493|Los Aguacates|Ranchería|Nuevo Parangaricutiro|Michoacán de Ocampo||60491|16|60491||29|058|0043|Rural|
60493|Mesa de Tavera (La Joya)|Rancho|Nuevo Parangaricutiro|Michoacán de Ocampo||60491|16|60491||48|058|0046|Rural|
60493|Mesa el Tejamanil|Rancho|Nuevo Parangaricutiro|Michoacán de Ocampo||60491|16|60491||48|058|0047|Rural|
60493|Panguaro|Rancho|Nuevo Parangaricutiro|Michoacán de Ocampo||60491|16|60491||48|058|0048|Rural|
60493|Puente de Tierra (La Paz)|Ranchería|Nuevo Parangaricutiro|Michoacán de Ocampo||60491|16|60491||29|058|0049|Rural|
60493|San Antonio|Ranchería|Nuevo Parangaricutiro|Michoacán de Ocampo||60491|16|60491||29|058|0051|Rural|
60493|Santa Mónica (La Hoya)|Rancho|Nuevo Parangaricutiro|Michoacán de Ocampo||60491|16|60491||48|058|0053|Rural|
60493|Arandín|Ranchería|Nuevo Parangaricutiro|Michoacán de Ocampo||60491|16|60491||29|058|1832|Rural|
60494|Milpillas|Ranchería|Nuevo Parangaricutiro|Michoacán de Ocampo||60491|16|60491||29|058|1833|Rural|
60495|Agua Chiquita|Rancho|Nuevo Parangaricutiro|Michoacán de Ocampo||60491|16|60491||48|058|0023|Rural|
60495|Canoa Alta|Rancho|Nuevo Parangaricutiro|Michoacán de Ocampo||60491|16|60491||48|058|0025|Rural|
60495|El Diezmo|Rancho|Nuevo Parangaricutiro|Michoacán de Ocampo||60491|16|60491||48|058|0027|Rural|
60495|El Durazno|Rancho|Nuevo Parangaricutiro|Michoacán de Ocampo||60491|16|60491||48|058|0028|Rural|
60495|El Fresno|Ranchería|Nuevo Parangaricutiro|Michoacán de Ocampo||60491|16|60491||29|058|0029|Rural|
60495|El Hospital|Rancho|Nuevo Parangaricutiro|Michoacán de Ocampo||60491|16|60491||48|058|0030|Rural|
60495|El Mesón|Rancho|Nuevo Parangaricutiro|Michoacán de Ocampo||60491|16|60491||48|058|0033|Rural|
60495|Huerta las Mesas (Santa Isabel)|Rancho|Nuevo Parangaricutiro|Michoacán de Ocampo||60491|16|60491||48|058|0035|Rural|
60495|La Pacata|Ranchería|Nuevo Parangaricutiro|Michoacán de Ocampo||60491|16|60491||29|058|0038|Rural|
60495|El Tejamanil|Ranchería|Nuevo Parangaricutiro|Michoacán de Ocampo||60491|16|60491||29|058|1834|Rural|
60495|Rancho Nuevo|Ranchería|Nuevo Parangaricutiro|Michoacán de Ocampo||60491|16|60491||29|058|5527|Rural|
60496|Agua Blanca|Rancho|Nuevo Parangaricutiro|Michoacán de Ocampo||60491|16|60491||48|058|0022|Rural|
60496|Ahuanito|Ranchería|Nuevo Parangaricutiro|Michoacán de Ocampo||60491|16|60491||29|058|0024|Rural|
60496|El Derrumbadero|Rancho|Nuevo Parangaricutiro|Michoacán de Ocampo||60491|16|60491||48|058|0026|Rural|
60496|El Llano|Ranchería|Nuevo Parangaricutiro|Michoacán de Ocampo||60491|16|60491||29|058|0031|Rural|
60496|El Maguey|Rancho|Nuevo Parangaricutiro|Michoacán de Ocampo||60491|16|60491||48|058|0032|Rural|
60496|La Ciénega|Rancho|Nuevo Parangaricutiro|Michoacán de Ocampo||60491|16|60491||48|058|0036|Rural|
60496|Las Amapolas|Rancho|Nuevo Parangaricutiro|Michoacán de Ocampo||60491|16|60491||48|058|0041|Rural|
60496|Las Barrancas|Ranchería|Nuevo Parangaricutiro|Michoacán de Ocampo||60491|16|60491||29|058|0042|Rural|
60496|Los Arroyos|Rancho|Nuevo Parangaricutiro|Michoacán de Ocampo||60491|16|60491||48|058|0044|Rural|
60496|Los Lobos|Ranchería|Nuevo Parangaricutiro|Michoacán de Ocampo||60491|16|60491||29|058|0045|Rural|
60496|Rancho Viejo|Rancho|Nuevo Parangaricutiro|Michoacán de Ocampo||60491|16|60491||48|058|0050|Rural|
60496|Santa Catarina|Rancho|Nuevo Parangaricutiro|Michoacán de Ocampo||60491|16|60491||48|058|0052|Rural|
60496|Ziricuti (Los Pajaritos)|Rancho|Nuevo Parangaricutiro|Michoacán de Ocampo||60491|16|60491||48|058|0054|Rural|
60496|Zorumutal|Rancho|Nuevo Parangaricutiro|Michoacán de Ocampo||60491|16|60491||48|058|0055|Rural|
60496|Los Desmontes|Ranchería|Nuevo Parangaricutiro|Michoacán de Ocampo||60491|16|60491||29|058|5459|Rural|
60497|La Escondida|Ranchería|Nuevo Parangaricutiro|Michoacán de Ocampo||60491|16|60491||29|058|0037|Rural|
60500|Buenavista Tomatlán|Pueblo|Buenavista|Michoacán de Ocampo||60502|16|60502||28|012|1835|Urbano|
60500|De la Cruz|Colonia|Buenavista|Michoacán de Ocampo||60502|16|60502||09|012|5337|Urbano|
60500|Del Parque|Colonia|Buenavista|Michoacán de Ocampo||60502|16|60502||09|012|5338|Urbano|
60500|Del Seguro|Colonia|Buenavista|Michoacán de Ocampo||60502|16|60502||09|012|5339|Urbano|
60500|Doroteo Arango|Colonia|Buenavista|Michoacán de Ocampo||60502|16|60502||09|012|5340|Urbano|
60500|El Rodeo|Colonia|Buenavista|Michoacán de Ocampo||60502|16|60502||09|012|5341|Urbano|
60500|Emiliano Zapata|Colonia|Buenavista|Michoacán de Ocampo||60502|16|60502||09|012|5342|Urbano|
60500|Jardín|Colonia|Buenavista|Michoacán de Ocampo||60502|16|60502||09|012|5343|Urbano|
60500|Jardines del Mirador|Colonia|Buenavista|Michoacán de Ocampo||60502|16|60502||09|012|5344|Urbano|
60500|La Huerta|Colonia|Buenavista|Michoacán de Ocampo||60502|16|60502||09|012|5345|Urbano|
60500|Las Parejitas|Colonia|Buenavista|Michoacán de Ocampo||60502|16|60502||09|012|5346|Urbano|
60500|Las Primaveras|Colonia|Buenavista|Michoacán de Ocampo||60502|16|60502||09|012|5347|Urbano|
60500|Lázaro Cárdenas|Colonia|Buenavista|Michoacán de Ocampo||60502|16|60502||09|012|5348|Urbano|
60500|Leona Vicario|Colonia|Buenavista|Michoacán de Ocampo||60502|16|60502||09|012|5349|Urbano|
60500|Loma Bonita|Colonia|Buenavista|Michoacán de Ocampo||60502|16|60502||09|012|5350|Urbano|
60500|Los Arcos|Colonia|Buenavista|Michoacán de Ocampo||60502|16|60502||09|012|5351|Urbano|
60500|Mártires de Uruapan|Colonia|Buenavista|Michoacán de Ocampo||60502|16|60502||09|012|5352|Urbano|
60500|Miguel Hidalgo|Colonia|Buenavista|Michoacán de Ocampo||60502|16|60502||09|012|5353|Urbano|
60500|Rafael Álvarez|Colonia|Buenavista|Michoacán de Ocampo||60502|16|60502||09|012|5354|Urbano|
60500|Tomatlán|Colonia|Buenavista|Michoacán de Ocampo||60502|16|60502||09|012|5355|Urbano|
60501|Santa Ana Amatlán (Centro)|Pueblo|Buenavista|Michoacán de Ocampo||60502|16|60502||28|012|1836|Urbano|
60501|La Colorada|Colonia|Buenavista|Michoacán de Ocampo||60502|16|60502||09|012|5450|Urbano|
60501|La Florida|Colonia|Buenavista|Michoacán de Ocampo||60502|16|60502||09|012|5451|Urbano|
60501|La Huerta|Colonia|Buenavista|Michoacán de Ocampo||60502|16|60502||09|012|5452|Urbano|
60501|La Joya|Colonia|Buenavista|Michoacán de Ocampo||60502|16|60502||09|012|5453|Urbano|
60501|Los Ángeles|Colonia|Buenavista|Michoacán de Ocampo||60502|16|60502||09|012|5455|Urbano|
60501|Raúl Ramírez|Colonia|Buenavista|Michoacán de Ocampo||60502|16|60502||09|012|5456|Urbano|
60501|Tamayo|Colonia|Buenavista|Michoacán de Ocampo||60502|16|60502||09|012|5457|Urbano|
60501|Vicente Guerrero|Colonia|Buenavista|Michoacán de Ocampo||60502|16|60502||09|012|5458|Urbano|
60520|Dieciocho de Marzo|Ranchería|Buenavista|Michoacán de Ocampo||60502|16|60502||29|012|1838|Rural|
60520|Bomba Dos|Ejido|Buenavista|Michoacán de Ocampo||60502|16|60502||15|012|5358|Rural|
60520|Bomba tres (San Efraín)|Ejido|Buenavista|Michoacán de Ocampo||60502|16|60502||15|012|5359|Rural|
60520|El Hule|Ejido|Buenavista|Michoacán de Ocampo||60502|16|60502||15|012|5377|Rural|
60520|El Tambache|Ejido|Buenavista|Michoacán de Ocampo||60502|16|60502||15|012|5387|Rural|
60520|Fracción Querusto|Ejido|Buenavista|Michoacán de Ocampo||60502|16|60502||15|012|5394|Rural|
60520|La Esmeralda|Ejido|Buenavista|Michoacán de Ocampo||60502|16|60502||15|012|5398|Rural|
60520|La Parota|Ejido|Buenavista|Michoacán de Ocampo||60502|16|60502||15|012|5405|Rural|
60520|Las Cahuingas|Ejido|Buenavista|Michoacán de Ocampo||60502|16|60502||15|012|5408|Rural|
60521|Felipe Carrillo Puerto (La Ruana)|Colonia|Buenavista|Michoacán de Ocampo||60502|16|60502||09|012|1839|Urbano|
60521|Adolfo López Mateos|Colonia|Buenavista|Michoacán de Ocampo||60502|16|60502||09|012|5439|Urbano|
60521|Barrio Verde|Colonia|Buenavista|Michoacán de Ocampo||60502|16|60502||09|012|5440|Urbano|
60521|El Cerrito|Colonia|Buenavista|Michoacán de Ocampo||60502|16|60502||09|012|5441|Urbano|
60521|Independencia|Colonia|Buenavista|Michoacán de Ocampo||60502|16|60502||09|012|5442|Urbano|
60521|La Pista|Colonia|Buenavista|Michoacán de Ocampo||60502|16|60502||09|012|5443|Urbano|
60521|Las Palmas|Colonia|Buenavista|Michoacán de Ocampo||60502|16|60502||09|012|5444|Urbano|
60521|Las Palmas|Fraccionamiento|Buenavista|Michoacán de Ocampo||60502|16|60502||21|012|5445|Urbano|
60521|Luis Donaldo Colosio|Colonia|Buenavista|Michoacán de Ocampo||60502|16|60502||09|012|5446|Urbano|
60521|Morelos|Colonia|Buenavista|Michoacán de Ocampo||60502|16|60502||09|012|5447|Urbano|
60521|Poblado Nuevo|Colonia|Buenavista|Michoacán de Ocampo||60502|16|60502||09|012|5448|Urbano|
60521|República|Colonia|Buenavista|Michoacán de Ocampo||60502|16|60502||09|012|5449|Urbano|
60522|Punta del Agua|Ejido|Buenavista|Michoacán de Ocampo||60502|16|60502||15|012|1840|Rural|
60522|Felipe Ángeles|Ranchería|Buenavista|Michoacán de Ocampo||60502|16|60502||29|012|3971|Rural|
60522|El Calichal|Ejido|Buenavista|Michoacán de Ocampo||60502|16|60502||15|012|5369|Rural|
60522|Los Tamarindos|Ejido|Buenavista|Michoacán de Ocampo||60502|16|60502||15|012|5421|Rural|
60523|San José Piedras Blancas|Pueblo|Buenavista|Michoacán de Ocampo||60502|16|60502||28|012|3967|Rural|
60523|Ajuanato|Ejido|Buenavista|Michoacán de Ocampo||60502|16|60502||15|012|5356|Rural|
60523|El Mezquital|Ejido|Buenavista|Michoacán de Ocampo||60502|16|60502||15|012|5378|Rural|
60523|Piedras Blancas|Ejido|Buenavista|Michoacán de Ocampo||60502|16|60502||15|012|5426|Rural|
60524|Cinco de Mayo|Ranchería|Buenavista|Michoacán de Ocampo||60502|16|60502||29|012|5364|Rural|
60524|Corral de Piedra|Ejido|Buenavista|Michoacán de Ocampo||60502|16|60502||15|012|5365|Rural|
60524|El Ojo de Agua|Ejido|Buenavista|Michoacán de Ocampo||60502|16|60502||15|012|5381|Rural|
60524|El Tescalame|Ejido|Buenavista|Michoacán de Ocampo||60502|16|60502||15|012|5389|Rural|
60525|Churumbel|Ejido|Buenavista|Michoacán de Ocampo||60502|16|60502||15|012|5363|Rural|
60525|El Vergel|Ejido|Buenavista|Michoacán de Ocampo||60502|16|60502||15|012|5393|Rural|
60525|La Providencia Dos|Ejido|Buenavista|Michoacán de Ocampo||60502|16|60502||15|012|5406|Rural|
60525|La Unión|Ejido|Buenavista|Michoacán de Ocampo||60502|16|60502||15|012|5407|Rural|
60525|Los Laureles|Ejido|Buenavista|Michoacán de Ocampo||60502|16|60502||15|012|5419|Rural|
60525|San Isidro (Capullo)|Ejido|Buenavista|Michoacán de Ocampo||60502|16|60502||15|012|5434|Rural|
60525|San Miguel|Ejido|Buenavista|Michoacán de Ocampo||60502|16|60502||15|012|5435|Rural|
60525|San Pablo|Ejido|Buenavista|Michoacán de Ocampo||60502|16|60502||15|012|5436|Rural|
60525|Vergel|Ejido|Buenavista|Michoacán de Ocampo||60502|16|60502||15|012|5437|Rural|
60526|Buenavistilla (La Garita)|Ejido|Buenavista|Michoacán de Ocampo||60502|16|60502||15|012|5360|Rural|
60526|Rancho Rosa Morada (Las Iguanas)|Ejido|Buenavista|Michoacán de Ocampo||60502|16|60502||15|012|5432|Rural|
60529|CEFERESO 17 CPS "Michoacán"|Equipamiento|Buenavista|Michoacán de Ocampo||60601|16|60601||17|012|0002|Rural|
60530|Pizándaro|Ejido|Buenavista|Michoacán de Ocampo||60502|16|60502||15|012|1841|Rural|
60530|Chichuato|Ranchería|Buenavista|Michoacán de Ocampo||60502|16|60502||29|012|5362|Rural|
60530|El Cóbano|Ejido|Buenavista|Michoacán de Ocampo||60502|16|60502||15|012|5368|Rural|
60530|El Chingadazo|Ejido|Buenavista|Michoacán de Ocampo||60502|16|60502||15|012|5374|Rural|
60530|El Porvenir|Ejido|Buenavista|Michoacán de Ocampo||60502|16|60502||15|012|5384|Rural|
60530|El Tamarindo Uno|Ejido|Buenavista|Michoacán de Ocampo||60502|16|60502||15|012|5386|Rural|
60530|Jalpa|Ejido|Buenavista|Michoacán de Ocampo||60502|16|60502||15|012|5395|Rural|
60530|La Huina Dos (La Huina)|Ejido|Buenavista|Michoacán de Ocampo||60502|16|60502||15|012|5403|Rural|
60530|La Nueva|Ejido|Buenavista|Michoacán de Ocampo||60502|16|60502||15|012|5404|Rural|
60530|Los Dos Potrillos|Ejido|Buenavista|Michoacán de Ocampo||60502|16|60502||15|012|5418|Rural|
60530|Zimanca|Ejido|Buenavista|Michoacán de Ocampo||60502|16|60502||15|012|5438|Rural|
60531|Catalinas (Francisco Villa)|Ranchería|Buenavista|Michoacán de Ocampo||60502|16|60502||29|012|1842|Urbano|
60532|División del Norte|Ranchería|Buenavista|Michoacán de Ocampo||60502|16|60502||29|012|1843|Rural|
60532|Vicente Guerrero|Ejido|Buenavista|Michoacán de Ocampo||60502|16|60502||15|012|1844|Rural|
60532|Eréndira|Pueblo|Buenavista|Michoacán de Ocampo||60502|16|60502||28|012|3969|Rural|
60532|Razo del Órgano (Veintiuno de Mayo)|Pueblo|Buenavista|Michoacán de Ocampo||60502|16|60502||28|012|3970|Rural|
60532|El Caracol|Ejido|Buenavista|Michoacán de Ocampo||60502|16|60502||15|012|5370|Rural|
60532|El Paraíso|Ejido|Buenavista|Michoacán de Ocampo||60502|16|60502||15|012|5382|Rural|
60532|El Salate Negro|Ejido|Buenavista|Michoacán de Ocampo||60502|16|60502||15|012|5385|Rural|
60532|La Esperanza|Ejido|Buenavista|Michoacán de Ocampo||60502|16|60502||15|012|5399|Rural|
60532|La Huina (La Huina Uno)|Ejido|Buenavista|Michoacán de Ocampo||60502|16|60502||15|012|5402|Rural|
60532|Las Gaviotas|Ejido|Buenavista|Michoacán de Ocampo||60502|16|60502||15|012|5411|Rural|
60532|Loma Bonita|Ejido|Buenavista|Michoacán de Ocampo||60502|16|60502||15|012|5414|Rural|
60532|Loma Bonita|Ranchería|Buenavista|Michoacán de Ocampo||60502|16|60502||29|012|5415|Rural|
60532|Los Charcos|Ejido|Buenavista|Michoacán de Ocampo||60502|16|60502||15|012|5417|Rural|
60532|Los Mojos|Ejido|Buenavista|Michoacán de Ocampo||60502|16|60502||15|012|5420|Rural|
60532|Paraíso|Ejido|Buenavista|Michoacán de Ocampo||60502|16|60502||15|012|5424|Rural|
60532|Paredes Dos|Ejido|Buenavista|Michoacán de Ocampo||60502|16|60502||15|012|5425|Rural|
60532|Potosí|Ejido|Buenavista|Michoacán de Ocampo||60502|16|60502||15|012|5428|Rural|
60532|Purépero|Ejido|Buenavista|Michoacán de Ocampo||60502|16|60502||15|012|5430|Rural|
60533|El Terrero|Ejido|Buenavista|Michoacán de Ocampo||60502|16|60502||15|012|1845|Rural|
60533|Catalinas Viejas|Ejido|Buenavista|Michoacán de Ocampo||60502|16|60502||15|012|5361|Rural|
60533|El Chamizal (Flor de Mayo)|Ejido|Buenavista|Michoacán de Ocampo||60502|16|60502||15|012|5373|Rural|
60533|El Niño|Ejido|Buenavista|Michoacán de Ocampo||60502|16|60502||15|012|5379|Rural|
60533|Loma Bonita|Ejido|Buenavista|Michoacán de Ocampo||60502|16|60502||15|012|5416|Rural|
60533|Pizarro Nuevo (El Pizarro)|Ejido|Buenavista|Michoacán de Ocampo||60502|16|60502||15|012|5427|Rural|
60533|Rancho Huarachita|Ejido|Buenavista|Michoacán de Ocampo||60502|16|60502||15|012|5431|Rural|
60534|Zirapetiro|Pueblo|Buenavista|Michoacán de Ocampo||60502|16|60502||28|012|3968|Rural|
60534|El Castillo|Ejido|Buenavista|Michoacán de Ocampo||60502|16|60502||15|012|5372|Rural|
60534|El Nopal|Ejido|Buenavista|Michoacán de Ocampo||60502|16|60502||15|012|5380|Rural|
60534|El Pinzón|Ejido|Buenavista|Michoacán de Ocampo||60502|16|60502||15|012|5383|Rural|
60534|El Veinticinco|Ejido|Buenavista|Michoacán de Ocampo||60502|16|60502||15|012|5391|Rural|
60534|Las Joyas del Pajal|Ejido|Buenavista|Michoacán de Ocampo||60502|16|60502||15|012|5412|Rural|
60536|El Salate|Rancho|Buenavista|Michoacán de Ocampo||60502|16|60502||48|012|0001|Rural|
60536|La Cuchilla|Ranchería|Buenavista|Michoacán de Ocampo||60502|16|60502||29|012|1846|Rural|
60536|El Cuatro|Ejido|Buenavista|Michoacán de Ocampo||60502|16|60502||15|012|5375|Rural|
60536|La Aurora|Ejido|Buenavista|Michoacán de Ocampo||60502|16|60502||15|012|5397|Rural|
60536|La Huellera (La Bueyera)|Ejido|Buenavista|Michoacán de Ocampo||60502|16|60502||15|012|5401|Rural|
60536|Las Paredes del Ahogado|Ranchería|Buenavista|Michoacán de Ocampo||60502|16|60502||29|012|5413|Rural|
60536|Pachicua|Ejido|Buenavista|Michoacán de Ocampo||60502|16|60502||15|012|5422|Rural|
60536|Pueblo Viejo|Ejido|Buenavista|Michoacán de Ocampo||60502|16|60502||15|012|5429|Rural|
60537|Cerrito Colorado|Ranchería|Buenavista|Michoacán de Ocampo||60502|16|60502||29|012|1847|Rural|
60538|El Limón de la Luna|Ejido|Buenavista|Michoacán de Ocampo||60502|16|60502||15|012|1848|Rural|
60538|La Luna|Ranchería|Buenavista|Michoacán de Ocampo||60502|16|60502||29|012|1849|Rural|
60538|Cruz de Caminos|Ejido|Buenavista|Michoacán de Ocampo||60502|16|60502||15|012|5366|Rural|
60538|El Ahogado|Ejido|Buenavista|Michoacán de Ocampo||60502|16|60502||15|012|5367|Rural|
60538|El Caracol|Ejido|Buenavista|Michoacán de Ocampo||60502|16|60502||15|012|5371|Rural|
60538|El Guayabal|Ejido|Buenavista|Michoacán de Ocampo||60502|16|60502||15|012|5376|Rural|
60538|El Ventorrillo|Ejido|Buenavista|Michoacán de Ocampo||60502|16|60502||15|012|5392|Rural|
60538|La Angostura|Ejido|Buenavista|Michoacán de Ocampo||60502|16|60502||15|012|5396|Rural|
60538|La Higuerita|Ejido|Buenavista|Michoacán de Ocampo||60502|16|60502||15|012|5400|Rural|
60538|Las Carreras|Ejido|Buenavista|Michoacán de Ocampo||60502|16|60502||15|012|5409|Rural|
60538|Las Colonias de la Luna|Ejido|Buenavista|Michoacán de Ocampo||60502|16|60502||15|012|5410|Rural|
60538|Paraje el Seis|Ejido|Buenavista|Michoacán de Ocampo||60502|16|60502||15|012|5423|Rural|
60539|El Pilón|Ejido|Buenavista|Michoacán de Ocampo||60502|16|60502||15|012|1850|Rural|
60539|La Laguna|Ranchería|Buenavista|Michoacán de Ocampo||60502|16|60502||29|012|1851|Rural|
60539|El Tepehuaje|Ejido|Buenavista|Michoacán de Ocampo||60502|16|60502||15|012|5388|Rural|
60539|El Timbiriche|Ejido|Buenavista|Michoacán de Ocampo||60502|16|60502||15|012|5390|Rural|
60539|San Isidro|Ejido|Buenavista|Michoacán de Ocampo||60502|16|60502||15|012|5433|Rural|
60540|Del Chivo (Guadalupe)|Barrio|Tepalcatepec|Michoacán de Ocampo||60541|16|60541||02|089|0001|Urbano|
60540|Benito Juárez|Colonia|Tepalcatepec|Michoacán de Ocampo||60541|16|60541||09|089|0002|Urbano|
60540|Buenos Aires|Colonia|Tepalcatepec|Michoacán de Ocampo||60541|16|60541||09|089|0003|Urbano|
60540|Camelinas|Fraccionamiento|Tepalcatepec|Michoacán de Ocampo||60541|16|60541||21|089|0004|Urbano|
60540|Cantarranas|Barrio|Tepalcatepec|Michoacán de Ocampo||60541|16|60541||02|089|0005|Urbano|
60540|Catarino Torres|Colonia|Tepalcatepec|Michoacán de Ocampo||60541|16|60541||09|089|0006|Urbano|
60540|Chulavista|Colonia|Tepalcatepec|Michoacán de Ocampo||60541|16|60541||09|089|0007|Urbano|
60540|El Canalón|Colonia|Tepalcatepec|Michoacán de Ocampo||60541|16|60541||09|089|0008|Urbano|
60540|El Cerrito|Colonia|Tepalcatepec|Michoacán de Ocampo||60541|16|60541||09|089|0009|Urbano|
60540|Francisco Mújica (La Huerta II)|Colonia|Tepalcatepec|Michoacán de Ocampo||60541|16|60541||09|089|0010|Urbano|
60540|INFONAVIT Bugambilias|Unidad habitacional|Tepalcatepec|Michoacán de Ocampo||60541|16|60541||31|089|0011|Urbano|
60540|La Huerta|Colonia|Tepalcatepec|Michoacán de Ocampo||60541|16|60541||09|089|0012|Urbano|
60540|La Mezquitera|Colonia|Tepalcatepec|Michoacán de Ocampo||60541|16|60541||09|089|0013|Urbano|
60540|La Raya de los Limones|Colonia|Tepalcatepec|Michoacán de Ocampo||60541|16|60541||09|089|0014|Urbano|
60540|Lázaro Cárdenas|Colonia|Tepalcatepec|Michoacán de Ocampo||60541|16|60541||09|089|0015|Urbano|
60540|Tamarindo|Fraccionamiento|Tepalcatepec|Michoacán de Ocampo||60541|16|60541||21|089|0016|Urbano|
60540|Tejerías|Colonia|Tepalcatepec|Michoacán de Ocampo||60541|16|60541||09|089|0017|Urbano|
60540|Agrícola|Colonia|Tepalcatepec|Michoacán de Ocampo||60541|16|60541||09|089|0046|Urbano|
60540|El Mirador|Colonia|Tepalcatepec|Michoacán de Ocampo||60541|16|60541||09|089|0047|Urbano|
60540|Tepalcatepec|Pueblo|Tepalcatepec|Michoacán de Ocampo||60541|16|60541||28|089|1853|Urbano|
60542|Nuevo Corongoros|Pueblo|Tepalcatepec|Michoacán de Ocampo||60541|16|60541||28|089|0040|Rural|
60542|Colomotitán|Ranchería|Tepalcatepec|Michoacán de Ocampo||60541|16|60541||29|089|1855|Rural|
60544|La Ordeñita|Pueblo|Tepalcatepec|Michoacán de Ocampo||60541|16|60541||28|089|0033|Rural|
60544|La Raya (Capricho)|Pueblo|Tepalcatepec|Michoacán de Ocampo||60541|16|60541||28|089|2914|Rural|
60545|Loma Blanca|Ranchería|Tepalcatepec|Michoacán de Ocampo||60541|16|60541||29|089|1856|Rural|
60545|Carapuato|Pueblo|Tepalcatepec|Michoacán de Ocampo||60541|16|60541||28|089|4042|Rural|
60547|La Estanzuela|Pueblo|Tepalcatepec|Michoacán de Ocampo||60541|16|60541||28|089|0032|Rural|
60547|El Olivo|Pueblo|Tepalcatepec|Michoacán de Ocampo||60541|16|60541||28|089|2913|Rural|
60550|Las Peñitas|Pueblo|Tepalcatepec|Michoacán de Ocampo||60541|16|60541||28|089|0035|Rural|
60550|Plaza Vieja|Ranchería|Tepalcatepec|Michoacán de Ocampo||60541|16|60541||29|089|1858|Rural|
60550|Taixtán|Ranchería|Tepalcatepec|Michoacán de Ocampo||60541|16|60541||29|089|1859|Rural|
60553|Abrevadero|Pueblo|Tepalcatepec|Michoacán de Ocampo||60541|16|60541||28|089|0018|Rural|
60553|La Ciénega|Pueblo|Tepalcatepec|Michoacán de Ocampo||60541|16|60541||28|089|0031|Rural|
60553|Zoquitita|Pueblo|Tepalcatepec|Michoacán de Ocampo||60541|16|60541||28|089|0044|Rural|
60553|Los Avillos|Ranchería|Tepalcatepec|Michoacán de Ocampo||60541|16|60541||29|089|1857|Rural|
60554|Álvaro Obregón|Pueblo|Tepalcatepec|Michoacán de Ocampo||60541|16|60541||28|089|0019|Rural|
60554|Canoítas|Pueblo|Tepalcatepec|Michoacán de Ocampo||60541|16|60541||28|089|0020|Rural|
60554|El Carrizo|Pueblo|Tepalcatepec|Michoacán de Ocampo||60541|16|60541||28|089|0024|Rural|
60554|Pinolapa|Pueblo|Tepalcatepec|Michoacán de Ocampo||60541|16|60541||28|089|0042|Rural|
60554|Tepemezquites|Pueblo|Tepalcatepec|Michoacán de Ocampo||60541|16|60541||28|089|0043|Rural|
60555|San Isidro Tecuiluca|Ranchería|Tepalcatepec|Michoacán de Ocampo||60541|16|60541||29|089|1860|Rural|
60555|La Romera|Ranchería|Tepalcatepec|Michoacán de Ocampo||60541|16|60541||29|089|1861|Rural|
60555|Las Primaveras|Colonia|Tepalcatepec|Michoacán de Ocampo||60541|16|60541||09|089|4811|Rural|
60556|El Colomo|Pueblo|Tepalcatepec|Michoacán de Ocampo||60541|16|60541||28|089|0025|Rural|
60556|El Terrenate|Pueblo|Tepalcatepec|Michoacán de Ocampo||60541|16|60541||28|089|0029|Rural|
60556|Las Mesas del Terrenate|Pueblo|Tepalcatepec|Michoacán de Ocampo||60541|16|60541||28|089|2915|Rural|
60556|La Limonera del Terrenate|Pueblo|Tepalcatepec|Michoacán de Ocampo||60541|16|60541||28|089|2916|Rural|
60557|El Fuerte|Pueblo|Tepalcatepec|Michoacán de Ocampo||60541|16|60541||28|089|0026|Rural|
60560|Cansangüe|Ranchería|Tepalcatepec|Michoacán de Ocampo||60541|16|60541||29|089|1852|Rural|
60560|El Bejuco|Ranchería|Tepalcatepec|Michoacán de Ocampo||60541|16|60541||29|089|1862|Rural|
60563|Pancha López|Pueblo|Tepalcatepec|Michoacán de Ocampo||60541|16|60541||28|089|0041|Rural|
60564|Colomo del Bule|Pueblo|Tepalcatepec|Michoacán de Ocampo||60541|16|60541||28|089|0021|Rural|
60564|El Aguaje Viejo|Pueblo|Tepalcatepec|Michoacán de Ocampo||60541|16|60541||28|089|0023|Rural|
60564|El Montoso|Pueblo|Tepalcatepec|Michoacán de Ocampo||60541|16|60541||28|089|0028|Rural|
60565|Ejido la Palma (Los Mojos)|Ranchería|Tepalcatepec|Michoacán de Ocampo||60541|16|60541||29|089|0022|Rural|
60565|La Bocanda|Pueblo|Tepalcatepec|Michoacán de Ocampo||60541|16|60541||28|089|0030|Rural|
60565|Las Víboras|Rancho|Tepalcatepec|Michoacán de Ocampo||60541|16|60541||48|089|0045|Rural|
60565|El Cajón|Ranchería|Tepalcatepec|Michoacán de Ocampo||60541|16|60541||29|089|1863|Rural|
60566|El Molino|Pueblo|Tepalcatepec|Michoacán de Ocampo||60541|16|60541||28|089|0027|Rural|
60566|Las Juntas|Pueblo|Tepalcatepec|Michoacán de Ocampo||60541|16|60541||28|089|0034|Rural|
60566|Los Cuches|Pueblo|Tepalcatepec|Michoacán de Ocampo||60541|16|60541||28|089|0037|Rural|
60566|Los Tamarindos|Pueblo|Tepalcatepec|Michoacán de Ocampo||60541|16|60541||28|089|0039|Rural|
60567|Los Anonillos|Pueblo|Tepalcatepec|Michoacán de Ocampo||60541|16|60541||28|089|0036|Rural|
60567|Los Horcones|Pueblo|Tepalcatepec|Michoacán de Ocampo||60541|16|60541||28|089|0038|Rural|
60570|Aguililla|Pueblo|Aguililla|Michoacán de Ocampo||60572|16|60572||28|002|1864|Urbano|
60570|24 de Agosto|Colonia|Aguililla|Michoacán de Ocampo||60572|16|60572||09|002|5132|Urbano|
60570|Amezcua|Colonia|Aguililla|Michoacán de Ocampo||60572|16|60572||09|002|5133|Urbano|
60570|Cantera|Colonia|Aguililla|Michoacán de Ocampo||60572|16|60572||09|002|5134|Urbano|
60570|Charcos|Colonia|Aguililla|Michoacán de Ocampo||60572|16|60572||09|002|5135|Urbano|
60570|David Franco Rodríguez|Colonia|Aguililla|Michoacán de Ocampo||60572|16|60572||09|002|5136|Urbano|
60570|Del Parque|Colonia|Aguililla|Michoacán de Ocampo||60572|16|60572||09|002|5137|Urbano|
60570|Ejidal|Colonia|Aguililla|Michoacán de Ocampo||60572|16|60572||09|002|5138|Urbano|
60570|El Parnaso|Colonia|Aguililla|Michoacán de Ocampo||60572|16|60572||09|002|5139|Urbano|
60570|La Guayabera|Colonia|Aguililla|Michoacán de Ocampo||60572|16|60572||09|002|5140|Urbano|
60570|Las Enrramadas|Colonia|Aguililla|Michoacán de Ocampo||60572|16|60572||09|002|5141|Urbano|
60570|Las Flores|Colonia|Aguililla|Michoacán de Ocampo||60572|16|60572||09|002|5142|Urbano|
60570|Leandro Valle|Colonia|Aguililla|Michoacán de Ocampo||60572|16|60572||09|002|5143|Urbano|
60570|Lázaro Cárdenas|Colonia|Aguililla|Michoacán de Ocampo||60572|16|60572||09|002|5144|Urbano|
60570|Magisterio|Colonia|Aguililla|Michoacán de Ocampo||60572|16|60572||09|002|5145|Urbano|
60570|San Antonio|Colonia|Aguililla|Michoacán de Ocampo||60572|16|60572||09|002|5146|Urbano|
60571|Dos Aguas|Ranchería|Aguililla|Michoacán de Ocampo||60572|16|60572||29|002|1865|Rural|
60573|La Mora|Rancho|Aguililla|Michoacán de Ocampo||60572|16|60572||48|002|0003|Rural|
60573|El Barbasco|Ranchería|Aguililla|Michoacán de Ocampo||60572|16|60572||29|002|5165|Rural|
60573|El Capire|Ranchería|Aguililla|Michoacán de Ocampo||60572|16|60572||29|002|5170|Rural|
60573|El Manguito|Ranchería|Aguililla|Michoacán de Ocampo||60572|16|60572||29|002|5190|Rural|
60573|El Palo Dulce|Ranchería|Aguililla|Michoacán de Ocampo||60572|16|60572||29|002|5194|Rural|
60573|El Puente del Encinal|Ranchería|Aguililla|Michoacán de Ocampo||60572|16|60572||29|002|5204|Rural|
60573|El Rincón|Ranchería|Aguililla|Michoacán de Ocampo||60572|16|60572||29|002|5208|Rural|
60573|La Cabra|Ranchería|Aguililla|Michoacán de Ocampo||60572|16|60572||29|002|5228|Rural|
60573|La Calabaza|Ranchería|Aguililla|Michoacán de Ocampo||60572|16|60572||29|002|5229|Rural|
60573|La Estancia|Ranchería|Aguililla|Michoacán de Ocampo||60572|16|60572||29|002|5237|Rural|
60573|La Gallina|Ranchería|Aguililla|Michoacán de Ocampo||60572|16|60572||29|002|5239|Rural|
60573|La Laguna|Ranchería|Aguililla|Michoacán de Ocampo||60572|16|60572||29|002|5250|Rural|
60573|La Lobera|Ranchería|Aguililla|Michoacán de Ocampo||60572|16|60572||29|002|5253|Rural|
60573|La Pinzanera|Ranchería|Aguililla|Michoacán de Ocampo||60572|16|60572||29|002|5268|Rural|
60573|La Tacuachera|Ranchería|Aguililla|Michoacán de Ocampo||60572|16|60572||29|002|5271|Rural|
60573|La Tasajera|Ranchería|Aguililla|Michoacán de Ocampo||60572|16|60572||29|002|5272|Rural|
60573|Puerto la Guayabera|Ranchería|Aguililla|Michoacán de Ocampo||60572|16|60572||29|002|5323|Rural|
60574|Colonia la Paz (Crucero de Dos Aguas)|Ranchería|Aguililla|Michoacán de Ocampo||60572|16|60572||29|002|5158|Rural|
60574|El Chical|Ranchería|Aguililla|Michoacán de Ocampo||60572|16|60572||29|002|5174|Rural|
60574|El Chino|Ranchería|Aguililla|Michoacán de Ocampo||60572|16|60572||29|002|5175|Rural|
60574|El Guaco|Ranchería|Aguililla|Michoacán de Ocampo||60572|16|60572||29|002|5182|Rural|
60574|El Pelechado|Ranchería|Aguililla|Michoacán de Ocampo||60572|16|60572||29|002|5197|Rural|
60574|El Pinzán|Ranchería|Aguililla|Michoacán de Ocampo||60572|16|60572||29|002|5200|Rural|
60574|El Platanillo|Ranchería|Aguililla|Michoacán de Ocampo||60572|16|60572||29|002|5201|Rural|
60574|El Salto|Ranchería|Aguililla|Michoacán de Ocampo||60572|16|60572||29|002|5209|Rural|
60574|El Tigre|Ranchería|Aguililla|Michoacán de Ocampo||60572|16|60572||29|002|5216|Rural|
60574|El Tigre|Ejido|Aguililla|Michoacán de Ocampo||60572|16|60572||15|002|5217|Rural|
60574|Falsetes|Ranchería|Aguililla|Michoacán de Ocampo||60572|16|60572||29|002|5224|Rural|
60574|La Laja|Ranchería|Aguililla|Michoacán de Ocampo||60572|16|60572||29|002|5252|Rural|
60574|La Palma (La Palmita)|Ranchería|Aguililla|Michoacán de Ocampo||60572|16|60572||29|002|5262|Rural|
60574|Las Camelinas|Ranchería|Aguililla|Michoacán de Ocampo||60572|16|60572||29|002|5277|Rural|
60574|Las Crucitas|Ranchería|Aguililla|Michoacán de Ocampo||60572|16|60572||29|002|5282|Rural|
60574|Patacuas|Ranchería|Aguililla|Michoacán de Ocampo||60572|16|60572||29|002|5315|Rural|
60575|El Capulín|Ranchería|Aguililla|Michoacán de Ocampo||60572|16|60572||29|002|5172|Rural|
60575|El Pino|Ranchería|Aguililla|Michoacán de Ocampo||60572|16|60572||29|002|5199|Rural|
60575|El Resumidero|Ranchería|Aguililla|Michoacán de Ocampo||60572|16|60572||29|002|5206|Rural|
60575|El Varil|Ranchería|Aguililla|Michoacán de Ocampo||60572|16|60572||29|002|5219|Rural|
60575|La Laja|Ranchería|Aguililla|Michoacán de Ocampo||60572|16|60572||29|002|5251|Rural|
60575|Las Ollas|Ranchería|Aguililla|Michoacán de Ocampo||60572|16|60572||29|002|5289|Rural|
60575|Las Parotas|Ranchería|Aguililla|Michoacán de Ocampo||60572|16|60572||29|002|5291|Rural|
60575|Los Horcones|Ranchería|Aguililla|Michoacán de Ocampo||60572|16|60572||29|002|5298|Rural|
60575|Los Llanitos|Ranchería|Aguililla|Michoacán de Ocampo||60572|16|60572||29|002|5300|Rural|
60575|Palo Dulce|Ranchería|Aguililla|Michoacán de Ocampo||60572|16|60572||29|002|5309|Rural|
60575|Paracho|Ranchería|Aguililla|Michoacán de Ocampo||60572|16|60572||29|002|5312|Rural|
60575|Piedra Verde|Ranchería|Aguililla|Michoacán de Ocampo||60572|16|60572||29|002|5317|Rural|
60576|Agua Fría|Ranchería|Aguililla|Michoacán de Ocampo||60572|16|60572||29|002|5147|Rural|
60576|Barranca de Ruelas|Ranchería|Aguililla|Michoacán de Ocampo||60572|16|60572||29|002|5153|Rural|
60576|El Comalito|Ranchería|Aguililla|Michoacán de Ocampo||60572|16|60572||29|002|5177|Rural|
60576|El Corral de Piedra|Ranchería|Aguililla|Michoacán de Ocampo||60572|16|60572||29|002|5178|Rural|
60576|El Palmito|Ranchería|Aguililla|Michoacán de Ocampo||60572|16|60572||29|002|5193|Rural|
60576|El Tacote|Ranchería|Aguililla|Michoacán de Ocampo||60572|16|60572||29|002|5211|Rural|
60576|La Canoa|Ranchería|Aguililla|Michoacán de Ocampo||60572|16|60572||29|002|5231|Rural|
60576|La Guayabera|Ranchería|Aguililla|Michoacán de Ocampo||60572|16|60572||29|002|5242|Rural|
60576|La Línea|Ranchería|Aguililla|Michoacán de Ocampo||60572|16|60572||29|002|5256|Rural|
60576|Las Trojas|Ranchería|Aguililla|Michoacán de Ocampo||60572|16|60572||29|002|5293|Rural|
60576|Los Fresnos|Ranchería|Aguililla|Michoacán de Ocampo||60572|16|60572||29|002|5297|Rural|
60576|Piedra Rodada|Ranchería|Aguililla|Michoacán de Ocampo||60572|16|60572||29|002|5316|Rural|
60576|Tierra de Bueyes|Ranchería|Aguililla|Michoacán de Ocampo||60572|16|60572||29|002|5329|Rural|
60577|Alberca|Ranchería|Aguililla|Michoacán de Ocampo||60572|16|60572||29|002|5149|Rural|
60577|Barranca Honda|Ranchería|Aguililla|Michoacán de Ocampo||60572|16|60572||29|002|5155|Rural|
60577|El Cedral|Ranchería|Aguililla|Michoacán de Ocampo||60572|16|60572||29|002|5173|Rural|
60577|La Joyita|Ranchería|Aguililla|Michoacán de Ocampo||60572|16|60572||29|002|5249|Rural|
60577|La Palmera|Ranchería|Aguililla|Michoacán de Ocampo||60572|16|60572||29|002|5263|Rural|
60577|La Parota|Ranchería|Aguililla|Michoacán de Ocampo||60572|16|60572||29|002|5264|Rural|
60577|La Parota de la Pista|Ranchería|Aguililla|Michoacán de Ocampo||60572|16|60572||29|002|5266|Rural|
60577|Las Canoas|Ranchería|Aguililla|Michoacán de Ocampo||60572|16|60572||29|002|5280|Rural|
60577|Los Fierrillos|Ranchería|Aguililla|Michoacán de Ocampo||60572|16|60572||29|002|5296|Rural|
60577|Tepoztán de Abajo|Ranchería|Aguililla|Michoacán de Ocampo||60572|16|60572||29|002|5328|Rural|
60577|Tierras Blancas|Ranchería|Aguililla|Michoacán de Ocampo||60572|16|60572||29|002|5331|Rural|
60578|Alacranes|Ranchería|Aguililla|Michoacán de Ocampo||60572|16|60572||29|002|5148|Rural|
60578|El Cóbano|Ranchería|Aguililla|Michoacán de Ocampo||60572|16|60572||29|002|5168|Rural|
60578|El Pinabete|Ranchería|Aguililla|Michoacán de Ocampo||60572|16|60572||29|002|5198|Rural|
60578|El Zapote|Ranchería|Aguililla|Michoacán de Ocampo||60572|16|60572||29|002|5222|Rural|
60578|La Cuata|Ranchería|Aguililla|Michoacán de Ocampo||60572|16|60572||29|002|5235|Rural|
60578|La Mina|Ranchería|Aguililla|Michoacán de Ocampo||60572|16|60572||29|002|5258|Rural|
60578|La Ordeñita|Ranchería|Aguililla|Michoacán de Ocampo||60572|16|60572||29|002|5260|Rural|
60578|La Sidra|Ranchería|Aguililla|Michoacán de Ocampo||60572|16|60572||29|002|5270|Rural|
60578|La Troja Nueva|Ranchería|Aguililla|Michoacán de Ocampo||60572|16|60572||29|002|5274|Rural|
60578|Las Juntas|Ranchería|Aguililla|Michoacán de Ocampo||60572|16|60572||29|002|5288|Rural|
60578|Los Llanitos|Ranchería|Aguililla|Michoacán de Ocampo||60572|16|60572||29|002|5301|Rural|
60578|Los Manguitos|Ranchería|Aguililla|Michoacán de Ocampo||60572|16|60572||29|002|5302|Rural|
60578|Mesa del Tigre|Ranchería|Aguililla|Michoacán de Ocampo||60572|16|60572||29|002|5306|Rural|
60578|Paso de las Vacas|Ranchería|Aguililla|Michoacán de Ocampo||60572|16|60572||29|002|5313|Rural|
60578|Tierra de Bueyes|Ranchería|Aguililla|Michoacán de Ocampo||60572|16|60572||29|002|5330|Rural|
60578|Viveros el Roble|Ranchería|Aguililla|Michoacán de Ocampo||60572|16|60572||29|002|5332|Rural|
60580|El Aguaje|Pueblo|Aguililla|Michoacán de Ocampo||60572|16|60572||28|002|1868|Urbano|
60580|El Aguaje (Cantarranas)|Colonia|Aguililla|Michoacán de Ocampo||60572|16|60572||09|002|5130|Urbano|
60580|El Aguaje (El Fraile)|Colonia|Aguililla|Michoacán de Ocampo||60572|16|60572||09|002|5131|Urbano|
60581|General Lázaro Cárdenas (El Limón)|Ranchería|Aguililla|Michoacán de Ocampo||60572|16|60572||29|002|1869|Rural|
60581|El Rodeo|Pueblo|Aguililla|Michoacán de Ocampo||60572|16|60572||28|002|3999|Rural|
60581|La Bocanita|Pueblo|Aguililla|Michoacán de Ocampo||60572|16|60572||28|002|4000|Rural|
60582|El Charapo (Palo Alto)|Pueblo|Aguililla|Michoacán de Ocampo||60572|16|60572||28|002|1870|Rural|
60582|Naranjo de Chila|Ranchería|Aguililla|Michoacán de Ocampo||60572|16|60572||29|002|1872|Rural|
60583|El Limoncito|Ranchería|Aguililla|Michoacán de Ocampo||60572|16|60572||29|002|1874|Rural|
60583|La Parota|Ranchería|Aguililla|Michoacán de Ocampo||60572|16|60572||29|002|5265|Rural|
60583|Las Camichinas|Ranchería|Aguililla|Michoacán de Ocampo||60572|16|60572||29|002|5278|Rural|
60583|Las Palomas|Ranchería|Aguililla|Michoacán de Ocampo||60572|16|60572||29|002|5290|Rural|
60583|Potrerillos|Ranchería|Aguililla|Michoacán de Ocampo||60572|16|60572||29|002|5319|Rural|
60584|La Mina|Ranchería|Aguililla|Michoacán de Ocampo||60572|16|60572||29|002|5259|Rural|
60584|Naranjo Viejo|Ranchería|Aguililla|Michoacán de Ocampo||60572|16|60572||29|002|5308|Rural|
60585|Palo Alto (Hacienda Palo Alto)|Fraccionamiento|Aguililla|Michoacán de Ocampo||60572|16|60572||21|002|1873|Rural|
60585|El Tazumbo|Ranchería|Aguililla|Michoacán de Ocampo||60572|16|60572||29|002|5213|Rural|
60585|El Varil (Loma de la Paja)|Ranchería|Aguililla|Michoacán de Ocampo||60572|16|60572||29|002|5220|Rural|
60585|Los Horcones|Ranchería|Aguililla|Michoacán de Ocampo||60572|16|60572||29|002|5299|Rural|
60585|Rancho Viejo|Ranchería|Aguililla|Michoacán de Ocampo||60572|16|60572||29|002|5325|Rural|
60586|La Palma|Ranchería|Aguililla|Michoacán de Ocampo||60572|16|60572||29|002|5261|Rural|
60586|La Tasajerilla|Ranchería|Aguililla|Michoacán de Ocampo||60572|16|60572||29|002|5273|Rural|
60587|Arroyo Seco|Ranchería|Aguililla|Michoacán de Ocampo||60572|16|60572||29|002|5150|Rural|
60587|El Guayabal (El Guayabal Sur)|Ranchería|Aguililla|Michoacán de Ocampo||60572|16|60572||29|002|5183|Rural|
60587|El Tamarindo|Ranchería|Aguililla|Michoacán de Ocampo||60572|16|60572||29|002|5212|Rural|
60587|Huisto|Ranchería|Aguililla|Michoacán de Ocampo||60572|16|60572||29|002|5225|Rural|
60587|La Huerta|Ranchería|Aguililla|Michoacán de Ocampo||60572|16|60572||29|002|5247|Rural|
60587|La Longaniza|Ranchería|Aguililla|Michoacán de Ocampo||60572|16|60572||29|002|5255|Rural|
60587|Los Parajes|Ranchería|Aguililla|Michoacán de Ocampo||60572|16|60572||29|002|5305|Rural|
60587|Palos Altos|Ranchería|Aguililla|Michoacán de Ocampo||60572|16|60572||29|002|5310|Rural|
60587|Voladeros|Ranchería|Aguililla|Michoacán de Ocampo||60572|16|60572||29|002|5333|Rural|
60590|Peña Colorada (la Peña)|Pueblo|Aguililla|Michoacán de Ocampo||60572|16|60572||28|002|1875|Rural|
60590|El Pueblito|Ranchería|Aguililla|Michoacán de Ocampo||60572|16|60572||29|002|5203|Rural|
60590|El Timbiriche (Barranca del Timbiriche)|Ranchería|Aguililla|Michoacán de Ocampo||60572|16|60572||29|002|5218|Rural|
60590|La Cebadilla (Barranca de la Cebadilla)|Ranchería|Aguililla|Michoacán de Ocampo||60572|16|60572||29|002|5233|Rural|
60590|La Golondrina|Ranchería|Aguililla|Michoacán de Ocampo||60572|16|60572||29|002|5240|Rural|
60590|La Haciendita|Ranchería|Aguililla|Michoacán de Ocampo||60572|16|60572||29|002|5243|Rural|
60590|La Sidra|Ranchería|Aguililla|Michoacán de Ocampo||60572|16|60572||29|002|5269|Rural|
60590|Los Obscuros|Ranchería|Aguililla|Michoacán de Ocampo||60572|16|60572||29|002|5304|Rural|
60590|Puerto de la Olla|Ranchería|Aguililla|Michoacán de Ocampo||60572|16|60572||29|002|5321|Rural|
60593|Barranca del Aguacate|Ranchería|Aguililla|Michoacán de Ocampo||60572|16|60572||29|002|5154|Rural|
60593|Corral de Piedra|Ranchería|Aguililla|Michoacán de Ocampo||60572|16|60572||29|002|5159|Rural|
60593|El Añil (Agua Zarca)|Ranchería|Aguililla|Michoacán de Ocampo||60572|16|60572||29|002|5162|Rural|
60593|El Capire|Ranchería|Aguililla|Michoacán de Ocampo||60572|16|60572||29|002|5171|Rural|
60593|El Higueral|Ranchería|Aguililla|Michoacán de Ocampo||60572|16|60572||29|002|5184|Rural|
60593|El Moro|Ranchería|Aguililla|Michoacán de Ocampo||60572|16|60572||29|002|5191|Rural|
60593|La Bocana de la Barranca del Aguacate|Ranchería|Aguililla|Michoacán de Ocampo||60572|16|60572||29|002|5227|Rural|
60593|La Casona|Ranchería|Aguililla|Michoacán de Ocampo||60572|16|60572||29|002|5232|Rural|
60593|La Granja|Ranchería|Aguililla|Michoacán de Ocampo||60572|16|60572||29|002|5241|Rural|
60593|La Higuera de la Virgen|Ranchería|Aguililla|Michoacán de Ocampo||60572|16|60572||29|002|5244|Rural|
60593|La Huerta|Ranchería|Aguililla|Michoacán de Ocampo||60572|16|60572||29|002|5246|Rural|
60593|La Pilastra|Ranchería|Aguililla|Michoacán de Ocampo||60572|16|60572||29|002|5267|Rural|
60593|Las Crucitas|Ranchería|Aguililla|Michoacán de Ocampo||60572|16|60572||29|002|5281|Rural|
60593|Las Higueras Tarepe|Ranchería|Aguililla|Michoacán de Ocampo||60572|16|60572||29|002|5285|Rural|
60593|Rancho de Macías|Ranchería|Aguililla|Michoacán de Ocampo||60572|16|60572||29|002|5324|Rural|
60593|Subida a Tres Cerritos|Ranchería|Aguililla|Michoacán de Ocampo||60572|16|60572||29|002|5327|Rural|
60594|El Sauz|Ranchería|Aguililla|Michoacán de Ocampo||60572|16|60572||29|002|5210|Rural|
60594|Las Piedras de Amolar|Ranchería|Aguililla|Michoacán de Ocampo||60572|16|60572||29|002|5292|Rural|
60595|El Cóbano|Rancho|Aguililla|Michoacán de Ocampo||60572|16|60572||48|002|0004|Rural|
60595|El Zapote|Ranchería|Aguililla|Michoacán de Ocampo||60572|16|60572||29|002|5221|Rural|
60595|La Barilera|Ranchería|Aguililla|Michoacán de Ocampo||60572|16|60572||29|002|5226|Rural|
60595|La Camalotera|Ranchería|Aguililla|Michoacán de Ocampo||60572|16|60572||29|002|5230|Rural|
60595|La Fortuna|Ranchería|Aguililla|Michoacán de Ocampo||60572|16|60572||29|002|5238|Rural|
60595|La Hujera|Ranchería|Aguililla|Michoacán de Ocampo||60572|16|60572||29|002|5248|Rural|
60595|Paso de los Atutos|Ranchería|Aguililla|Michoacán de Ocampo||60572|16|60572||29|002|5314|Rural|
60596|El Barro|Rancho|Aguililla|Michoacán de Ocampo||60572|16|60572||48|002|0005|Rural|
60596|Chapula|Ranchería|Aguililla|Michoacán de Ocampo||60572|16|60572||29|002|5157|Rural|
60596|El Barbecho|Ranchería|Aguililla|Michoacán de Ocampo||60572|16|60572||29|002|5166|Rural|
60596|El Hondable|Ranchería|Aguililla|Michoacán de Ocampo||60572|16|60572||29|002|5185|Rural|
60596|El Jovero|Ranchería|Aguililla|Michoacán de Ocampo||60572|16|60572||29|002|5187|Rural|
60596|El Rincón|Ranchería|Aguililla|Michoacán de Ocampo||60572|16|60572||29|002|5207|Rural|
60596|La Venadera|Ranchería|Aguililla|Michoacán de Ocampo||60572|16|60572||29|002|5275|Rural|
60596|Las Canoas|Ranchería|Aguililla|Michoacán de Ocampo||60572|16|60572||29|002|5279|Rural|
60596|Las Juntas|Ranchería|Aguililla|Michoacán de Ocampo||60572|16|60572||29|002|5287|Rural|
60596|Los Nogales (Los Nogales de Chapula)|Ranchería|Aguililla|Michoacán de Ocampo||60572|16|60572||29|002|5303|Rural|
60596|Mirador de Chapula|Ranchería|Aguililla|Michoacán de Ocampo||60572|16|60572||29|002|5307|Rural|
60596|Puerto del Platanillo|Ranchería|Aguililla|Michoacán de Ocampo||60572|16|60572||29|002|5322|Rural|
60597|La Bolsa (Paso de la Bolsa)|Rancho|Aguililla|Michoacán de Ocampo||60572|16|60572||48|002|0001|Rural|
60597|Barbechitos (Capirones)|Ranchería|Aguililla|Michoacán de Ocampo||60572|16|60572||29|002|5151|Rural|
60597|Casas Blanqueadas|Ranchería|Aguililla|Michoacán de Ocampo||60572|16|60572||29|002|5156|Rural|
60597|El Aguacate|Ranchería|Aguililla|Michoacán de Ocampo||60572|16|60572||29|002|5163|Rural|
60597|El Ancón|Ranchería|Aguililla|Michoacán de Ocampo||60572|16|60572||29|002|5164|Rural|
60597|El Blanqueadero|Ranchería|Aguililla|Michoacán de Ocampo||60572|16|60572||29|002|5167|Rural|
60597|El Capire|Ranchería|Aguililla|Michoacán de Ocampo||60572|16|60572||29|002|5169|Rural|
60597|El Chupadero|Ranchería|Aguililla|Michoacán de Ocampo||60572|16|60572||29|002|5176|Rural|
60597|El Fresnal (El Limoncito)|Ranchería|Aguililla|Michoacán de Ocampo||60572|16|60572||29|002|5181|Rural|
60597|El Infiernillo|Ranchería|Aguililla|Michoacán de Ocampo||60572|16|60572||29|002|5186|Rural|
60597|El Paredón Colorado|Ranchería|Aguililla|Michoacán de Ocampo||60572|16|60572||29|002|5195|Rural|
60597|El Potrero|Ranchería|Aguililla|Michoacán de Ocampo||60572|16|60572||29|002|5202|Rural|
60597|La Higuera Podrida|Ranchería|Aguililla|Michoacán de Ocampo||60572|16|60572||29|002|5245|Rural|
60597|La Loma|Ranchería|Aguililla|Michoacán de Ocampo||60572|16|60572||29|002|5254|Rural|
60597|La Mesa del Burro|Ranchería|Aguililla|Michoacán de Ocampo||60572|16|60572||29|002|5257|Rural|
60597|Las Guasimitas|Ranchería|Aguililla|Michoacán de Ocampo||60572|16|60572||29|002|5284|Rural|
60597|Las Huertas|Ranchería|Aguililla|Michoacán de Ocampo||60572|16|60572||29|002|5286|Rural|
60597|Porucho|Ranchería|Aguililla|Michoacán de Ocampo||60572|16|60572||29|002|5318|Rural|
60600|Apatzingán de La Constitución Centro|Colonia|Apatzingán|Michoacán de Ocampo|Apatzingán de la Constitución|60601|16|60601||09|006|1876|Urbano|01
60610|Buenos Aires|Colonia|Apatzingán|Michoacán de Ocampo|Apatzingán de la Constitución|60601|16|60601||09|006|1878|Urbano|01
60615|Alfonso Ureña|Colonia|Apatzingán|Michoacán de Ocampo|Apatzingán de la Constitución|60601|16|60601||09|006|1879|Urbano|01
60615|Bachilleres|Colonia|Apatzingán|Michoacán de Ocampo|Apatzingán de la Constitución|60601|16|60601||09|006|1880|Urbano|01
60615|Rubén Romero|Colonia|Apatzingán|Michoacán de Ocampo|Apatzingán de la Constitución|60601|16|60601||09|006|1881|Urbano|01
60615|Jardines de Hunguaro|Fraccionamiento|Apatzingán|Michoacán de Ocampo|Apatzingán de la Constitución|60601|16|60601||21|006|3512|Urbano|01
60615|José María Tafolla|Colonia|Apatzingán|Michoacán de Ocampo|Apatzingán de la Constitución|60601|16|60601||09|006|3513|Urbano|01
60615|Valle Dorado|Colonia|Apatzingán|Michoacán de Ocampo|Apatzingán de la Constitución|60601|16|60601||09|006|4359|Urbano|01
60616|Emiliano Zapata|Colonia|Apatzingán|Michoacán de Ocampo|Apatzingán de la Constitución|60601|16|60601||09|006|1882|Urbano|01
60616|Gertrudis Bocanegra|Colonia|Apatzingán|Michoacán de Ocampo|Apatzingán de la Constitución|60601|16|60601||09|006|1883|Urbano|01
60616|Mirador del Valle|Colonia|Apatzingán|Michoacán de Ocampo|Apatzingán de la Constitución|60601|16|60601||09|006|4357|Urbano|01
60619|Pénjamo|Colonia|Apatzingán|Michoacán de Ocampo|Apatzingán de la Constitución|60601|16|60601||09|006|1886|Urbano|01
60620|18 de Marzo|Colonia|Apatzingán|Michoacán de Ocampo|Apatzingán de la Constitución|60601|16|60601||09|006|1887|Urbano|01
60620|Zaragoza|Colonia|Apatzingán|Michoacán de Ocampo|Apatzingán de la Constitución|60601|16|60601||09|006|1888|Urbano|01
60626|FOVISSSTE|Unidad habitacional|Apatzingán|Michoacán de Ocampo|Apatzingán de la Constitución|60601|16|60601||31|006|1884|Urbano|01
60626|Generalísimo Morelos|Fraccionamiento|Apatzingán|Michoacán de Ocampo|Apatzingán de la Constitución|60601|16|60601||21|006|1890|Urbano|01
60626|La Fuente|Unidad habitacional|Apatzingán|Michoacán de Ocampo|Apatzingán de la Constitución|60601|16|60601||31|006|1891|Urbano|01
60626|INFONAVIT Los Pochotes|Conjunto habitacional|Apatzingán|Michoacán de Ocampo|Apatzingán de la Constitución|60601|16|60601||12|006|4773|Urbano|01
60627|Tierras Blancas|Colonia|Apatzingán|Michoacán de Ocampo|Apatzingán de la Constitución|60601|16|60601||09|006|1892|Urbano|01
60628|Atimapa|Colonia|Apatzingán|Michoacán de Ocampo|Apatzingán de la Constitución|60601|16|60601||09|006|1893|Urbano|01
60628|Porfirio Ponce|Fraccionamiento|Apatzingán|Michoacán de Ocampo|Apatzingán de la Constitución|60601|16|60601||21|006|4358|Urbano|01
60628|Ejido Atimapa|Colonia|Apatzingán|Michoacán de Ocampo|Apatzingán de la Constitución|60601|16|60601||09|006|4914|Urbano|01
60628|Jardines de Atimapa|Colonia|Apatzingán|Michoacán de Ocampo|Apatzingán de la Constitución|60601|16|60601||09|006|4915|Urbano|01
60630|Independencia|Colonia|Apatzingán|Michoacán de Ocampo|Apatzingán de la Constitución|60601|16|60601||09|006|1895|Urbano|01
60630|Josefa Ortiz de Domínguez|Colonia|Apatzingán|Michoacán de Ocampo|Apatzingán de la Constitución|60601|16|60601||09|006|1896|Urbano|01
60630|Lázaro Cárdenas|Colonia|Apatzingán|Michoacán de Ocampo|Apatzingán de la Constitución|60601|16|60601||09|006|1897|Urbano|01
60633|Lázaro Cárdenas Batel|Fraccionamiento|Apatzingán|Michoacán de Ocampo|Apatzingán de la Constitución|60601|16|60601||21|006|0055|Urbano|01
60633|Lajas de Acapulco|Colonia|Apatzingán|Michoacán de Ocampo|Apatzingán de la Constitución|60601|16|60601||09|006|1927|Urbano|01
60633|Ejido Timapa|Colonia|Apatzingán|Michoacán de Ocampo|Apatzingán de la Constitución|60601|16|60601||09|006|3504|Urbano|01
60633|Luis Donaldo Colosio|Colonia|Apatzingán|Michoacán de Ocampo|Apatzingán de la Constitución|60601|16|60601||09|006|3520|Urbano|01
60637|Leandro Valle|Colonia|Apatzingán|Michoacán de Ocampo|Apatzingán de la Constitución|60601|16|60601||09|006|1898|Urbano|01
60639|La Pradera|Colonia|Apatzingán|Michoacán de Ocampo|Apatzingán de la Constitución|60601|16|60601||09|006|1900|Urbano|01
60640|Aviación|Colonia|Apatzingán|Michoacán de Ocampo|Apatzingán de la Constitución|60601|16|60601||09|006|1901|Urbano|01
60640|Bonifacio Moreno|Colonia|Apatzingán|Michoacán de Ocampo|Apatzingán de la Constitución|60601|16|60601||09|006|1902|Urbano|01
60640|Francisco Villa|Colonia|Apatzingán|Michoacán de Ocampo|Apatzingán de la Constitución|60601|16|60601||09|006|1903|Urbano|01
60640|Morelos|Colonia|Apatzingán|Michoacán de Ocampo|Apatzingán de la Constitución|60601|16|60601||09|006|1904|Urbano|01
60650|Benito Juárez|Colonia|Apatzingán|Michoacán de Ocampo|Apatzingán de la Constitución|60601|16|60601||09|006|1905|Urbano|01
60650|22 de Octubre|Colonia|Apatzingán|Michoacán de Ocampo|Apatzingán de la Constitución|60601|16|60601||09|006|1906|Urbano|01
60654|Vista Hermosa|Colonia|Apatzingán|Michoacán de Ocampo|Apatzingán de la Constitución|60601|16|60601||09|006|1899|Urbano|01
60654|Lomas Verdes|Colonia|Apatzingán|Michoacán de Ocampo|Apatzingán de la Constitución|60601|16|60601||09|006|1908|Urbano|01
60654|Cristóbal Colón|Colonia|Apatzingán|Michoacán de Ocampo|Apatzingán de la Constitución|60601|16|60601||09|006|4356|Urbano|01
60655|Granjas|Colonia|Apatzingán|Michoacán de Ocampo|Apatzingán de la Constitución|60601|16|60601||09|006|1909|Urbano|01
60656|Lomas del Pedregal|Colonia|Apatzingán|Michoacán de Ocampo|Apatzingán de la Constitución|60601|16|60601||09|006|1907|Urbano|01
60656|Adolfo López Mateos|Colonia|Apatzingán|Michoacán de Ocampo|Apatzingán de la Constitución|60601|16|60601||09|006|1910|Urbano|01
60656|Leona Vicario|Colonia|Apatzingán|Michoacán de Ocampo|Apatzingán de la Constitución|60601|16|60601||09|006|3517|Urbano|01
60658|Chávez Tejeda|Colonia|Apatzingán|Michoacán de Ocampo|Apatzingán de la Constitución|60601|16|60601||09|006|1912|Urbano|01
60660|Varillero|Colonia|Apatzingán|Michoacán de Ocampo|Apatzingán de la Constitución|60601|16|60601||09|006|1913|Urbano|01
60660|Ampliación Varillero|Colonia|Apatzingán|Michoacán de Ocampo|Apatzingán de la Constitución|60601|16|60601||09|006|1914|Urbano|01
60663|Tierras Blancas II|Fraccionamiento|Apatzingán|Michoacán de Ocampo|Apatzingán de la Constitución|60601|16|60601||21|006|3523|Urbano|01
60664|Los Pinos|Fraccionamiento|Apatzingán|Michoacán de Ocampo|Apatzingán de la Constitución|60601|16|60601||21|006|4916|Urbano|01
60664|Valle Verde|Colonia|Apatzingán|Michoacán de Ocampo|Apatzingán de la Constitución|60601|16|60601||09|006|4917|Urbano|01
60667|Los Limones|Colonia|Apatzingán|Michoacán de Ocampo|Apatzingán de la Constitución|60601|16|60601||09|006|1915|Urbano|01
60670|Babilonia|Colonia|Apatzingán|Michoacán de Ocampo|Apatzingán de la Constitución|60601|16|60601||09|006|1919|Urbano|01
60670|Miguel Hidalgo|Colonia|Apatzingán|Michoacán de Ocampo|Apatzingán de la Constitución|60601|16|60601||09|006|1920|Urbano|01
60673|Nueva|Colonia|Apatzingán|Michoacán de Ocampo|Apatzingán de la Constitución|60601|16|60601||09|006|1921|Urbano|01
60673|Adolfo Ruiz Cortines|Colonia|Apatzingán|Michoacán de Ocampo|Apatzingán de la Constitución|60601|16|60601||09|006|1922|Urbano|01
60673|Ampliación Ruiz Cortines|Colonia|Apatzingán|Michoacán de Ocampo|Apatzingán de la Constitución|60601|16|60601||09|006|4913|Urbano|01
60674|Ampliación Hacienda de Palmira|Fraccionamiento|Apatzingán|Michoacán de Ocampo|Apatzingán de la Constitución|60601|16|60601||21|006|0056|Urbano|01
60674|Hacienda de Palmira|Fraccionamiento|Apatzingán|Michoacán de Ocampo|Apatzingán de la Constitución|60601|16|60601||21|006|3511|Urbano|01
60676|Bugambilias|Fraccionamiento|Apatzingán|Michoacán de Ocampo|Apatzingán de la Constitución|60601|16|60601||21|006|3505|Urbano|01
60676|Potrerillos|Fraccionamiento|Apatzingán|Michoacán de Ocampo|Apatzingán de la Constitución|60601|16|60601||21|006|5559|Urbano|01
60677|El Tarepe|Colonia|Apatzingán|Michoacán de Ocampo|Apatzingán de la Constitución|60601|16|60601||09|006|3509|Urbano|01
60680|Palmira|Colonia|Apatzingán|Michoacán de Ocampo|Apatzingán de la Constitución|60601|16|60601||09|006|1923|Urbano|01
60683|Lomas de Palmira|Colonia|Apatzingán|Michoacán de Ocampo|Apatzingán de la Constitución|60601|16|60601||09|006|1924|Urbano|01
60684|Satélite|Colonia|Apatzingán|Michoacán de Ocampo|Apatzingán de la Constitución|60601|16|60601||09|006|1925|Urbano|01
60685|Los Arquitos|Colonia|Apatzingán|Michoacán de Ocampo|Apatzingán de la Constitución|60601|16|60601||09|006|1926|Urbano|01
60685|El Cafetal|Colonia|Apatzingán|Michoacán de Ocampo|Apatzingán de la Constitución|60601|16|60601||09|006|3506|Urbano|01
60689|Niños Héroes|Colonia|Apatzingán|Michoacán de Ocampo|Apatzingán de la Constitución|60601|16|60601||09|006|1928|Urbano|01
60690|Ferrocarril|Colonia|Apatzingán|Michoacán de Ocampo|Apatzingán de la Constitución|60601|16|60601||09|006|1929|Urbano|01
60693|Bellavista|Colonia|Apatzingán|Michoacán de Ocampo|Apatzingán de la Constitución|60601|16|60601||09|006|1930|Urbano|01
60693|Priista|Colonia|Apatzingán|Michoacán de Ocampo|Apatzingán de la Constitución|60601|16|60601||09|006|1931|Urbano|01
60694|La Parota|Colonia|Apatzingán|Michoacán de Ocampo|Apatzingán de la Constitución|60601|16|60601||09|006|3515|Urbano|01
60694|La Palillera (Héroes de La Revolución)|Colonia|Apatzingán|Michoacán de Ocampo|Apatzingán de la Constitución|60601|16|60601||09|006|3522|Urbano|01
60695|Zona Industrial|Fraccionamiento|Apatzingán|Michoacán de Ocampo|Apatzingán de la Constitución|60601|16|60601||21|006|1932|Urbano|01
60696|Sentimientos de la Nación|Fraccionamiento|Apatzingán|Michoacán de Ocampo|Apatzingán de la Constitución|60601|16|60601||21|006|0054|Urbano|01
60696|Antorcha Campesina|Fraccionamiento|Apatzingán|Michoacán de Ocampo|Apatzingán de la Constitución|60601|16|60601||21|006|3501|Urbano|01
60696|Apatzingán|Colonia|Apatzingán|Michoacán de Ocampo|Apatzingán de la Constitución|60601|16|60601||09|006|3502|Urbano|01
60696|El Tamarindo|Colonia|Apatzingán|Michoacán de Ocampo|Apatzingán de la Constitución|60601|16|60601||09|006|3508|Urbano|01
60696|Los Girasoles|Fraccionamiento|Apatzingán|Michoacán de Ocampo|Apatzingán de la Constitución|60601|16|60601||21|006|3749|Urbano|01
60696|Melchor Ocampo|Fraccionamiento|Apatzingán|Michoacán de Ocampo|Apatzingán de la Constitución|60601|16|60601||21|006|4994|Urbano|01
60696|Los Girasoles 2da. Etapa|Fraccionamiento|Apatzingán|Michoacán de Ocampo|Apatzingán de la Constitución|60601|16|60601||21|006|4995|Urbano|01
60697|Los Limones INFONAVIT|Unidad habitacional|Apatzingán|Michoacán de Ocampo|Apatzingán de la Constitución|60601|16|60601||31|006|1933|Urbano|01
60697|El Higueral|Colonia|Apatzingán|Michoacán de Ocampo|Apatzingán de la Constitución|60601|16|60601||09|006|3507|Urbano|01
60698|Ampliación Florida|Colonia|Apatzingán|Michoacán de Ocampo|Apatzingán de la Constitución|60601|16|60601||09|006|1934|Urbano|01
60698|La Florida|Colonia|Apatzingán|Michoacán de Ocampo|Apatzingán de la Constitución|60601|16|60601||09|006|1935|Urbano|01
60698|Rafael Sánchez Tapia|Colonia|Apatzingán|Michoacán de Ocampo|Apatzingán de la Constitución|60601|16|60601||09|006|3421|Urbano|01
60699|Las Palmas|Colonia|Apatzingán|Michoacán de Ocampo|Apatzingán de la Constitución|60601|16|60601||09|006|1936|Urbano|01
60700|Santiago Acahuato|Pueblo|Apatzingán|Michoacán de Ocampo||60601|16|60601||28|006|1937|Rural|
60710|La Tamarindera|Rancho|Apatzingán|Michoacán de Ocampo||60601|16|60601||48|006|0001|Rural|
60710|José María Morelos|Ranchería|Apatzingán|Michoacán de Ocampo||60601|16|60601||29|006|0006|Rural|
60710|Solidaridad|Rancho|Apatzingán|Michoacán de Ocampo||60601|16|60601||48|006|0018|Rural|
60710|Tecnológico|Fraccionamiento|Apatzingán|Michoacán de Ocampo||60601|16|60601||21|006|0019|Urbano|
60710|Talismán|Rancho|Apatzingán|Michoacán de Ocampo||60601|16|60601||48|006|0051|Rural|
60710|Rancho Nuevo|Rancho|Apatzingán|Michoacán de Ocampo||60601|16|60601||48|006|0053|Rural|
60710|Chandio (Ejido la Concha)|Ejido|Apatzingán|Michoacán de Ocampo||60601|16|60601||15|006|1939|Rural|
60710|El Recreo|Ranchería|Apatzingán|Michoacán de Ocampo||60601|16|60601||29|006|1940|Rural|
60710|El Paraíso|Colonia|Apatzingán|Michoacán de Ocampo||60601|16|60601||09|006|4361|Rural|
60710|Rancho Seco|Ranchería|Apatzingán|Michoacán de Ocampo||60601|16|60601||29|006|4365|Rural|
60710|San Francisco|Ranchería|Apatzingán|Michoacán de Ocampo||60601|16|60601||29|006|4366|Rural|
60713|El Triángulo|Rancho|Apatzingán|Michoacán de Ocampo||60601|16|60601||48|006|0016|Rural|
60713|California|Rancho|Apatzingán|Michoacán de Ocampo||60601|16|60601||48|006|1918|Rural|
60713|Los Hornos|Ranchería|Apatzingán|Michoacán de Ocampo||60601|16|60601||29|006|1941|Rural|
60713|San Juan de los Plátanos|Ranchería|Apatzingán|Michoacán de Ocampo||60601|16|60601||29|006|1942|Rural|
60714|Galeana|Rancho|Apatzingán|Michoacán de Ocampo||60601|16|60601||48|006|0020|Rural|
60714|La Presa|Rancho|Apatzingán|Michoacán de Ocampo||60601|16|60601||48|006|0032|Rural|
60714|Tzentzénguaro|Rancho|Apatzingán|Michoacán de Ocampo||60601|16|60601||48|006|0052|Rural|
60714|Cenobio Moreno (Las Colonias)|Ranchería|Apatzingán|Michoacán de Ocampo||60601|16|60601||29|006|1938|Rural|
60715|Mata de Plátano (Punta de Agua)|Ranchería|Apatzingán|Michoacán de Ocampo||60601|16|60601||29|006|0044|Rural|
60715|Santa Rosa|Rancho|Apatzingán|Michoacán de Ocampo||60601|16|60601||48|006|0050|Rural|
60717|El Molinito (La Primavera)|Ranchería|Apatzingán|Michoacán de Ocampo||60601|16|60601||29|006|1943|Rural|
60717|La Presa de Acahuato|Pueblo|Apatzingán|Michoacán de Ocampo||60601|16|60601||28|006|1957|Rural|
60717|Las Maravillas de Acahuato (La Colonia)|Ranchería|Apatzingán|Michoacán de Ocampo||60601|16|60601||29|006|1958|Rural|
60720|Loma de los Hoyos|Ranchería|Apatzingán|Michoacán de Ocampo||60601|16|60601||29|006|1945|Rural|
60720|Presa del Rosario|Ranchería|Apatzingán|Michoacán de Ocampo||60601|16|60601||29|006|1946|Rural|
60724|Los Laureles|Rancho|Apatzingán|Michoacán de Ocampo||60601|16|60601||48|006|0041|Rural|
60724|Acatlán|Rancho|Apatzingán|Michoacán de Ocampo||60601|16|60601||48|006|1948|Rural|
60724|Guanajuatillo|Pueblo|Apatzingán|Michoacán de Ocampo||60601|16|60601||28|006|3961|Rural|
60725|Crucero de las Cahuingas|Rancho|Apatzingán|Michoacán de Ocampo||60601|16|60601||48|006|0003|Rural|
60725|El Cerro Blanco (Las Galeras)|Rancho|Apatzingán|Michoacán de Ocampo||60601|16|60601||48|006|0009|Rural|
60725|Las Tinajas (El Pilar)|Ranchería|Apatzingán|Michoacán de Ocampo||60601|16|60601||29|006|0036|Rural|
60725|Loma de las Piedras|Rancho|Apatzingán|Michoacán de Ocampo||60601|16|60601||48|006|0039|Rural|
60725|San Fernando|Pueblo|Apatzingán|Michoacán de Ocampo||60601|16|60601||28|006|3960|Rural|
60725|El Manzo|Pueblo|Apatzingán|Michoacán de Ocampo||60601|16|60601||28|006|3962|Rural|
60726|El Alcalde|Ranchería|Apatzingán|Michoacán de Ocampo||60601|16|60601||29|006|1944|Rural|
60726|Cuauhtémoc Cárdenas (El Guayabo)|Ranchería|Apatzingán|Michoacán de Ocampo||60601|16|60601||29|006|4360|Rural|
60726|El Pitahayo|Rancho|Apatzingán|Michoacán de Ocampo||60601|16|60601||48|006|4362|Rural|
60727|La Embarillada|Rancho|Apatzingán|Michoacán de Ocampo||60601|16|60601||48|006|0025|Rural|
60727|La Limonera|Rancho|Apatzingán|Michoacán de Ocampo||60601|16|60601||48|006|0026|Rural|
60727|La Salatera|Rancho|Apatzingán|Michoacán de Ocampo||60601|16|60601||48|006|0033|Rural|
60727|Las Anonas|Rancho|Apatzingán|Michoacán de Ocampo||60601|16|60601||48|006|0035|Rural|
60728|El Valle de Acatlán|Rancho|Apatzingán|Michoacán de Ocampo||60601|16|60601||48|006|0017|Rural|
60728|La Mesa de la India|Rancho|Apatzingán|Michoacán de Ocampo||60601|16|60601||48|006|0027|Rural|
60730|Puerta de Alambre (Ayacuato)|Ranchería|Apatzingán|Michoacán de Ocampo||60601|16|60601||29|006|1949|Rural|
60734|Paso del Capire|Rancho|Apatzingán|Michoacán de Ocampo||60601|16|60601||48|006|0047|Rural|
60735|El Llano Grande|Ranchería|Apatzingán|Michoacán de Ocampo||60601|16|60601||29|006|0011|Rural|
60735|El Tepetate|Rancho|Apatzingán|Michoacán de Ocampo||60601|16|60601||48|006|0015|Rural|
60735|Las Bateas (El Venteadero)|Ranchería|Apatzingán|Michoacán de Ocampo||60601|16|60601||29|006|4364|Rural|
60736|La Alberca|Rancho|Apatzingán|Michoacán de Ocampo||60601|16|60601||48|006|0021|Rural|
60736|La Nopalera Poniente|Ranchería|Apatzingán|Michoacán de Ocampo||60601|16|60601||29|006|0028|Rural|
60736|La Cuchara|Ranchería|Apatzingán|Michoacán de Ocampo||60601|16|60601||29|006|3881|Rural|
60737|Las Tontas|Rancho|Apatzingán|Michoacán de Ocampo||60601|16|60601||48|006|0037|Rural|
60737|Los Potros|Ranchería|Apatzingán|Michoacán de Ocampo||60601|16|60601||29|006|0043|Rural|
60737|San José de Chila|Ranchería|Apatzingán|Michoacán de Ocampo||60601|16|60601||29|006|1947|Rural|
60740|La Nopalera Oriente|Ranchería|Apatzingán|Michoacán de Ocampo||60601|16|60601||29|006|1950|Rural|
60742|Los Cuiniques|Rancho|Apatzingán|Michoacán de Ocampo||60601|16|60601||48|006|0040|Rural|
60742|Chiquihuitillo|Ranchería|Apatzingán|Michoacán de Ocampo||60601|16|60601||29|006|1952|Rural|
60742|El Tesorero (Altamira)|Ranchería|Apatzingán|Michoacán de Ocampo||60601|16|60601||29|006|4363|Rural|
60743|Palo Alto|Ranchería|Apatzingán|Michoacán de Ocampo||60601|16|60601||29|006|0045|Rural|
60744|Los Puertecitos (Rincón de los Bueyes)|Ranchería|Apatzingán|Michoacán de Ocampo||60601|16|60601||29|006|1954|Rural|
60744|La Huerta (Hacienda de la Huerta)|Ranchería|Apatzingán|Michoacán de Ocampo||60601|16|60601||29|006|1956|Rural|
60745|Los Tamarindos (El Pelón)|Rancho|Apatzingán|Michoacán de Ocampo||60601|16|60601||48|006|0002|Rural|
60745|San Antonio la Labor|Ranchería|Apatzingán|Michoacán de Ocampo||60601|16|60601||29|006|1951|Rural|
60746|Cueramatillo (Primera Ampliación Cueramato)|Rancho|Apatzingán|Michoacán de Ocampo||60601|16|60601||48|006|0004|Rural|
60746|Cueramato|Ranchería|Apatzingán|Michoacán de Ocampo||60601|16|60601||29|006|0005|Rural|
60746|El Pino Nuevo|Ranchería|Apatzingán|Michoacán de Ocampo||60601|16|60601||29|006|0013|Rural|
60746|El Mirador (Tepetates)|Pueblo|Apatzingán|Michoacán de Ocampo||60601|16|60601||28|006|3958|Rural|
60746|El Morado|Pueblo|Apatzingán|Michoacán de Ocampo||60601|16|60601||28|006|3959|Rural|
60750|El Mezquital (Quelele)|Rancho|Apatzingán|Michoacán de Ocampo||60601|16|60601||48|006|0012|Rural|
60750|Holanda|Colonia|Apatzingán|Michoacán de Ocampo||60601|16|60601||09|006|3554|Rural|
60753|La Cofradía|Ranchería|Apatzingán|Michoacán de Ocampo||60601|16|60601||29|006|0023|Rural|
60753|La Piedra Blanca|Rancho|Apatzingán|Michoacán de Ocampo||60601|16|60601||48|006|0030|Rural|
60753|San José Nuevo|Ranchería|Apatzingán|Michoacán de Ocampo||60601|16|60601||29|006|0049|Rural|
60753|Los Sandoval|Pueblo|Apatzingán|Michoacán de Ocampo||60601|16|60601||28|006|4002|Rural|
60754|El Cajón|Rancho|Apatzingán|Michoacán de Ocampo||60601|16|60601||48|006|0008|Rural|
60754|El Cimiento|Rancho|Apatzingán|Michoacán de Ocampo||60601|16|60601||48|006|0010|Rural|
60754|El Salate|Rancho|Apatzingán|Michoacán de Ocampo||60601|16|60601||48|006|0014|Rural|
60754|La Clavellina|Rancho|Apatzingán|Michoacán de Ocampo||60601|16|60601||48|006|0022|Rural|
60754|La Piedra|Rancho|Apatzingán|Michoacán de Ocampo||60601|16|60601||48|006|0029|Rural|
60754|La Urraca|Rancho|Apatzingán|Michoacán de Ocampo||60601|16|60601||48|006|0034|Rural|
60754|Pororicua|Rancho|Apatzingán|Michoacán de Ocampo||60601|16|60601||48|006|0048|Rural|
60754|Quiringuca (Quiringucua)|Ranchería|Apatzingán|Michoacán de Ocampo||60601|16|60601||29|006|1960|Rural|
60756|Las Trojas|Rancho|Apatzingán|Michoacán de Ocampo||60601|16|60601||48|006|0038|Rural|
60756|Panza Cola|Rancho|Apatzingán|Michoacán de Ocampo||60601|16|60601||48|006|0046|Rural|
60757|El Ahijadero|Rancho|Apatzingán|Michoacán de Ocampo||60601|16|60601||48|006|0007|Rural|
60757|La Cucha|Rancho|Apatzingán|Michoacán de Ocampo||60601|16|60601||48|006|0024|Rural|
60757|La Pinzanera|Rancho|Apatzingán|Michoacán de Ocampo||60601|16|60601||48|006|0031|Rural|
60757|Los Limoncitos|Rancho|Apatzingán|Michoacán de Ocampo||60601|16|60601||48|006|0042|Rural|
60760|Agraria|Colonia|Parácuaro|Michoacán de Ocampo||60601|16|60601||09|064|0001|Urbano|
60760|El Pitahayo|Colonia|Parácuaro|Michoacán de Ocampo||60601|16|60601||09|064|0002|Urbano|
60760|FOVISSSTE (Magisterial)|Colonia|Parácuaro|Michoacán de Ocampo||60601|16|60601||09|064|0003|Urbano|
60760|Niños Héroes|Colonia|Parácuaro|Michoacán de Ocampo||60601|16|60601||09|064|0004|Urbano|
60760|Rafael Bejar|Colonia|Parácuaro|Michoacán de Ocampo||60601|16|60601||09|064|0005|Urbano|
60760|El Cerrito|Colonia|Parácuaro|Michoacán de Ocampo||60601|16|60601||09|064|0040|Urbano|
60760|Parácuaro|Pueblo|Parácuaro|Michoacán de Ocampo||60601|16|60601||28|064|1961|Urbano|
60763|Los Bancos|Ejido|Parácuaro|Michoacán de Ocampo||60601|16|60601||15|064|1963|Rural|
60765|El Marfil|Rancho|Parácuaro|Michoacán de Ocampo||60601|16|60601||48|064|0020|Rural|
60765|El Valle|Ranchería|Parácuaro|Michoacán de Ocampo||60601|16|60601||29|064|0023|Rural|
60765|Las Cuatas|Rancho|Parácuaro|Michoacán de Ocampo||60601|16|60601||48|064|0032|Rural|
60765|Los Chiqueros|Rancho|Parácuaro|Michoacán de Ocampo||60601|16|60601||48|064|0034|Rural|
60765|Los Tiquiches|Rancho|Parácuaro|Michoacán de Ocampo||60601|16|60601||48|064|0035|Rural|
60766|Guadalupe|Rancho|Parácuaro|Michoacán de Ocampo||60601|16|60601||48|064|0025|Rural|
60766|Españita|Ejido|Parácuaro|Michoacán de Ocampo||60601|16|60601||15|064|1962|Rural|
60770|La Estancia|Ejido|Parácuaro|Michoacán de Ocampo||60601|16|60601||15|064|1965|Rural|
60773|Santa Elena|Rancho|Parácuaro|Michoacán de Ocampo||60601|16|60601||48|064|0038|Rural|
60775|La Batea|Ejido|Parácuaro|Michoacán de Ocampo||60601|16|60601||15|064|1966|Rural|
60775|El Caulote|Pueblo|Parácuaro|Michoacán de Ocampo||60601|16|60601||28|064|4033|Rural|
60776|Puerta Chica (Barrio Seco)|Pueblo|Parácuaro|Michoacán de Ocampo||60601|16|60601||28|064|4032|Rural|
60778|El Tepehuaje|Rancho|Parácuaro|Michoacán de Ocampo||60601|16|60601||48|064|0022|Rural|
60778|Maravatío|Ranchería|Parácuaro|Michoacán de Ocampo||60601|16|60601||29|064|0036|Rural|
60778|Chonengo|Ejido|Parácuaro|Michoacán de Ocampo||60601|16|60601||15|064|1967|Rural|
60778|Las Ordeñitas|Pueblo|Parácuaro|Michoacán de Ocampo||60601|16|60601||28|064|1968|Rural|
60780|15 de Abril|Colonia|Parácuaro|Michoacán de Ocampo||60601|16|60601||09|064|0006|Urbano|
60780|Amalia Solórzano|Colonia|Parácuaro|Michoacán de Ocampo||60601|16|60601||09|064|0007|Urbano|
60780|Benito Juárez|Colonia|Parácuaro|Michoacán de Ocampo||60601|16|60601||09|064|0008|Urbano|
60780|El Pedregal|Colonia|Parácuaro|Michoacán de Ocampo||60601|16|60601||09|064|0009|Urbano|
60780|La Huerta|Colonia|Parácuaro|Michoacán de Ocampo||60601|16|60601||09|064|0010|Urbano|
60780|La Huerta II|Colonia|Parácuaro|Michoacán de Ocampo||60601|16|60601||09|064|0011|Urbano|
60780|Lázaro Cárdenas|Colonia|Parácuaro|Michoacán de Ocampo||60601|16|60601||09|064|0012|Urbano|
60780|Libertad|Colonia|Parácuaro|Michoacán de Ocampo||60601|16|60601||09|064|0013|Urbano|
60780|Salvador Allende|Colonia|Parácuaro|Michoacán de Ocampo||60601|16|60601||09|064|0014|Urbano|
60780|Antúnez (Morelos)|Pueblo|Parácuaro|Michoacán de Ocampo||60601|16|60601||28|064|1970|Urbano|
60782|Ciudad Morelos (Crucero de Parácuaro)|Pueblo|Parácuaro|Michoacán de Ocampo||60601|16|60601||28|064|0016|Rural|
60782|Crucero de Parácuaro|Pueblo|Parácuaro|Michoacán de Ocampo||60601|16|60601||28|064|0017|Rural|
60782|El Varal (El Orejano)|Pueblo|Parácuaro|Michoacán de Ocampo||60601|16|60601||28|064|0024|Rural|
60782|Jabalí (La Parada del Jabalí)|Rancho|Parácuaro|Michoacán de Ocampo||60601|16|60601||48|064|0026|Rural|
60782|Secretaria|Rancho|Parácuaro|Michoacán de Ocampo||60601|16|60601||48|064|0039|Rural|
60782|Crucero las Yeguas|Ranchería|Parácuaro|Michoacán de Ocampo||60601|16|60601||29|064|1971|Rural|
60782|Piedra Parada|Ranchería|Parácuaro|Michoacán de Ocampo||60601|16|60601||29|064|1973|Rural|
60782|Uspero (Reynosa)|Ejido|Parácuaro|Michoacán de Ocampo||60601|16|60601||15|064|1974|Rural|
60783|El Carrizo|Ranchería|Parácuaro|Michoacán de Ocampo||60601|16|60601||29|064|0019|Rural|
60783|La Maroma|Rancho|Parácuaro|Michoacán de Ocampo||60601|16|60601||48|064|0028|Rural|
60783|Las Yeguas|Ranchería|Parácuaro|Michoacán de Ocampo||60601|16|60601||29|064|1972|Rural|
60783|Cancita|Ejido|Parácuaro|Michoacán de Ocampo||60601|16|60601||15|064|1975|Rural|
60783|Monte Grande|Pueblo|Parácuaro|Michoacán de Ocampo||60601|16|60601||28|064|4034|Rural|
60784|La Tuna (Estación Parícuaro)|Rancho|Parácuaro|Michoacán de Ocampo||60601|16|60601||48|064|0030|Rural|
60784|El Junco|Ejido|Parácuaro|Michoacán de Ocampo||60601|16|60601||15|064|1976|Rural|
60785|20 de Noviembre|Ejido|Parácuaro|Michoacán de Ocampo||60601|16|60601||15|064|1977|Rural|
60786|La Estación de Antúnez|Rancho|Parácuaro|Michoacán de Ocampo||60601|16|60601||48|064|0027|Rural|
60786|Buenos Aires|Ranchería|Parácuaro|Michoacán de Ocampo||60601|16|60601||29|064|1969|Rural|
60790|1 de Septiembre|Ranchería|Parácuaro|Michoacán de Ocampo||60601|16|60601||29|064|0037|Rural|
60790|Los Pozos|Ejido|Parácuaro|Michoacán de Ocampo||60601|16|60601||15|064|1978|Rural|
60793|El Semental|Rancho|Parácuaro|Michoacán de Ocampo||60601|16|60601||48|064|0021|Rural|
60793|La Perla|Rancho|Parácuaro|Michoacán de Ocampo||60601|16|60601||48|064|0029|Rural|
60793|Las Crucitas|Pueblo|Parácuaro|Michoacán de Ocampo||60601|16|60601||28|064|4031|Rural|
60794|Cueramo Alto|Rancho|Parácuaro|Michoacán de Ocampo||60601|16|60601||48|064|0018|Rural|
60794|Las Camelinas|Rancho|Parácuaro|Michoacán de Ocampo||60601|16|60601||48|064|0031|Rural|
60794|Los Apondareño|Rancho|Parácuaro|Michoacán de Ocampo||60601|16|60601||48|064|0033|Rural|
60795|Canal de Pedernales|Rancho|Parácuaro|Michoacán de Ocampo||60601|16|60601||48|064|0015|Rural|
60800|Bugambilias|Colonia|Coahuayana|Michoacán de Ocampo||28101|16|28101||09|014|0001|Urbano|
60800|El Ranchito (Campo de Aviación)|Colonia|Coahuayana|Michoacán de Ocampo||28101|16|28101||09|014|0002|Urbano|
60800|El Ranchito (Obrador)|Colonia|Coahuayana|Michoacán de Ocampo||28101|16|28101||09|014|0003|Urbano|
60800|Jardines de Coahuayana|Colonia|Coahuayana|Michoacán de Ocampo||28101|16|28101||09|014|0004|Urbano|
60800|La Guadalupana|Colonia|Coahuayana|Michoacán de Ocampo||28101|16|28101||09|014|0005|Urbano|
60800|La Unidad|Colonia|Coahuayana|Michoacán de Ocampo||28101|16|28101||09|014|0006|Urbano|
60800|Lázaro Cárdenas Batel|Colonia|Coahuayana|Michoacán de Ocampo||28101|16|28101||09|014|0007|Urbano|
60800|Morelos|Colonia|Coahuayana|Michoacán de Ocampo||28101|16|28101||09|014|0008|Urbano|
60800|Unidad Magisterial|Colonia|Coahuayana|Michoacán de Ocampo||28101|16|28101||09|014|0009|Urbano|
60800|Coahuayana de Hidalgo|Pueblo|Coahuayana|Michoacán de Ocampo||28101|16|28101||28|014|1979|Urbano|
60800|El Ranchito|Colonia|Coahuayana|Michoacán de Ocampo||28101|16|28101||09|014|1980|Urbano|
60803|Achotán|Pueblo|Coahuayana|Michoacán de Ocampo||28101|16|28101||28|014|0010|Rural|
60803|El Saucito|Rancho|Coahuayana|Michoacán de Ocampo||28101|16|28101||48|014|0017|Rural|
60803|Palmita|Rancho|Coahuayana|Michoacán de Ocampo||28101|16|28101||48|014|0026|Rural|
60803|Santa María Miramar|Ranchería|Coahuayana|Michoacán de Ocampo||28101|16|28101||29|014|0030|Rural|
60803|El Parotal|Rancho|Coahuayana|Michoacán de Ocampo||28101|16|28101||48|014|0033|Rural|
60804|Boca de Apiza|Pueblo|Coahuayana|Michoacán de Ocampo||28101|16|28101||28|014|0012|Rural|
60804|El Contagio|Rancho|Coahuayana|Michoacán de Ocampo||28101|16|28101||48|014|0015|Rural|
60804|El Zapotal|Rancho|Coahuayana|Michoacán de Ocampo||28101|16|28101||48|014|0018|Rural|
60804|Los Martínez|Rancho|Coahuayana|Michoacán de Ocampo||28101|16|28101||48|014|0024|Rural|
60804|Ojo de Agua de San Telmo|Pueblo|Coahuayana|Michoacán de Ocampo||28101|16|28101||28|014|0025|Rural|
60804|Quinta Rosario|Rancho|Coahuayana|Michoacán de Ocampo||28101|16|28101||48|014|0027|Rural|
60804|Valle Verde|Rancho|Coahuayana|Michoacán de Ocampo||28101|16|28101||48|014|0031|Rural|
60804|El Ticuiz|Pueblo|Coahuayana|Michoacán de Ocampo||28101|16|28101||28|014|1981|Rural|
60804|San Vicente|Pueblo|Coahuayana|Michoacán de Ocampo||28101|16|28101||28|014|1982|Rural|
60805|El Sifón|Rancho|Coahuayana|Michoacán de Ocampo||28101|16|28101||48|014|0034|Rural|
60805|Coahuayana Viejo|Pueblo|Coahuayana|Michoacán de Ocampo||28101|16|28101||28|014|1983|Rural|
60806|Arroyo Seco (Don Goyo González)|Rancho|Coahuayana|Michoacán de Ocampo||28101|16|28101||48|014|0011|Rural|
60806|El Ahijadero|Ranchería|Coahuayana|Michoacán de Ocampo||28101|16|28101||29|014|0013|Rural|
60806|El Chorumo|Ranchería|Coahuayana|Michoacán de Ocampo||28101|16|28101||29|014|0014|Rural|
60806|La Mojonera|Rancho|Coahuayana|Michoacán de Ocampo||28101|16|28101||48|014|0020|Rural|
60806|Zapotán|Pueblo|Coahuayana|Michoacán de Ocampo||28101|16|28101||28|014|0032|Rural|
60807|La Vainilla|Rancho|Coahuayana|Michoacán de Ocampo||28101|16|28101||48|014|0022|Rural|
60807|Veinte de Noviembre (El Camalote)|Colonia|Coahuayana|Michoacán de Ocampo||28101|16|28101||09|014|1984|Rural|
60810|El Nance|Rancho|Coahuayana|Michoacán de Ocampo||28101|16|28101||48|014|0016|Rural|
60810|Palos Marías|Ranchería|Coahuayana|Michoacán de Ocampo||28101|16|28101||29|014|1985|Rural|
60814|La Peña|Rancho|Coahuayana|Michoacán de Ocampo||28101|16|28101||48|014|0021|Rural|
60814|Salsipuedes|Rancho|Coahuayana|Michoacán de Ocampo||28101|16|28101||48|014|0028|Rural|
60815|Lázaro Cárdenas del Río (El Órgano)|Rancho|Coahuayana|Michoacán de Ocampo||28101|16|28101||48|014|0023|Rural|
60815|San Miguel del Río (Lo de Luna)|Rancho|Coahuayana|Michoacán de Ocampo||28101|16|28101||48|014|0029|Rural|
60820|Villa Victoria|Pueblo|Chinicuila|Michoacán de Ocampo||60841|16|60841||28|026|1986|Urbano|
60821|Tehuantepec|Ranchería|Chinicuila|Michoacán de Ocampo||60841|16|60841||29|026|1987|Rural|
60822|Paso de Arrieros (La Merced)|Ranchería|Chinicuila|Michoacán de Ocampo||60841|16|60841||29|026|1988|Rural|
60823|Barranca del Limoncito|Rancho|Chinicuila|Michoacán de Ocampo||60841|16|60841||48|026|0005|Rural|
60823|Chocohuiztal|Rancho|Chinicuila|Michoacán de Ocampo||60841|16|60841||48|026|0011|Rural|
60823|El Chafre|Rancho|Chinicuila|Michoacán de Ocampo||60841|16|60841||48|026|0016|Rural|
60823|El Chayacate|Rancho|Chinicuila|Michoacán de Ocampo||60841|16|60841||48|026|0017|Rural|
60823|El Guasimal|Rancho|Chinicuila|Michoacán de Ocampo||60841|16|60841||48|026|0022|Rural|
60823|El Ocote|Rancho|Chinicuila|Michoacán de Ocampo||60841|16|60841||48|026|0027|Rural|
60823|El Otate|Ranchería|Chinicuila|Michoacán de Ocampo||60841|16|60841||29|026|0029|Rural|
60823|El Tamarindo|Rancho|Chinicuila|Michoacán de Ocampo||60841|16|60841||48|026|0037|Rural|
60823|La Coyulera|Rancho|Chinicuila|Michoacán de Ocampo||60841|16|60841||48|026|0044|Rural|
60823|La Laguna de Marmolejo|Rancho|Chinicuila|Michoacán de Ocampo||60841|16|60841||48|026|0050|Rural|
60823|La Minita|Rancho|Chinicuila|Michoacán de Ocampo||60841|16|60841||48|026|0051|Rural|
60823|La Nuez (La Nuez del Caimán)|Rancho|Chinicuila|Michoacán de Ocampo||60841|16|60841||48|026|0053|Rural|
60823|La Roblerita|Rancho|Chinicuila|Michoacán de Ocampo||60841|16|60841||48|026|0056|Rural|
60823|La Vainilla|Rancho|Chinicuila|Michoacán de Ocampo||60841|16|60841||48|026|0060|Rural|
60823|Las Rosas Moradas (La Higuera)|Rancho|Chinicuila|Michoacán de Ocampo||60841|16|60841||48|026|0066|Rural|
60823|Los Arroyos|Rancho|Chinicuila|Michoacán de Ocampo||60841|16|60841||48|026|0068|Rural|
60823|Los Guayabos|Rancho|Chinicuila|Michoacán de Ocampo||60841|16|60841||48|026|0069|Rural|
60823|Ojo de Agua (Agua Blanca)|Rancho|Chinicuila|Michoacán de Ocampo||60841|16|60841||48|026|0078|Rural|
60823|Piedras Blancas|Rancho|Chinicuila|Michoacán de Ocampo||60841|16|60841||48|026|0079|Rural|
60823|Puerta Chiquita|Rancho|Chinicuila|Michoacán de Ocampo||60841|16|60841||48|026|0082|Rural|
60823|Puerto del Caimán (La Granadita)|Rancho|Chinicuila|Michoacán de Ocampo||60841|16|60841||48|026|0083|Rural|
60823|Rancho Nuevo (Barranca la Tierra)|Rancho|Chinicuila|Michoacán de Ocampo||60841|16|60841||48|026|0084|Rural|
60823|Solimán|Rancho|Chinicuila|Michoacán de Ocampo||60841|16|60841||48|026|0087|Rural|
60823|Tierras Aradas|Rancho|Chinicuila|Michoacán de Ocampo||60841|16|60841||48|026|0089|Rural|
60823|La Coyulera|Ranchería|Chinicuila|Michoacán de Ocampo||60841|16|60841||29|026|0092|Rural|
60823|Salitre de Estopila|Ranchería|Chinicuila|Michoacán de Ocampo||60841|16|60841||29|026|1989|Rural|
60823|Hihuitlán|Ranchería|Chinicuila|Michoacán de Ocampo||60841|16|60841||29|026|1990|Rural|
60823|Huitzontla|Ranchería|Chinicuila|Michoacán de Ocampo||60841|16|60841||29|026|1991|Rural|
60824|Agua Blanca (Barranca del Tereso)|Rancho|Chinicuila|Michoacán de Ocampo||60841|16|60841||48|026|0001|Rural|
60824|Barranca Oscura|Rancho|Chinicuila|Michoacán de Ocampo||60841|16|60841||48|026|0009|Rural|
60824|Barranca Seca de Larios|Ranchería|Chinicuila|Michoacán de Ocampo||60841|16|60841||29|026|0010|Rural|
60824|Crucero del Naranjillo|Rancho|Chinicuila|Michoacán de Ocampo||60841|16|60841||48|026|0013|Rural|
60824|El Ahijadero|Rancho|Chinicuila|Michoacán de Ocampo||60841|16|60841||48|026|0015|Rural|
60824|El Chico|Rancho|Chinicuila|Michoacán de Ocampo||60841|16|60841||48|026|0018|Rural|
60824|El Garbanzo|Rancho|Chinicuila|Michoacán de Ocampo||60841|16|60841||48|026|0021|Rural|
60824|El Limón de Ramos|Rancho|Chinicuila|Michoacán de Ocampo||60841|16|60841||48|026|0023|Rural|
60824|El Moro|Rancho|Chinicuila|Michoacán de Ocampo||60841|16|60841||48|026|0025|Rural|
60824|El Naranjillo (Los Naranjos)|Rancho|Chinicuila|Michoacán de Ocampo||60841|16|60841||48|026|0026|Rural|
60824|El Parejo (El Encino)|Rancho|Chinicuila|Michoacán de Ocampo||60841|16|60841||48|026|0030|Rural|
60824|El Pozo|Rancho|Chinicuila|Michoacán de Ocampo||60841|16|60841||48|026|0031|Rural|
60824|El Rascaviejo|Rancho|Chinicuila|Michoacán de Ocampo||60841|16|60841||48|026|0033|Rural|
60824|El Tejón|Rancho|Chinicuila|Michoacán de Ocampo||60841|16|60841||48|026|0038|Rural|
60824|La Cardosantera|Rancho|Chinicuila|Michoacán de Ocampo||60841|16|60841||48|026|0043|Rural|
60824|La Higuera Panda|Rancho|Chinicuila|Michoacán de Ocampo||60841|16|60841||48|026|0047|Rural|
60824|La Higuerita|Rancho|Chinicuila|Michoacán de Ocampo||60841|16|60841||48|026|0048|Rural|
60824|La Nogalera|Rancho|Chinicuila|Michoacán de Ocampo||60841|16|60841||48|026|0052|Rural|
60824|La Parota|Rancho|Chinicuila|Michoacán de Ocampo||60841|16|60841||48|026|0054|Rural|
60824|La Tortuga|Rancho|Chinicuila|Michoacán de Ocampo||60841|16|60841||48|026|0059|Rural|
60824|La Yerbabuena|Rancho|Chinicuila|Michoacán de Ocampo||60841|16|60841||48|026|0062|Rural|
60824|Las Canoas|Rancho|Chinicuila|Michoacán de Ocampo||60841|16|60841||48|026|0064|Rural|
60824|Las Cebollas|Rancho|Chinicuila|Michoacán de Ocampo||60841|16|60841||48|026|0065|Rural|
60824|Limoncitos|Rancho|Chinicuila|Michoacán de Ocampo||60841|16|60841||48|026|0067|Rural|
60824|Los Laureles|Rancho|Chinicuila|Michoacán de Ocampo||60841|16|60841||48|026|0070|Rural|
60824|Los Llanitos|Rancho|Chinicuila|Michoacán de Ocampo||60841|16|60841||48|026|0071|Rural|
60824|Los Magueyes|Rancho|Chinicuila|Michoacán de Ocampo||60841|16|60841||48|026|0072|Rural|
60824|Los Parejos|Rancho|Chinicuila|Michoacán de Ocampo||60841|16|60841||48|026|0075|Rural|
60824|Los Salgado|Rancho|Chinicuila|Michoacán de Ocampo||60841|16|60841||48|026|0076|Rural|
60824|Platanarillo|Rancho|Chinicuila|Michoacán de Ocampo||60841|16|60841||48|026|0080|Rural|
60824|Salitre de Copala|Ranchería|Chinicuila|Michoacán de Ocampo||60841|16|60841||29|026|0085|Rural|
60824|Salsipuedes|Rancho|Chinicuila|Michoacán de Ocampo||60841|16|60841||48|026|0086|Rural|
60824|Tepame (Tepamillo)|Rancho|Chinicuila|Michoacán de Ocampo||60841|16|60841||48|026|0088|Rural|
60825|Ahijadero del Pantano|Rancho|Chinicuila|Michoacán de Ocampo||60841|16|60841||48|026|0002|Rural|
60825|Barranca del Agua|Rancho|Chinicuila|Michoacán de Ocampo||60841|16|60841||48|026|0003|Rural|
60825|Coahuayula (La Silleta)|Ranchería|Chinicuila|Michoacán de Ocampo||60841|16|60841||29|026|0012|Rural|
60825|El Churén|Rancho|Chinicuila|Michoacán de Ocampo||60841|16|60841||48|026|0019|Rural|
60825|El Ranchual|Rancho|Chinicuila|Michoacán de Ocampo||60841|16|60841||48|026|0032|Rural|
60825|El Volantín|Rancho|Chinicuila|Michoacán de Ocampo||60841|16|60841||48|026|0040|Rural|
60825|Huerta de Sánchez|Rancho|Chinicuila|Michoacán de Ocampo||60841|16|60841||48|026|0041|Rural|
60825|La Fábrica|Rancho|Chinicuila|Michoacán de Ocampo||60841|16|60841||48|026|0046|Rural|
60825|La Villera|Rancho|Chinicuila|Michoacán de Ocampo||60841|16|60841||48|026|0061|Rural|
60825|Laguna de Calvillo|Rancho|Chinicuila|Michoacán de Ocampo||60841|16|60841||48|026|0063|Rural|
60825|Ojo de Agua|Rancho|Chinicuila|Michoacán de Ocampo||60841|16|60841||48|026|0077|Rural|
60825|El Aguaje|Rancho|Chinicuila|Michoacán de Ocampo||60841|16|60841||48|026|0091|Rural|
60826|Barranca del Órgano|Rancho|Chinicuila|Michoacán de Ocampo||60841|16|60841||48|026|0004|Rural|
60826|Barranca del Ocote|Rancho|Chinicuila|Michoacán de Ocampo||60841|16|60841||48|026|0006|Rural|
60826|Barranca la Atravesada|Rancho|Chinicuila|Michoacán de Ocampo||60841|16|60841||48|026|0008|Rural|
60826|El Ocotito (Los Nogales)|Rancho|Chinicuila|Michoacán de Ocampo||60841|16|60841||48|026|0028|Rural|
60826|El Resumidero|Rancho|Chinicuila|Michoacán de Ocampo||60841|16|60841||48|026|0034|Rural|
60826|El Saucito|Rancho|Chinicuila|Michoacán de Ocampo||60841|16|60841||48|026|0036|Rural|
60826|La Aguja (La Higuera)|Rancho|Chinicuila|Michoacán de Ocampo||60841|16|60841||48|026|0042|Rural|
60826|La Sierra|Rancho|Chinicuila|Michoacán de Ocampo||60841|16|60841||48|026|0057|Rural|
60826|La Sierrita|Rancho|Chinicuila|Michoacán de Ocampo||60841|16|60841||48|026|0058|Rural|
60827|La Esperanza|Rancho|Chinicuila|Michoacán de Ocampo||60841|16|60841||48|026|0045|Rural|
60827|Potrerillos (Paso de Potrerillos)|Ranchería|Chinicuila|Michoacán de Ocampo||60841|16|60841||29|026|0081|Rural|
60827|Zapote de Fernández|Rancho|Chinicuila|Michoacán de Ocampo||60841|16|60841||48|026|0090|Rural|
60828|Barranca del Tigre|Rancho|Chinicuila|Michoacán de Ocampo||60841|16|60841||48|026|0007|Rural|
60828|Cuartoncitos|Rancho|Chinicuila|Michoacán de Ocampo||60841|16|60841||48|026|0014|Rural|
60828|El Derrumbadero|Rancho|Chinicuila|Michoacán de Ocampo||60841|16|60841||48|026|0020|Rural|
60828|El Mono|Rancho|Chinicuila|Michoacán de Ocampo||60841|16|60841||48|026|0024|Rural|
60828|El Riego|Rancho|Chinicuila|Michoacán de Ocampo||60841|16|60841||48|026|0035|Rural|
60828|Los Mojos|Rancho|Chinicuila|Michoacán de Ocampo||60841|16|60841||48|026|0073|Rural|
60828|Los Ocotes|Rancho|Chinicuila|Michoacán de Ocampo||60841|16|60841||48|026|0074|Rural|
60828|El Sípimo|Ranchería|Chinicuila|Michoacán de Ocampo||60841|16|60841||29|026|4893|Rural|
60840|Buenavista|Colonia|Coalcomán de Vázquez Pallares|Michoacán de Ocampo||60841|16|60841||09|015|0001|Urbano|
60840|Casas VIVAH|Colonia|Coalcomán de Vázquez Pallares|Michoacán de Ocampo||60841|16|60841||09|015|0002|Urbano|
60840|Cerro de Guzmán|Colonia|Coalcomán de Vázquez Pallares|Michoacán de Ocampo||60841|16|60841||09|015|0003|Urbano|
60840|Chinistila|Colonia|Coalcomán de Vázquez Pallares|Michoacán de Ocampo||60841|16|60841||09|015|0004|Urbano|
60840|El Mirador|Colonia|Coalcomán de Vázquez Pallares|Michoacán de Ocampo||60841|16|60841||09|015|0005|Urbano|
60840|Emiliano Zapata|Colonia|Coalcomán de Vázquez Pallares|Michoacán de Ocampo||60841|16|60841||09|015|0006|Urbano|
60840|Empleados de La SARH|Colonia|Coalcomán de Vázquez Pallares|Michoacán de Ocampo||60841|16|60841||09|015|0007|Urbano|
60840|INFONAVIT Los Pinos|Colonia|Coalcomán de Vázquez Pallares|Michoacán de Ocampo||60841|16|60841||09|015|0008|Urbano|
60840|Jardines de la Higuera|Colonia|Coalcomán de Vázquez Pallares|Michoacán de Ocampo||60841|16|60841||09|015|0009|Urbano|
60840|La Peñita|Colonia|Coalcomán de Vázquez Pallares|Michoacán de Ocampo||60841|16|60841||09|015|0010|Urbano|
60840|Las Cabañas|Colonia|Coalcomán de Vázquez Pallares|Michoacán de Ocampo||60841|16|60841||09|015|0011|Urbano|
60840|Las Lomas|Colonia|Coalcomán de Vázquez Pallares|Michoacán de Ocampo||60841|16|60841||09|015|0012|Urbano|
60840|Las Palomas|Colonia|Coalcomán de Vázquez Pallares|Michoacán de Ocampo||60841|16|60841||09|015|0013|Urbano|
60840|Las Primaveras|Colonia|Coalcomán de Vázquez Pallares|Michoacán de Ocampo||60841|16|60841||09|015|0014|Urbano|
60840|Lindavista|Colonia|Coalcomán de Vázquez Pallares|Michoacán de Ocampo||60841|16|60841||09|015|0015|Urbano|
60840|Lomas del Valle|Colonia|Coalcomán de Vázquez Pallares|Michoacán de Ocampo||60841|16|60841||09|015|0016|Urbano|
60840|Los Nogales|Colonia|Coalcomán de Vázquez Pallares|Michoacán de Ocampo||60841|16|60841||09|015|0017|Urbano|
60840|Los Uvalanes|Colonia|Coalcomán de Vázquez Pallares|Michoacán de Ocampo||60841|16|60841||09|015|0018|Urbano|
60840|Tu Casa|Colonia|Coalcomán de Vázquez Pallares|Michoacán de Ocampo||60841|16|60841||09|015|0019|Urbano|
60840|Moreno Figueroa|Colonia|Coalcomán de Vázquez Pallares|Michoacán de Ocampo||60841|16|60841||09|015|0020|Urbano|
60840|Prados Verdes|Colonia|Coalcomán de Vázquez Pallares|Michoacán de Ocampo||60841|16|60841||09|015|0021|Urbano|
60840|Ricardo Torres Gaytán|Colonia|Coalcomán de Vázquez Pallares|Michoacán de Ocampo||60841|16|60841||09|015|0022|Urbano|
60840|Rincón de la Canela|Colonia|Coalcomán de Vázquez Pallares|Michoacán de Ocampo||60841|16|60841||09|015|0023|Urbano|
60840|San Juan del Río|Colonia|Coalcomán de Vázquez Pallares|Michoacán de Ocampo||60841|16|60841||09|015|0024|Urbano|
60840|San Rafael I|Colonia|Coalcomán de Vázquez Pallares|Michoacán de Ocampo||60841|16|60841||09|015|0025|Urbano|
60840|San Rafael II|Colonia|Coalcomán de Vázquez Pallares|Michoacán de Ocampo||60841|16|60841||09|015|0026|Urbano|
60840|Santa María|Colonia|Coalcomán de Vázquez Pallares|Michoacán de Ocampo||60841|16|60841||09|015|0027|Urbano|
60840|Solidaridad|Colonia|Coalcomán de Vázquez Pallares|Michoacán de Ocampo||60841|16|60841||09|015|0028|Urbano|
60840|Valente Manzo|Colonia|Coalcomán de Vázquez Pallares|Michoacán de Ocampo||60841|16|60841||09|015|0029|Urbano|
60840|Víctor Manuel Tinoco Rubí|Colonia|Coalcomán de Vázquez Pallares|Michoacán de Ocampo||60841|16|60841||09|015|0030|Urbano|
60840|Coalcomán de Vázquez Pallares|Pueblo|Coalcomán de Vázquez Pallares|Michoacán de Ocampo||60841|16|60841||28|015|1993|Urbano|
60840|Trojes|Pueblo|Coalcomán de Vázquez Pallares|Michoacán de Ocampo||60841|16|60841||28|015|1994|Rural|
60843|Casas Quemadas|Rancho|Coalcomán de Vázquez Pallares|Michoacán de Ocampo||60841|16|60841||48|015|0039|Rural|
60843|Chipiagüi|Rancho|Coalcomán de Vázquez Pallares|Michoacán de Ocampo||60841|16|60841||48|015|0042|Rural|
60843|El Agostadero|Rancho|Coalcomán de Vázquez Pallares|Michoacán de Ocampo||60841|16|60841||48|015|0044|Rural|
60843|El Cerrito de la Cofradía|Rancho|Coalcomán de Vázquez Pallares|Michoacán de Ocampo||60841|16|60841||48|015|0048|Rural|
60843|El Corongoro|Rancho|Coalcomán de Vázquez Pallares|Michoacán de Ocampo||60841|16|60841||48|015|0051|Rural|
60843|El Izote|Rancho|Coalcomán de Vázquez Pallares|Michoacán de Ocampo||60841|16|60841||48|015|0063|Rural|
60843|El Naranjo de la Parrilla|Rancho|Coalcomán de Vázquez Pallares|Michoacán de Ocampo||60841|16|60841||48|015|0072|Rural|
60843|La Calechosa|Rancho|Coalcomán de Vázquez Pallares|Michoacán de Ocampo||60841|16|60841||48|015|0089|Rural|
60843|La Cofradía|Rancho|Coalcomán de Vázquez Pallares|Michoacán de Ocampo||60841|16|60841||48|015|0096|Rural|
60843|La Nieve|Rancho|Coalcomán de Vázquez Pallares|Michoacán de Ocampo||60841|16|60841||48|015|0114|Rural|
60843|La Parrilla|Rancho|Coalcomán de Vázquez Pallares|Michoacán de Ocampo||60841|16|60841||48|015|0115|Rural|
60843|Las Pilas|Rancho|Coalcomán de Vázquez Pallares|Michoacán de Ocampo||60841|16|60841||48|015|0144|Rural|
60843|Maruata|Rancho|Coalcomán de Vázquez Pallares|Michoacán de Ocampo||60841|16|60841||48|015|0161|Rural|
60843|Maruatilla|Ranchería|Coalcomán de Vázquez Pallares|Michoacán de Ocampo||60841|16|60841||29|015|0162|Rural|
60843|Puertecito de los Vidrios|Rancho|Coalcomán de Vázquez Pallares|Michoacán de Ocampo||60841|16|60841||48|015|0172|Rural|
60843|Salitrillo|Rancho|Coalcomán de Vázquez Pallares|Michoacán de Ocampo||60841|16|60841||48|015|0183|Rural|
60843|El Salitre de Maruata|Pueblo|Coalcomán de Vázquez Pallares|Michoacán de Ocampo||60841|16|60841||28|015|4015|Rural|
60843|La Gringa|Pueblo|Coalcomán de Vázquez Pallares|Michoacán de Ocampo||60841|16|60841||28|015|4017|Rural|
60844|El Aguacate de los Laureles|Rancho|Coalcomán de Vázquez Pallares|Michoacán de Ocampo||60841|16|60841||48|015|0045|Rural|
60844|El Molino de Oriente (Barranca del Molino)|Rancho|Coalcomán de Vázquez Pallares|Michoacán de Ocampo||60841|16|60841||48|015|0068|Rural|
60844|El Resumidero|Rancho|Coalcomán de Vázquez Pallares|Michoacán de Ocampo||60841|16|60841||48|015|0082|Rural|
60844|La Aguacatera|Rancho|Coalcomán de Vázquez Pallares|Michoacán de Ocampo||60841|16|60841||48|015|0088|Rural|
60844|La Canoa|Rancho|Coalcomán de Vázquez Pallares|Michoacán de Ocampo||60841|16|60841||48|015|0090|Rural|
60844|La Capilla de los Desmontes|Ranchería|Coalcomán de Vázquez Pallares|Michoacán de Ocampo||60841|16|60841||29|015|0091|Rural|
60844|La Carbonera|Rancho|Coalcomán de Vázquez Pallares|Michoacán de Ocampo||60841|16|60841||48|015|0092|Rural|
60844|La Limonera (Buenavistilla)|Rancho|Coalcomán de Vázquez Pallares|Michoacán de Ocampo||60841|16|60841||48|015|0109|Rural|
60844|La Loma|Rancho|Coalcomán de Vázquez Pallares|Michoacán de Ocampo||60841|16|60841||48|015|0110|Rural|
60844|La Yerbabuena|Rancho|Coalcomán de Vázquez Pallares|Michoacán de Ocampo||60841|16|60841||48|015|0129|Rural|
60844|Los Desmontes|Rancho|Coalcomán de Vázquez Pallares|Michoacán de Ocampo||60841|16|60841||48|015|0151|Rural|
60844|Playitas|Rancho|Coalcomán de Vázquez Pallares|Michoacán de Ocampo||60841|16|60841||48|015|0170|Rural|
60844|Ticuilucan|Ranchería|Coalcomán de Vázquez Pallares|Michoacán de Ocampo||60841|16|60841||29|015|0191|Rural|
60844|Los Laureles (El Terrero)|Pueblo|Coalcomán de Vázquez Pallares|Michoacán de Ocampo||60841|16|60841||28|015|4016|Rural|
60845|El Mirador|Rancho|Coalcomán de Vázquez Pallares|Michoacán de Ocampo||60841|16|60841||48|015|0066|Rural|
60845|La Sidra|Rancho|Coalcomán de Vázquez Pallares|Michoacán de Ocampo||60841|16|60841||48|015|0122|Rural|
60845|Las Canoas|Rancho|Coalcomán de Vázquez Pallares|Michoacán de Ocampo||60841|16|60841||48|015|0130|Rural|
60845|Las Ruelas|Rancho|Coalcomán de Vázquez Pallares|Michoacán de Ocampo||60841|16|60841||48|015|0145|Rural|
60845|Los Pantanos|Rancho|Coalcomán de Vázquez Pallares|Michoacán de Ocampo||60841|16|60841||48|015|0155|Rural|
60845|Tierra de Bueyes|Rancho|Coalcomán de Vázquez Pallares|Michoacán de Ocampo||60841|16|60841||48|015|0189|Rural|
60845|Potrero del Ojo de Agua|Rancho|Coalcomán de Vázquez Pallares|Michoacán de Ocampo||60841|16|60841||48|015|0200|Rural|
60846|Agua Blanca Oriente|Rancho|Coalcomán de Vázquez Pallares|Michoacán de Ocampo||60841|16|60841||48|015|0031|Rural|
60846|Barranca Honda|Rancho|Coalcomán de Vázquez Pallares|Michoacán de Ocampo||60841|16|60841||48|015|0036|Rural|
60846|El Guayabillo|Ranchería|Coalcomán de Vázquez Pallares|Michoacán de Ocampo||60841|16|60841||29|015|0058|Rural|
60846|El Ocote|Rancho|Coalcomán de Vázquez Pallares|Michoacán de Ocampo||60841|16|60841||48|015|0074|Rural|
60846|El Reparito|Rancho|Coalcomán de Vázquez Pallares|Michoacán de Ocampo||60841|16|60841||48|015|0081|Rural|
60846|Juana Antonia|Rancho|Coalcomán de Vázquez Pallares|Michoacán de Ocampo||60841|16|60841||48|015|0087|Rural|
60846|La Guadalupe del Cobre|Rancho|Coalcomán de Vázquez Pallares|Michoacán de Ocampo||60841|16|60841||48|015|0102|Rural|
60846|La Juana María|Rancho|Coalcomán de Vázquez Pallares|Michoacán de Ocampo||60841|16|60841||48|015|0108|Rural|
60846|La Puerta de la Mina de Capela|Rancho|Coalcomán de Vázquez Pallares|Michoacán de Ocampo||60841|16|60841||48|015|0120|Rural|
60846|Las Juntas|Rancho|Coalcomán de Vázquez Pallares|Michoacán de Ocampo||60841|16|60841||48|015|0138|Rural|
60846|Rancho Viejo|Rancho|Coalcomán de Vázquez Pallares|Michoacán de Ocampo||60841|16|60841||48|015|0179|Rural|
60846|San Marcos|Rancho|Coalcomán de Vázquez Pallares|Michoacán de Ocampo||60841|16|60841||48|015|0185|Rural|
60846|Valladares|Rancho|Coalcomán de Vázquez Pallares|Michoacán de Ocampo||60841|16|60841||48|015|0190|Rural|
60847|Ahuijullito|Rancho|Coalcomán de Vázquez Pallares|Michoacán de Ocampo||60841|16|60841||48|015|0035|Rural|
60847|Chantomas|Rancho|Coalcomán de Vázquez Pallares|Michoacán de Ocampo||60841|16|60841||48|015|0041|Rural|
60847|El Churi|Rancho|Coalcomán de Vázquez Pallares|Michoacán de Ocampo||60841|16|60841||48|015|0049|Rural|
60847|El Cuartón|Rancho|Coalcomán de Vázquez Pallares|Michoacán de Ocampo||60841|16|60841||48|015|0054|Rural|
60847|El Guayabo|Rancho|Coalcomán de Vázquez Pallares|Michoacán de Ocampo||60841|16|60841||48|015|0059|Rural|
60847|El Jazmín|Rancho|Coalcomán de Vázquez Pallares|Michoacán de Ocampo||60841|16|60841||48|015|0064|Rural|
60847|El Puerto de las Cruces|Rancho|Coalcomán de Vázquez Pallares|Michoacán de Ocampo||60841|16|60841||48|015|0078|Rural|
60847|El Quemado|Rancho|Coalcomán de Vázquez Pallares|Michoacán de Ocampo||60841|16|60841||48|015|0079|Rural|
60847|El Sauz de Trojes|Rancho|Coalcomán de Vázquez Pallares|Michoacán de Ocampo||60841|16|60841||48|015|0085|Rural|
60847|La Cirianera|Rancho|Coalcomán de Vázquez Pallares|Michoacán de Ocampo||60841|16|60841||48|015|0095|Rural|
60847|La Enramada|Rancho|Coalcomán de Vázquez Pallares|Michoacán de Ocampo||60841|16|60841||48|015|0098|Rural|
60847|La Escondida (Agua Escondida)|Rancho|Coalcomán de Vázquez Pallares|Michoacán de Ocampo||60841|16|60841||48|015|0099|Rural|
60847|La Mesa del Palo Dulce|Rancho|Coalcomán de Vázquez Pallares|Michoacán de Ocampo||60841|16|60841||48|015|0113|Rural|
60847|La Puerta|Rancho|Coalcomán de Vázquez Pallares|Michoacán de Ocampo||60841|16|60841||48|015|0119|Rural|
60847|La Sierrita del Pedregal|Rancho|Coalcomán de Vázquez Pallares|Michoacán de Ocampo||60841|16|60841||48|015|0123|Rural|
60847|Las Parotas|Rancho|Coalcomán de Vázquez Pallares|Michoacán de Ocampo||60841|16|60841||48|015|0141|Rural|
60847|Los Barbechos|Rancho|Coalcomán de Vázquez Pallares|Michoacán de Ocampo||60841|16|60841||48|015|0148|Rural|
60847|Los Chapiles|Rancho|Coalcomán de Vázquez Pallares|Michoacán de Ocampo||60841|16|60841||48|015|0149|Rural|
60847|Piedras de Lumbre|Rancho|Coalcomán de Vázquez Pallares|Michoacán de Ocampo||60841|16|60841||48|015|0169|Rural|
60847|Río Buenavista|Rancho|Coalcomán de Vázquez Pallares|Michoacán de Ocampo||60841|16|60841||48|015|0181|Rural|
60847|San Pedro|Rancho|Coalcomán de Vázquez Pallares|Michoacán de Ocampo||60841|16|60841||48|015|0187|Rural|
60849|Barranca Seca|Ranchería|Coalcomán de Vázquez Pallares|Michoacán de Ocampo||60841|16|60841||29|015|1996|Rural|
60850|La Joya|Rancho|Coalcomán de Vázquez Pallares|Michoacán de Ocampo||60841|16|60841||48|015|0203|Rural|
60850|Varaloso|Ejido|Coalcomán de Vázquez Pallares|Michoacán de Ocampo||60841|16|60841||15|015|1997|Rural|
60853|El Alcatraz (Corral de Piedra)|Rancho|Coalcomán de Vázquez Pallares|Michoacán de Ocampo||60841|16|60841||48|015|0046|Rural|
60853|El Izote|Rancho|Coalcomán de Vázquez Pallares|Michoacán de Ocampo||60841|16|60841||48|015|0062|Rural|
60853|El Nacimiento|Rancho|Coalcomán de Vázquez Pallares|Michoacán de Ocampo||60841|16|60841||48|015|0069|Rural|
60853|La Chuparrosa|Rancho|Coalcomán de Vázquez Pallares|Michoacán de Ocampo||60841|16|60841||48|015|0094|Rural|
60853|La Gallina|Rancho|Coalcomán de Vázquez Pallares|Michoacán de Ocampo||60841|16|60841||48|015|0100|Rural|
60853|La Higuerita de Venegas|Rancho|Coalcomán de Vázquez Pallares|Michoacán de Ocampo||60841|16|60841||48|015|0105|Rural|
60853|La Magueyera|Rancho|Coalcomán de Vázquez Pallares|Michoacán de Ocampo||60841|16|60841||48|015|0111|Rural|
60853|Las Flores|Rancho|Coalcomán de Vázquez Pallares|Michoacán de Ocampo||60841|16|60841||48|015|0132|Rural|
60853|Las Tabernas|Rancho|Coalcomán de Vázquez Pallares|Michoacán de Ocampo||60841|16|60841||48|015|0146|Rural|
60853|La Joya|Rancho|Coalcomán de Vázquez Pallares|Michoacán de Ocampo||60841|16|60841||48|015|0197|Rural|
60853|La Mesa|Rancho|Coalcomán de Vázquez Pallares|Michoacán de Ocampo||60841|16|60841||48|015|0198|Rural|
60854|El Ojo de Agua|Rancho|Coalcomán de Vázquez Pallares|Michoacán de Ocampo||60841|16|60841||48|015|0075|Rural|
60854|La Higuerita|Rancho|Coalcomán de Vázquez Pallares|Michoacán de Ocampo||60841|16|60841||48|015|0104|Rural|
60854|La Peña (El Fresno)|Rancho|Coalcomán de Vázquez Pallares|Michoacán de Ocampo||60841|16|60841||48|015|0117|Rural|
60854|Las Juntas|Rancho|Coalcomán de Vázquez Pallares|Michoacán de Ocampo||60841|16|60841||48|015|0137|Rural|
60854|Las Juntas de Chapula|Rancho|Coalcomán de Vázquez Pallares|Michoacán de Ocampo||60841|16|60841||48|015|0139|Rural|
60854|Las Pilas|Rancho|Coalcomán de Vázquez Pallares|Michoacán de Ocampo||60841|16|60841||48|015|0142|Rural|
60854|Salgado|Rancho|Coalcomán de Vázquez Pallares|Michoacán de Ocampo||60841|16|60841||48|015|0182|Rural|
60854|La Limonera|Rancho|Coalcomán de Vázquez Pallares|Michoacán de Ocampo||60841|16|60841||48|015|0194|Rural|
60854|Las Higueras de Castillo|Rancho|Coalcomán de Vázquez Pallares|Michoacán de Ocampo||60841|16|60841||48|015|0199|Rural|
60855|Barranca Verde|Rancho|Coalcomán de Vázquez Pallares|Michoacán de Ocampo||60841|16|60841||48|015|0037|Rural|
60855|Chaniahua|Rancho|Coalcomán de Vázquez Pallares|Michoacán de Ocampo||60841|16|60841||48|015|0040|Rural|
60855|El Nogal|Rancho|Coalcomán de Vázquez Pallares|Michoacán de Ocampo||60841|16|60841||48|015|0073|Rural|
60855|La Joya|Rancho|Coalcomán de Vázquez Pallares|Michoacán de Ocampo||60841|16|60841||48|015|0107|Rural|
60855|Las Trojitas|Rancho|Coalcomán de Vázquez Pallares|Michoacán de Ocampo||60841|16|60841||48|015|0147|Rural|
60855|Los Tepetates|Rancho|Coalcomán de Vázquez Pallares|Michoacán de Ocampo||60841|16|60841||48|015|0160|Rural|
60855|Ojo de Agua de Vargas|Rancho|Coalcomán de Vázquez Pallares|Michoacán de Ocampo||60841|16|60841||48|015|0166|Rural|
60855|Puerto del Novillo|Rancho|Coalcomán de Vázquez Pallares|Michoacán de Ocampo||60841|16|60841||48|015|0177|Rural|
60855|San Miguel (El Aguacate)|Rancho|Coalcomán de Vázquez Pallares|Michoacán de Ocampo||60841|16|60841||48|015|0186|Rural|
60855|Santas Marías|Rancho|Coalcomán de Vázquez Pallares|Michoacán de Ocampo||60841|16|60841||48|015|0188|Rural|
60855|El Nogal|Ranchería|Coalcomán de Vázquez Pallares|Michoacán de Ocampo||60841|16|60841||29|015|0193|Rural|
60855|Barranca Verde|Ranchería|Coalcomán de Vázquez Pallares|Michoacán de Ocampo||60841|16|60841||29|015|0201|Rural|
60856|Agua Zarca|Rancho|Coalcomán de Vázquez Pallares|Michoacán de Ocampo||60841|16|60841||48|015|0034|Rural|
60856|El Durazno|Rancho|Coalcomán de Vázquez Pallares|Michoacán de Ocampo||60841|16|60841||48|015|0055|Rural|
60856|El Molino|Rancho|Coalcomán de Vázquez Pallares|Michoacán de Ocampo||60841|16|60841||48|015|0067|Rural|
60856|El Naranjal|Rancho|Coalcomán de Vázquez Pallares|Michoacán de Ocampo||60841|16|60841||48|015|0070|Rural|
60856|El Tarasco|Rancho|Coalcomán de Vázquez Pallares|Michoacán de Ocampo||60841|16|60841||48|015|0086|Rural|
60856|La Changunguera|Rancho|Coalcomán de Vázquez Pallares|Michoacán de Ocampo||60841|16|60841||48|015|0093|Rural|
60856|La Higuera Mocha|Rancho|Coalcomán de Vázquez Pallares|Michoacán de Ocampo||60841|16|60841||48|015|0103|Rural|
60856|Las Pilas|Rancho|Coalcomán de Vázquez Pallares|Michoacán de Ocampo||60841|16|60841||48|015|0143|Rural|
60856|Los Telares|Rancho|Coalcomán de Vázquez Pallares|Michoacán de Ocampo||60841|16|60841||48|015|0159|Rural|
60856|Mexiquillo el Alto|Rancho|Coalcomán de Vázquez Pallares|Michoacán de Ocampo||60841|16|60841||48|015|0163|Rural|
60856|Mexiquillo el Bajo (Casa de Teja)|Rancho|Coalcomán de Vázquez Pallares|Michoacán de Ocampo||60841|16|60841||48|015|0164|Rural|
60856|Puerto de los Belenes|Rancho|Coalcomán de Vázquez Pallares|Michoacán de Ocampo||60841|16|60841||48|015|0174|Rural|
60856|El Trigo|Rancho|Coalcomán de Vázquez Pallares|Michoacán de Ocampo||60841|16|60841||48|015|0192|Rural|
60856|La Limonera|Rancho|Coalcomán de Vázquez Pallares|Michoacán de Ocampo||60841|16|60841||48|015|0196|Rural|
60856|La Pila|Rancho|Coalcomán de Vázquez Pallares|Michoacán de Ocampo||60841|16|60841||48|015|0204|Rural|
60856|La Huerta|Rancho|Coalcomán de Vázquez Pallares|Michoacán de Ocampo||60841|16|60841||48|015|0205|Rural|
60857|El Guayabal|Rancho|Coalcomán de Vázquez Pallares|Michoacán de Ocampo||60841|16|60841||48|015|0057|Rural|
60857|El Naranjo|Rancho|Coalcomán de Vázquez Pallares|Michoacán de Ocampo||60841|16|60841||48|015|0071|Rural|
60857|La Guadalupe|Rancho|Coalcomán de Vázquez Pallares|Michoacán de Ocampo||60841|16|60841||48|015|0101|Rural|
60857|Las Huertas (La Otatera)|Rancho|Coalcomán de Vázquez Pallares|Michoacán de Ocampo||60841|16|60841||48|015|0133|Rural|
60857|Los Herreros|Rancho|Coalcomán de Vázquez Pallares|Michoacán de Ocampo||60841|16|60841||48|015|0152|Rural|
60857|Los Pobres|Pueblo|Coalcomán de Vázquez Pallares|Michoacán de Ocampo||60841|16|60841||28|015|0157|Rural|
60857|Los Ranchos|Ranchería|Coalcomán de Vázquez Pallares|Michoacán de Ocampo||60841|16|60841||29|015|0158|Rural|
60857|Rincón de la Guadalupe|Rancho|Coalcomán de Vázquez Pallares|Michoacán de Ocampo||60841|16|60841||48|015|0180|Rural|
60857|La Chichihua|Ranchería|Coalcomán de Vázquez Pallares|Michoacán de Ocampo||60841|16|60841||29|015|4816|Rural|
60863|El Izote|Rancho|Coalcomán de Vázquez Pallares|Michoacán de Ocampo||60841|16|60841||48|015|0061|Rural|
60863|El Sauz|Rancho|Coalcomán de Vázquez Pallares|Michoacán de Ocampo||60841|16|60841||48|015|0084|Rural|
60863|La Yácata|Rancho|Coalcomán de Vázquez Pallares|Michoacán de Ocampo||60841|16|60841||48|015|0128|Rural|
60863|Las Joyas|Rancho|Coalcomán de Vázquez Pallares|Michoacán de Ocampo||60841|16|60841||48|015|0135|Rural|
60863|Potrero de las Higueras|Rancho|Coalcomán de Vázquez Pallares|Michoacán de Ocampo||60841|16|60841||48|015|0171|Rural|
60864|Cochumala|Rancho|Coalcomán de Vázquez Pallares|Michoacán de Ocampo||60841|16|60841||48|015|0043|Rural|
60864|El Corral|Rancho|Coalcomán de Vázquez Pallares|Michoacán de Ocampo||60841|16|60841||48|015|0052|Rural|
60864|El Coyul|Rancho|Coalcomán de Vázquez Pallares|Michoacán de Ocampo||60841|16|60841||48|015|0053|Rural|
60864|La Pingulla|Rancho|Coalcomán de Vázquez Pallares|Michoacán de Ocampo||60841|16|60841||48|015|0118|Rural|
60864|La Troja|Rancho|Coalcomán de Vázquez Pallares|Michoacán de Ocampo||60841|16|60841||48|015|0125|Rural|
60864|Las Juntas|Rancho|Coalcomán de Vázquez Pallares|Michoacán de Ocampo||60841|16|60841||48|015|0136|Rural|
60864|Los Parejos|Rancho|Coalcomán de Vázquez Pallares|Michoacán de Ocampo||60841|16|60841||48|015|0156|Rural|
60864|Palo Verde|Rancho|Coalcomán de Vázquez Pallares|Michoacán de Ocampo||60841|16|60841||48|015|0168|Rural|
60864|Puerto de la Penguilla|Rancho|Coalcomán de Vázquez Pallares|Michoacán de Ocampo||60841|16|60841||48|015|0173|Rural|
60864|Puerto del Macario|Rancho|Coalcomán de Vázquez Pallares|Michoacán de Ocampo||60841|16|60841||48|015|0176|Rural|
60864|San José de la Montaña|Pueblo|Coalcomán de Vázquez Pallares|Michoacán de Ocampo||60841|16|60841||28|015|1998|Rural|
60865|Agua Buena|Rancho|Coalcomán de Vázquez Pallares|Michoacán de Ocampo||60841|16|60841||48|015|0032|Rural|
60865|Agua Fría|Rancho|Coalcomán de Vázquez Pallares|Michoacán de Ocampo||60841|16|60841||48|015|0033|Rural|
60865|El Cinco|Rancho|Coalcomán de Vázquez Pallares|Michoacán de Ocampo||60841|16|60841||48|015|0050|Rural|
60865|El Fresno|Rancho|Coalcomán de Vázquez Pallares|Michoacán de Ocampo||60841|16|60841||48|015|0056|Rural|
60865|El Huarache|Rancho|Coalcomán de Vázquez Pallares|Michoacán de Ocampo||60841|16|60841||48|015|0060|Rural|
60865|El Manguito|Rancho|Coalcomán de Vázquez Pallares|Michoacán de Ocampo||60841|16|60841||48|015|0065|Rural|
60865|La Maromera|Rancho|Coalcomán de Vázquez Pallares|Michoacán de Ocampo||60841|16|60841||48|015|0112|Rural|
60865|La Patacuera|Rancho|Coalcomán de Vázquez Pallares|Michoacán de Ocampo||60841|16|60841||48|015|0116|Rural|
60865|La Sidra|Rancho|Coalcomán de Vázquez Pallares|Michoacán de Ocampo||60841|16|60841||48|015|0121|Rural|
60865|La Troja|Rancho|Coalcomán de Vázquez Pallares|Michoacán de Ocampo||60841|16|60841||48|015|0124|Rural|
60865|La Vainilla (Puerto la Vainilla)|Rancho|Coalcomán de Vázquez Pallares|Michoacán de Ocampo||60841|16|60841||48|015|0126|Rural|
60865|La Víbora|Rancho|Coalcomán de Vázquez Pallares|Michoacán de Ocampo||60841|16|60841||48|015|0127|Rural|
60865|Las Charandas|Rancho|Coalcomán de Vázquez Pallares|Michoacán de Ocampo||60841|16|60841||48|015|0131|Rural|
60865|Los Chorritos|Rancho|Coalcomán de Vázquez Pallares|Michoacán de Ocampo||60841|16|60841||48|015|0150|Rural|
60865|Los Nácares|Rancho|Coalcomán de Vázquez Pallares|Michoacán de Ocampo||60841|16|60841||48|015|0153|Rural|
60865|Monte Verde|Rancho|Coalcomán de Vázquez Pallares|Michoacán de Ocampo||60841|16|60841||48|015|0165|Rural|
60865|San Antonio|Rancho|Coalcomán de Vázquez Pallares|Michoacán de Ocampo||60841|16|60841||48|015|0184|Rural|
60865|Ranchos Viejos|Rancho|Coalcomán de Vázquez Pallares|Michoacán de Ocampo||60841|16|60841||48|015|0195|Rural|
60866|Carricitos|Rancho|Coalcomán de Vázquez Pallares|Michoacán de Ocampo||60841|16|60841||48|015|0038|Rural|
60866|El Perro del Agua|Rancho|Coalcomán de Vázquez Pallares|Michoacán de Ocampo||60841|16|60841||48|015|0076|Rural|
60866|El Rayo (Las Congueras)|Rancho|Coalcomán de Vázquez Pallares|Michoacán de Ocampo||60841|16|60841||48|015|0080|Rural|
60866|La Huerta|Rancho|Coalcomán de Vázquez Pallares|Michoacán de Ocampo||60841|16|60841||48|015|0106|Rural|
60866|Palma Real|Rancho|Coalcomán de Vázquez Pallares|Michoacán de Ocampo||60841|16|60841||48|015|0167|Rural|
60867|El Algodón|Rancho|Coalcomán de Vázquez Pallares|Michoacán de Ocampo||60841|16|60841||48|015|0047|Rural|
60867|El Pozo|Rancho|Coalcomán de Vázquez Pallares|Michoacán de Ocampo||60841|16|60841||48|015|0077|Rural|
60867|El Salto|Rancho|Coalcomán de Vázquez Pallares|Michoacán de Ocampo||60841|16|60841||48|015|0083|Rural|
60867|La Coyulera de Cisneros|Rancho|Coalcomán de Vázquez Pallares|Michoacán de Ocampo||60841|16|60841||48|015|0097|Rural|
60867|Las Huertitas (La Huerta)|Rancho|Coalcomán de Vázquez Pallares|Michoacán de Ocampo||60841|16|60841||48|015|0134|Rural|
60867|Las Majadas|Rancho|Coalcomán de Vázquez Pallares|Michoacán de Ocampo||60841|16|60841||48|015|0140|Rural|
60867|Los Nuevos|Ranchería|Coalcomán de Vázquez Pallares|Michoacán de Ocampo||60841|16|60841||29|015|0154|Rural|
60867|Puerto de Toros|Rancho|Coalcomán de Vázquez Pallares|Michoacán de Ocampo||60841|16|60841||48|015|0175|Rural|
60867|Rancho de Vargas|Rancho|Coalcomán de Vázquez Pallares|Michoacán de Ocampo||60841|16|60841||48|015|0178|Rural|
60867|El Casual|Rancho|Coalcomán de Vázquez Pallares|Michoacán de Ocampo||60841|16|60841||48|015|0202|Rural|
60870|Bellavista|Colonia|Aquila|Michoacán de Ocampo||28101|16|28101||09|008|0002|Urbano|
60870|El Chumbano|Colonia|Aquila|Michoacán de Ocampo||28101|16|28101||09|008|0003|Urbano|
60870|El Mangal|Colonia|Aquila|Michoacán de Ocampo||28101|16|28101||09|008|0004|Urbano|
60870|La Gloria|Colonia|Aquila|Michoacán de Ocampo||28101|16|28101||09|008|0005|Urbano|
60870|San Miguel|Colonia|Aquila|Michoacán de Ocampo||28101|16|28101||09|008|0006|Urbano|
60870|Toril Viejo|Colonia|Aquila|Michoacán de Ocampo||28101|16|28101||09|008|0007|Urbano|
60870|Aquila|Pueblo|Aquila|Michoacán de Ocampo||28101|16|28101||28|008|1999|Urbano|
60870|El INI|Colonia|Aquila|Michoacán de Ocampo||28101|16|28101||09|008|5124|Urbano|
60873|Agua Caliente (La Piña)|Rancho|Aquila|Michoacán de Ocampo||28101|16|28101||48|008|0008|Rural|
60873|Barranca Seca|Rancho|Aquila|Michoacán de Ocampo||28101|16|28101||48|008|0024|Rural|
60873|El Rosario|Rancho|Aquila|Michoacán de Ocampo||28101|16|28101||48|008|0133|Rural|
60873|La Chuparrosa|Rancho|Aquila|Michoacán de Ocampo||28101|16|28101||48|008|0164|Rural|
60873|La Laguna de Fernández|Rancho|Aquila|Michoacán de Ocampo||28101|16|28101||48|008|0186|Rural|
60873|La Mesa del Chino|Rancho|Aquila|Michoacán de Ocampo||28101|16|28101||48|008|0197|Rural|
60873|Las Lomas|Rancho|Aquila|Michoacán de Ocampo||28101|16|28101||48|008|0226|Rural|
60873|Alegre|Rancho|Aquila|Michoacán de Ocampo||28101|16|28101||48|008|0274|Rural|
60873|San Mateo (Barranca San Mateo)|Rancho|Aquila|Michoacán de Ocampo||28101|16|28101||48|008|0284|Rural|
60873|Troncón del Aguacate|Rancho|Aquila|Michoacán de Ocampo||28101|16|28101||48|008|0290|Rural|
60873|El Tzumbano|Rancho|Aquila|Michoacán de Ocampo||28101|16|28101||48|008|0305|Rural|
60873|Maquili|Pueblo|Aquila|Michoacán de Ocampo||28101|16|28101||28|008|2000|Rural|
60874|Agua Hedionda|Rancho|Aquila|Michoacán de Ocampo||28101|16|28101||48|008|0011|Rural|
60874|Barranca del Agua|Rancho|Aquila|Michoacán de Ocampo||28101|16|28101||48|008|0019|Rural|
60874|Barranca del Cuasuchil|Rancho|Aquila|Michoacán de Ocampo||28101|16|28101||48|008|0020|Rural|
60874|Barranca del Mamey|Rancho|Aquila|Michoacán de Ocampo||28101|16|28101||48|008|0021|Rural|
60874|El Cabezal|Rancho|Aquila|Michoacán de Ocampo||28101|16|28101||48|008|0077|Rural|
60874|El Cuasúchil|Rancho|Aquila|Michoacán de Ocampo||28101|16|28101||48|008|0095|Rural|
60874|El Inmediato|Rancho|Aquila|Michoacán de Ocampo||28101|16|28101||48|008|0104|Rural|
60874|El Jamaical|Rancho|Aquila|Michoacán de Ocampo||28101|16|28101||48|008|0108|Rural|
60874|El Parotal|Rancho|Aquila|Michoacán de Ocampo||28101|16|28101||48|008|0123|Rural|
60874|El Terrero de la Estanzuela|Rancho|Aquila|Michoacán de Ocampo||28101|16|28101||48|008|0141|Rural|
60874|Huerta de Trujillo|Rancho|Aquila|Michoacán de Ocampo||28101|16|28101||48|008|0155|Rural|
60874|La Cofradía de Ostula|Pueblo|Aquila|Michoacán de Ocampo||28101|16|28101||28|008|0169|Rural|
60874|La Estanzuela|Ranchería|Aquila|Michoacán de Ocampo||28101|16|28101||29|008|0177|Rural|
60874|La Joya|Rancho|Aquila|Michoacán de Ocampo||28101|16|28101||48|008|0184|Rural|
60874|La Mina de la Providencia|Rancho|Aquila|Michoacán de Ocampo||28101|16|28101||48|008|0198|Rural|
60874|La Parotita|Rancho|Aquila|Michoacán de Ocampo||28101|16|28101||48|008|0204|Rural|
60874|Solosúchil|Rancho|Aquila|Michoacán de Ocampo||28101|16|28101||48|008|0288|Rural|
60875|Chamaine (Boca de Chamaine)|Rancho|Aquila|Michoacán de Ocampo||28101|16|28101||48|008|0042|Rural|
60875|Corral Viejo Dos|Rancho|Aquila|Michoacán de Ocampo||28101|16|28101||48|008|0054|Rural|
60875|Corral Viejo Uno|Rancho|Aquila|Michoacán de Ocampo||28101|16|28101||48|008|0055|Rural|
60875|El Achote|Rancho|Aquila|Michoacán de Ocampo||28101|16|28101||48|008|0061|Rural|
60875|El Aixtal|Rancho|Aquila|Michoacán de Ocampo||28101|16|28101||48|008|0069|Rural|
60875|El Garrote|Rancho|Aquila|Michoacán de Ocampo||28101|16|28101||48|008|0100|Rural|
60875|El Potrero de Ostula|Ranchería|Aquila|Michoacán de Ocampo||28101|16|28101||29|008|0129|Rural|
60875|La Cuchara|Rancho|Aquila|Michoacán de Ocampo||28101|16|28101||48|008|0173|Rural|
60875|La Hacienda|Rancho|Aquila|Michoacán de Ocampo||28101|16|28101||48|008|0178|Rural|
60875|La Labor|Rancho|Aquila|Michoacán de Ocampo||28101|16|28101||48|008|0185|Rural|
60875|La Majada (La Majadita)|Rancho|Aquila|Michoacán de Ocampo||28101|16|28101||48|008|0192|Rural|
60875|Las Palmitas (Xioga)|Rancho|Aquila|Michoacán de Ocampo||28101|16|28101||48|008|0229|Rural|
60875|San Jerónimo|Rancho|Aquila|Michoacán de Ocampo||28101|16|28101||48|008|0280|Rural|
60875|El Telarcito|Rancho|Aquila|Michoacán de Ocampo||28101|16|28101||48|008|0310|Rural|
60876|La Brisa|Rancho|Aquila|Michoacán de Ocampo||28101|16|28101||48|008|0159|Rural|
60876|La Soledad|Rancho|Aquila|Michoacán de Ocampo||28101|16|28101||48|008|0210|Rural|
60876|San Juan de Alima|Pueblo|Aquila|Michoacán de Ocampo||28101|16|28101||28|008|0281|Rural|
60876|El Guarda Ganado|Rancho|Aquila|Michoacán de Ocampo||28101|16|28101||48|008|0302|Rural|
60877|Barranca del Potrero (El Higueral)|Rancho|Aquila|Michoacán de Ocampo||28101|16|28101||48|008|0022|Rural|
60877|Cruz de Campos|Ranchería|Aquila|Michoacán de Ocampo||28101|16|28101||29|008|0060|Rural|
60877|El Comedor|Rancho|Aquila|Michoacán de Ocampo||28101|16|28101||48|008|0091|Rural|
60877|El Ojo de Agua|Rancho|Aquila|Michoacán de Ocampo||28101|16|28101||48|008|0120|Rural|
60877|La Tejería|Rancho|Aquila|Michoacán de Ocampo||28101|16|28101||48|008|0211|Rural|
60877|Pueblo Nuevo|Rancho|Aquila|Michoacán de Ocampo||28101|16|28101||48|008|0271|Rural|
60878|Corralitos|Ranchería|Aquila|Michoacán de Ocampo||28101|16|28101||29|008|0057|Rural|
60878|El Limón|Ranchería|Aquila|Michoacán de Ocampo||28101|16|28101||29|008|0109|Rural|
60878|La Naranja|Ranchería|Aquila|Michoacán de Ocampo||28101|16|28101||29|008|0199|Rural|
60878|Salsahuate|Rancho|Aquila|Michoacán de Ocampo||28101|16|28101||48|008|0278|Rural|
60880|Barranca de Reyes|Rancho|Aquila|Michoacán de Ocampo||28101|16|28101||48|008|0295|Rural|
60880|Xayakalan|Ranchería|Aquila|Michoacán de Ocampo||28101|16|28101||29|008|0309|Rural|
60880|La Placita de Morelos|Pueblo|Aquila|Michoacán de Ocampo||28101|16|28101||28|008|2004|Rural|
60883|Agua Chiquita|Rancho|Aquila|Michoacán de Ocampo||28101|16|28101||48|008|0009|Rural|
60883|San José|Barrio|Aquila|Michoacán de Ocampo||28101|16|28101||02|008|0026|Rural|
60883|Cacacula (Cacalula)|Rancho|Aquila|Michoacán de Ocampo||28101|16|28101||48|008|0033|Rural|
60883|Chacala|Ranchería|Aquila|Michoacán de Ocampo||28101|16|28101||29|008|0039|Rural|
60883|Chachahua (La Cobanera)|Rancho|Aquila|Michoacán de Ocampo||28101|16|28101||48|008|0041|Rural|
60883|Cobanera de Ostula|Ranchería|Aquila|Michoacán de Ocampo||28101|16|28101||29|008|0045|Rural|
60883|Cobígenes|Rancho|Aquila|Michoacán de Ocampo||28101|16|28101||48|008|0046|Rural|
60883|Cornila|Rancho|Aquila|Michoacán de Ocampo||28101|16|28101||48|008|0052|Rural|
60883|Corral de Piedra|Rancho|Aquila|Michoacán de Ocampo||28101|16|28101||48|008|0053|Rural|
60883|El Agua Caliente|Rancho|Aquila|Michoacán de Ocampo||28101|16|28101||48|008|0062|Rural|
60883|El Aguacate|Rancho|Aquila|Michoacán de Ocampo||28101|16|28101||48|008|0064|Rural|
60883|El Astillero|Rancho|Aquila|Michoacán de Ocampo||28101|16|28101||48|008|0072|Rural|
60883|El Carrizal|Rancho|Aquila|Michoacán de Ocampo||28101|16|28101||48|008|0084|Rural|
60883|El Chico|Rancho|Aquila|Michoacán de Ocampo||28101|16|28101||48|008|0087|Rural|
60883|El Duin|Ranchería|Aquila|Michoacán de Ocampo||28101|16|28101||29|008|0098|Rural|
60883|El Murciélago|Rancho|Aquila|Michoacán de Ocampo||28101|16|28101||48|008|0116|Rural|
60883|El Parotal|Rancho|Aquila|Michoacán de Ocampo||28101|16|28101||48|008|0124|Rural|
60883|El Plátano|Rancho|Aquila|Michoacán de Ocampo||28101|16|28101||48|008|0127|Rural|
60883|El Salate|Rancho|Aquila|Michoacán de Ocampo||28101|16|28101||48|008|0135|Rural|
60883|El Varal|Rancho|Aquila|Michoacán de Ocampo||28101|16|28101||48|008|0143|Rural|
60883|Ixtapilla|Ranchería|Aquila|Michoacán de Ocampo||28101|16|28101||29|008|0157|Rural|
60883|La Marieta|Rancho|Aquila|Michoacán de Ocampo||28101|16|28101||48|008|0196|Rural|
60883|La Palmita|Rancho|Aquila|Michoacán de Ocampo||28101|16|28101||48|008|0201|Rural|
60883|La Palmita de Ostula|Rancho|Aquila|Michoacán de Ocampo||28101|16|28101||48|008|0202|Rural|
60883|La Vainilla de Ostula|Rancho|Aquila|Michoacán de Ocampo||28101|16|28101||48|008|0214|Rural|
60883|La Vuelta del Limón|Rancho|Aquila|Michoacán de Ocampo||28101|16|28101||48|008|0215|Rural|
60883|Las Balsas|Rancho|Aquila|Michoacán de Ocampo||28101|16|28101||48|008|0219|Rural|
60883|Las Primaveras|Rancho|Aquila|Michoacán de Ocampo||28101|16|28101||48|008|0231|Rural|
60883|Los Cárdenas (Chachahua)|Rancho|Aquila|Michoacán de Ocampo||28101|16|28101||48|008|0238|Rural|
60883|Los Cimientos|Rancho|Aquila|Michoacán de Ocampo||28101|16|28101||48|008|0239|Rural|
60883|Los Tres Cimientos|Rancho|Aquila|Michoacán de Ocampo||28101|16|28101||48|008|0248|Rural|
60883|Marialitos|Ranchería|Aquila|Michoacán de Ocampo||28101|16|28101||29|008|0252|Rural|
60883|Mataxioma|Rancho|Aquila|Michoacán de Ocampo||28101|16|28101||48|008|0255|Rural|
60883|Michicuilera|Rancho|Aquila|Michoacán de Ocampo||28101|16|28101||48|008|0256|Rural|
60883|Palma de Oro|Rancho|Aquila|Michoacán de Ocampo||28101|16|28101||48|008|0262|Rural|
60883|San Cocho|Rancho|Aquila|Michoacán de Ocampo||28101|16|28101||48|008|0279|Rural|
60883|Santa María de Ostula|Pueblo|Aquila|Michoacán de Ocampo||28101|16|28101||28|008|2003|Rural|
60883|La Ticla|Ranchería|Aquila|Michoacán de Ocampo||28101|16|28101||29|008|2006|Rural|
60884|Bejuco del Coire|Rancho|Aquila|Michoacán de Ocampo||28101|16|28101||48|008|0028|Rural|
60884|Coire|Ranchería|Aquila|Michoacán de Ocampo||28101|16|28101||29|008|0047|Rural|
60884|Coire Viejo|Rancho|Aquila|Michoacán de Ocampo||28101|16|28101||48|008|0048|Rural|
60884|El Aguacate|Rancho|Aquila|Michoacán de Ocampo||28101|16|28101||48|008|0065|Rural|
60884|El Algodón|Rancho|Aquila|Michoacán de Ocampo||28101|16|28101||48|008|0070|Rural|
60884|El Apalmar|Rancho|Aquila|Michoacán de Ocampo||28101|16|28101||48|008|0071|Rural|
60884|El Cayaco|Rancho|Aquila|Michoacán de Ocampo||28101|16|28101||48|008|0085|Rural|
60884|El Chico|Rancho|Aquila|Michoacán de Ocampo||28101|16|28101||48|008|0088|Rural|
60884|El Diezmo|Rancho|Aquila|Michoacán de Ocampo||28101|16|28101||48|008|0097|Rural|
60884|El Izote|Rancho|Aquila|Michoacán de Ocampo||28101|16|28101||48|008|0106|Rural|
60884|El Ocote|Rancho|Aquila|Michoacán de Ocampo||28101|16|28101||48|008|0119|Rural|
60884|El Sauz del Algodón|Rancho|Aquila|Michoacán de Ocampo||28101|16|28101||48|008|0137|Rural|
60884|El Terrero|Rancho|Aquila|Michoacán de Ocampo||28101|16|28101||48|008|0140|Rural|
60884|Guaguariama (Guariama)|Rancho|Aquila|Michoacán de Ocampo||28101|16|28101||48|008|0150|Rural|
60884|Huitziraldo del Coire|Rancho|Aquila|Michoacán de Ocampo||28101|16|28101||48|008|0156|Rural|
60884|La Ciénega del Diezmo|Rancho|Aquila|Michoacán de Ocampo||28101|16|28101||48|008|0167|Rural|
60884|La Cofradía de Coire|Rancho|Aquila|Michoacán de Ocampo||28101|16|28101||48|008|0168|Rural|
60884|La Cuchara del Diezmo|Rancho|Aquila|Michoacán de Ocampo||28101|16|28101||48|008|0174|Rural|
60884|La Cueva|Rancho|Aquila|Michoacán de Ocampo||28101|16|28101||48|008|0175|Rural|
60884|La Cuidara|Rancho|Aquila|Michoacán de Ocampo||28101|16|28101||48|008|0176|Rural|
60884|La Lombricera|Rancho|Aquila|Michoacán de Ocampo||28101|16|28101||48|008|0191|Rural|
60884|La Peña|Rancho|Aquila|Michoacán de Ocampo||28101|16|28101||48|008|0207|Rural|
60884|Las Juntas|Rancho|Aquila|Michoacán de Ocampo||28101|16|28101||48|008|0225|Rural|
60884|Los Cocos|Rancho|Aquila|Michoacán de Ocampo||28101|16|28101||48|008|0240|Rural|
60884|Marialito|Rancho|Aquila|Michoacán de Ocampo||28101|16|28101||48|008|0251|Rural|
60884|Muerto Zacate|Rancho|Aquila|Michoacán de Ocampo||28101|16|28101||48|008|0258|Rural|
60884|Perrícola|Rancho|Aquila|Michoacán de Ocampo||28101|16|28101||48|008|0268|Rural|
60884|Clara|Rancho|Aquila|Michoacán de Ocampo||28101|16|28101||48|008|0275|Rural|
60884|Viejo|Rancho|Aquila|Michoacán de Ocampo||28101|16|28101||48|008|0277|Rural|
60884|Vainilla del Coire|Rancho|Aquila|Michoacán de Ocampo||28101|16|28101||48|008|0291|Rural|
60884|Zilapa|Rancho|Aquila|Michoacán de Ocampo||28101|16|28101||48|008|0294|Rural|
60884|El Aviare|Rancho|Aquila|Michoacán de Ocampo||28101|16|28101||48|008|0297|Rural|
60884|Estopila|Ranchería|Aquila|Michoacán de Ocampo||28101|16|28101||29|008|2005|Rural|
60885|La Palma Sola|Pueblo|Aquila|Michoacán de Ocampo||28901|16|28901||28|008|0001|Rural|
60885|Agua del Tejón|Rancho|Aquila|Michoacán de Ocampo||28901|16|28901||48|008|0010|Rural|
60885|Barranca las Conchas|Rancho|Aquila|Michoacán de Ocampo||28901|16|28901||48|008|0023|Rural|
60885|Bejama|Rancho|Aquila|Michoacán de Ocampo||28901|16|28901||48|008|0027|Rural|
60885|Brinca Agua|Rancho|Aquila|Michoacán de Ocampo||28901|16|28901||48|008|0032|Rural|
60885|Camadeagua|Rancho|Aquila|Michoacán de Ocampo||28901|16|28901||48|008|0035|Rural|
60885|Chacalapa de Coire|Rancho|Aquila|Michoacán de Ocampo||28901|16|28901||48|008|0040|Rural|
60885|Chicuasa|Rancho|Aquila|Michoacán de Ocampo||28901|16|28901||48|008|0043|Rural|
60885|Colola|Pueblo|Aquila|Michoacán de Ocampo||28901|16|28901||28|008|0049|Rural|
60885|Crucero del Faro|Rancho|Aquila|Michoacán de Ocampo||28901|16|28901||48|008|0059|Rural|
60885|El Cangrejal (Ticuixila)|Rancho|Aquila|Michoacán de Ocampo||28901|16|28901||48|008|0082|Rural|
60885|El Faro de Bucerías|Pueblo|Aquila|Michoacán de Ocampo||28901|16|28901||28|008|0099|Rural|
60885|El Limón|Rancho|Aquila|Michoacán de Ocampo||28901|16|28901||48|008|0110|Rural|
60885|El Marqués (Agua del Tejón)|Rancho|Aquila|Michoacán de Ocampo||28901|16|28901||48|008|0113|Rural|
60885|El Orgume|Rancho|Aquila|Michoacán de Ocampo||28901|16|28901||48|008|0121|Rural|
60885|El Otate|Rancho|Aquila|Michoacán de Ocampo||28901|16|28901||48|008|0122|Rural|
60885|El Potrero|Rancho|Aquila|Michoacán de Ocampo||28901|16|28901||48|008|0128|Rural|
60885|El Zapote de Madero|Ranchería|Aquila|Michoacán de Ocampo||28901|16|28901||29|008|0148|Rural|
60885|Guayabal|Rancho|Aquila|Michoacán de Ocampo||28901|16|28901||48|008|0152|Rural|
60885|La Coyulera|Rancho|Aquila|Michoacán de Ocampo||28901|16|28901||48|008|0171|Rural|
60885|La Llorona|Rancho|Aquila|Michoacán de Ocampo||28901|16|28901||48|008|0190|Rural|
60885|La Majahuita|Ranchería|Aquila|Michoacán de Ocampo||28901|16|28901||29|008|0193|Rural|
60885|La Manzanillera|Rancho|Aquila|Michoacán de Ocampo||28901|16|28901||48|008|0194|Rural|
60885|Las Ánimas|Rancho|Aquila|Michoacán de Ocampo||28901|16|28901||48|008|0218|Rural|
60885|Las Haciendas|Rancho|Aquila|Michoacán de Ocampo||28901|16|28901||48|008|0222|Rural|
60885|Motín del Oro|Ranchería|Aquila|Michoacán de Ocampo||28901|16|28901||29|008|0257|Rural|
60885|Sibiahues|Rancho|Aquila|Michoacán de Ocampo||28901|16|28901||48|008|0287|Rural|
60886|Barranca de las Campanas|Rancho|Aquila|Michoacán de Ocampo||28901|16|28901||48|008|0017|Rural|
60886|Cachán de Echeverría|Pueblo|Aquila|Michoacán de Ocampo||28901|16|28901||28|008|0034|Rural|
60886|Chocola|Rancho|Aquila|Michoacán de Ocampo||28901|16|28901||48|008|0044|Rural|
60886|El Chorrito|Rancho|Aquila|Michoacán de Ocampo||28901|16|28901||48|008|0089|Rural|
60886|El Manguito|Rancho|Aquila|Michoacán de Ocampo||28901|16|28901||48|008|0112|Rural|
60886|El Zapote|Rancho|Aquila|Michoacán de Ocampo||28901|16|28901||48|008|0146|Rural|
60886|Las Humedades|Rancho|Aquila|Michoacán de Ocampo||28901|16|28901||48|008|0224|Rural|
60886|Maruata Viejo|Rancho|Aquila|Michoacán de Ocampo||28901|16|28901||48|008|0253|Rural|
60886|Paso de Noria|Ranchería|Aquila|Michoacán de Ocampo||28901|16|28901||29|008|0266|Rural|
60886|Santa Cruz de Cachán|Rancho|Aquila|Michoacán de Ocampo||28901|16|28901||48|008|0285|Rural|
60886|Maruata|Ranchería|Aquila|Michoacán de Ocampo||28901|16|28901||29|008|4706|Rural|
60887|Aismare del Terrero|Rancho|Aquila|Michoacán de Ocampo||28101|16|28101||48|008|0013|Rural|
60887|Birague del Coire P.|Rancho|Aquila|Michoacán de Ocampo||28101|16|28101||48|008|0029|Rural|
60887|Cerro del Horcón|Rancho|Aquila|Michoacán de Ocampo||28101|16|28101||48|008|0037|Rural|
60887|Cerro Prieto|Rancho|Aquila|Michoacán de Ocampo||28101|16|28101||48|008|0038|Rural|
60887|San Andrés|Rancho|Aquila|Michoacán de Ocampo||28101|16|28101||48|008|0068|Rural|
60887|El Atandabo|Rancho|Aquila|Michoacán de Ocampo||28101|16|28101||48|008|0073|Rural|
60887|El Cayaquito|Rancho|Aquila|Michoacán de Ocampo||28101|16|28101||48|008|0086|Rural|
60887|El Coyul|Rancho|Aquila|Michoacán de Ocampo||28101|16|28101||48|008|0092|Rural|
60887|Guasigenes|Rancho|Aquila|Michoacán de Ocampo||28101|16|28101||48|008|0151|Rural|
60887|La Bejuquera|Rancho|Aquila|Michoacán de Ocampo||28101|16|28101||48|008|0158|Rural|
60887|La Cayaquera|Rancho|Aquila|Michoacán de Ocampo||28101|16|28101||48|008|0162|Rural|
60887|La Ciénega (Ciénega del Pomaro)|Rancho|Aquila|Michoacán de Ocampo||28101|16|28101||48|008|0166|Rural|
60887|La Cruz del Coire|Rancho|Aquila|Michoacán de Ocampo||28101|16|28101||48|008|0172|Rural|
60887|La Parotita|Rancho|Aquila|Michoacán de Ocampo||28101|16|28101||48|008|0205|Rural|
60887|La Yerbabuena|Rancho|Aquila|Michoacán de Ocampo||28101|16|28101||48|008|0216|Rural|
60887|Las Minitas|Rancho|Aquila|Michoacán de Ocampo||28101|16|28101||48|008|0228|Rural|
60887|Lomas Blancas|Rancho|Aquila|Michoacán de Ocampo||28101|16|28101||48|008|0236|Rural|
60887|Los Cabezos|Rancho|Aquila|Michoacán de Ocampo||28101|16|28101||48|008|0237|Rural|
60887|Los Colomitos|Rancho|Aquila|Michoacán de Ocampo||28101|16|28101||48|008|0241|Rural|
60887|Los Cuires|Rancho|Aquila|Michoacán de Ocampo||28101|16|28101||48|008|0242|Rural|
60887|Orgume|Rancho|Aquila|Michoacán de Ocampo||28101|16|28101||48|008|0261|Rural|
60887|Paso de la Higuera|Rancho|Aquila|Michoacán de Ocampo||28101|16|28101||48|008|0265|Rural|
60887|Paso del Naranjo|Rancho|Aquila|Michoacán de Ocampo||28101|16|28101||48|008|0267|Rural|
60887|Pueblo Viejo|Rancho|Aquila|Michoacán de Ocampo||28101|16|28101||48|008|0272|Rural|
60887|Valdovinos del Coire|Rancho|Aquila|Michoacán de Ocampo||28101|16|28101||48|008|0292|Rural|
60887|Cuirla (La Changunguera de Cárdenas)|Ranchería|Aquila|Michoacán de Ocampo||28101|16|28101||29|008|0300|Rural|
60887|Pomaro|Pueblo|Aquila|Michoacán de Ocampo||28101|16|28101||28|008|2001|Rural|
60888|Barranca de la Troja|Rancho|Aquila|Michoacán de Ocampo||28101|16|28101||48|008|0016|Rural|
60888|El Guayabillo|Rancho|Aquila|Michoacán de Ocampo||28101|16|28101||48|008|0101|Rural|
60888|El Izote|Rancho|Aquila|Michoacán de Ocampo||28101|16|28101||48|008|0105|Rural|
60888|El Rasguñado|Rancho|Aquila|Michoacán de Ocampo||28101|16|28101||48|008|0132|Rural|
60888|El Saucito|Ranchería|Aquila|Michoacán de Ocampo||28101|16|28101||29|008|0136|Rural|
60888|La Calera Uno|Rancho|Aquila|Michoacán de Ocampo||28101|16|28101||48|008|0161|Rural|
60888|La Parota|Rancho|Aquila|Michoacán de Ocampo||28101|16|28101||48|008|0203|Rural|
60888|La Pitillera|Rancho|Aquila|Michoacán de Ocampo||28101|16|28101||48|008|0208|Rural|
60888|Las Águilas|Rancho|Aquila|Michoacán de Ocampo||28101|16|28101||48|008|0217|Rural|
60888|Las Trojitas Uno|Rancho|Aquila|Michoacán de Ocampo||28101|16|28101||48|008|0233|Rural|
60888|Los Cuiris|Rancho|Aquila|Michoacán de Ocampo||28101|16|28101||48|008|0243|Rural|
60888|Ojo de Agua Uno|Rancho|Aquila|Michoacán de Ocampo||28101|16|28101||48|008|0259|Rural|
60888|Playa del Limón|Rancho|Aquila|Michoacán de Ocampo||28101|16|28101||48|008|0270|Rural|
60888|San Juan de las Palmeras|Rancho|Aquila|Michoacán de Ocampo||28101|16|28101||48|008|0282|Rural|
60888|Tabachines|Rancho|Aquila|Michoacán de Ocampo||28101|16|28101||48|008|0289|Rural|
60888|Los Encinos|Rancho|Aquila|Michoacán de Ocampo||28101|16|28101||48|008|0301|Rural|
60888|San Pedro Naranjestil|Ranchería|Aquila|Michoacán de Ocampo||28101|16|28101||29|008|2002|Rural|
60890|Palos Marías|Rancho|Aquila|Michoacán de Ocampo||28901|16|28901||48|008|0264|Rural|
60890|Zapote de Tizupan|Ranchería|Aquila|Michoacán de Ocampo||28901|16|28901||29|008|0293|Rural|
60890|Playa de Tizupan|Rancho|Aquila|Michoacán de Ocampo||28901|16|28901||48|008|0304|Rural|
60890|Pichilinguillo|Ranchería|Aquila|Michoacán de Ocampo||28901|16|28901||29|008|4703|Rural|
60890|Cuilala de Hidalgo|Pueblo|Aquila|Michoacán de Ocampo||28901|16|28901||28|008|4735|Rural|
60890|Arenas Blancas|Ranchería|Aquila|Michoacán de Ocampo||28901|16|28901||29|008|4805|Rural|
60893|Corralillos de Cuilala|Rancho|Aquila|Michoacán de Ocampo||60984|16|60984||48|008|0056|Rural|
60893|El Ahijadero|Rancho|Aquila|Michoacán de Ocampo||60984|16|60984||48|008|0067|Rural|
60893|El Mirador|Rancho|Aquila|Michoacán de Ocampo||60984|16|60984||48|008|0115|Rural|
60893|La Cahuitera|Rancho|Aquila|Michoacán de Ocampo||60984|16|60984||48|008|0160|Rural|
60893|Santiaguillo|Rancho|Aquila|Michoacán de Ocampo||60984|16|60984||48|008|0286|Rural|
60893|Tizupan|Ranchería|Aquila|Michoacán de Ocampo||60984|16|60984||29|008|4745|Rural|
60894|Ahijadero|Rancho|Aquila|Michoacán de Ocampo||60984|16|60984||48|008|0012|Rural|
60894|Barranca de López|Ranchería|Aquila|Michoacán de Ocampo||60984|16|60984||29|008|0015|Rural|
60894|Barranca de las Huertas|Rancho|Aquila|Michoacán de Ocampo||60984|16|60984||48|008|0018|Rural|
60894|El Agua de Simón|Rancho|Aquila|Michoacán de Ocampo||60984|16|60984||48|008|0063|Rural|
60894|El Cabezal|Rancho|Aquila|Michoacán de Ocampo||60984|16|60984||48|008|0078|Rural|
60894|El Coyulito|Rancho|Aquila|Michoacán de Ocampo||60984|16|60984||48|008|0093|Rural|
60894|El Hule|Rancho|Aquila|Michoacán de Ocampo||60984|16|60984||48|008|0103|Rural|
60894|El Nueve|Rancho|Aquila|Michoacán de Ocampo||60984|16|60984||48|008|0118|Rural|
60894|El Patacuas|Rancho|Aquila|Michoacán de Ocampo||60984|16|60984||48|008|0125|Rural|
60894|El Ucas|Rancho|Aquila|Michoacán de Ocampo||60984|16|60984||48|008|0142|Rural|
60894|La Hulera|Rancho|Aquila|Michoacán de Ocampo||60984|16|60984||48|008|0182|Rural|
60894|La Limita (La Limita de San Antonio)|Rancho|Aquila|Michoacán de Ocampo||60984|16|60984||48|008|0188|Rural|
60894|Las Güinas|Rancho|Aquila|Michoacán de Ocampo||60984|16|60984||48|008|0221|Rural|
60894|Las Huertitas|Rancho|Aquila|Michoacán de Ocampo||60984|16|60984||48|008|0223|Rural|
60894|Los Limones|Rancho|Aquila|Michoacán de Ocampo||60984|16|60984||48|008|0245|Rural|
60894|Los Parajes|Rancho|Aquila|Michoacán de Ocampo||60984|16|60984||48|008|0246|Rural|
60894|Playa de la Mula|Rancho|Aquila|Michoacán de Ocampo||60984|16|60984||48|008|0269|Rural|
60894|De en Medio|Rancho|Aquila|Michoacán de Ocampo||60984|16|60984||48|008|0276|Rural|
60894|Barranca del Limón|Rancho|Aquila|Michoacán de Ocampo||60984|16|60984||48|008|0298|Rural|
60895|Boca de la Colorada|Rancho|Aquila|Michoacán de Ocampo||60984|16|60984||48|008|0030|Rural|
60895|Boca de la Manzanilla (La Manzanilla Dos)|Ranchería|Aquila|Michoacán de Ocampo||60984|16|60984||29|008|0031|Rural|
60895|El Campo de Huahua (La Tinaja)|Ranchería|Aquila|Michoacán de Ocampo||60984|16|60984||29|008|0080|Rural|
60895|El Cincojal|Rancho|Aquila|Michoacán de Ocampo||60984|16|60984||48|008|0090|Rural|
60895|El Mirador|Rancho|Aquila|Michoacán de Ocampo||60984|16|60984||48|008|0114|Rural|
60895|El Naranjal|Rancho|Aquila|Michoacán de Ocampo||60984|16|60984||48|008|0117|Rural|
60895|El Zapote de las Viejas|Rancho|Aquila|Michoacán de Ocampo||60984|16|60984||48|008|0147|Rural|
60895|Herradero|Rancho|Aquila|Michoacán de Ocampo||60984|16|60984||48|008|0153|Rural|
60895|Huahua|Ranchería|Aquila|Michoacán de Ocampo||60984|16|60984||29|008|0154|Rural|
60895|La Laja|Rancho|Aquila|Michoacán de Ocampo||60984|16|60984||48|008|0187|Rural|
60895|La Manzanillona|Rancho|Aquila|Michoacán de Ocampo||60984|16|60984||48|008|0195|Rural|
60895|La Ujera|Rancho|Aquila|Michoacán de Ocampo||60984|16|60984||48|008|0212|Rural|
60895|San Luis|Rancho|Aquila|Michoacán de Ocampo||60984|16|60984||48|008|0283|Rural|
60895|Boca del Tanque|Rancho|Aquila|Michoacán de Ocampo||60984|16|60984||48|008|0299|Rural|
60896|Barra de Neixpa (Isla de Neixpa)|Ranchería|Aquila|Michoacán de Ocampo||60984|16|60984||29|008|0014|Rural|
60896|El Atrancón|Ranchería|Aquila|Michoacán de Ocampo||60984|16|60984||29|008|0074|Rural|
60896|El Pozo|Rancho|Aquila|Michoacán de Ocampo||60984|16|60984||48|008|0130|Rural|
60896|El Salado (Palma Arena)|Rancho|Aquila|Michoacán de Ocampo||60984|16|60984||48|008|0134|Rural|
60896|La Ciénega|Rancho|Aquila|Michoacán de Ocampo||60984|16|60984||48|008|0165|Rural|
60896|La Hujera|Rancho|Aquila|Michoacán de Ocampo||60984|16|60984||48|008|0181|Rural|
60896|La Limonera (El Limón del Plátano)|Rancho|Aquila|Michoacán de Ocampo||60984|16|60984||48|008|0189|Rural|
60896|La Ocotera|Rancho|Aquila|Michoacán de Ocampo||60984|16|60984||48|008|0200|Rural|
60896|Las Salinas|Rancho|Aquila|Michoacán de Ocampo||60984|16|60984||48|008|0232|Rural|
60896|Linda Vista|Rancho|Aquila|Michoacán de Ocampo||60984|16|60984||48|008|0235|Rural|
60896|Majahua|Rancho|Aquila|Michoacán de Ocampo||60984|16|60984||48|008|0249|Rural|
60896|Mata de Plátano|Rancho|Aquila|Michoacán de Ocampo||60984|16|60984||48|008|0254|Rural|
60896|Punta del Agua|Rancho|Aquila|Michoacán de Ocampo||60984|16|60984||48|008|0273|Rural|
60896|El Bejuco|Rancho|Aquila|Michoacán de Ocampo||60984|16|60984||48|008|0303|Rural|
60896|Playa Mellin|Rancho|Aquila|Michoacán de Ocampo||60984|16|60984||48|008|0307|Rural|
60896|La Cuadrilla|Ranchería|Aquila|Michoacán de Ocampo||60984|16|60984||29|008|4710|Rural|
60897|Corralitos|Rancho|Aquila|Michoacán de Ocampo||60984|16|60984||48|008|0058|Rural|
60897|El Bálsamo|Rancho|Aquila|Michoacán de Ocampo||60984|16|60984||48|008|0075|Rural|
60897|El Bonete|Rancho|Aquila|Michoacán de Ocampo||60984|16|60984||48|008|0076|Rural|
60897|El Calabozo|Rancho|Aquila|Michoacán de Ocampo||60984|16|60984||48|008|0079|Rural|
60897|El Canal Agro|Rancho|Aquila|Michoacán de Ocampo||60984|16|60984||48|008|0081|Rural|
60897|El Cuirindo|Rancho|Aquila|Michoacán de Ocampo||60984|16|60984||48|008|0096|Rural|
60897|El Higueral (La Higuerita)|Rancho|Aquila|Michoacán de Ocampo||60984|16|60984||48|008|0102|Rural|
60897|El Ranchito|Rancho|Aquila|Michoacán de Ocampo||60984|16|60984||48|008|0131|Rural|
60897|El Socorro|Rancho|Aquila|Michoacán de Ocampo||60984|16|60984||48|008|0138|Rural|
60897|El Varil|Rancho|Aquila|Michoacán de Ocampo||60984|16|60984||48|008|0144|Rural|
60897|El Vástago|Rancho|Aquila|Michoacán de Ocampo||60984|16|60984||48|008|0145|Rural|
60897|La Ceiba|Rancho|Aquila|Michoacán de Ocampo||60984|16|60984||48|008|0163|Rural|
60897|La Higuera|Rancho|Aquila|Michoacán de Ocampo||60984|16|60984||48|008|0179|Rural|
60897|La Higuerita Dos|Rancho|Aquila|Michoacán de Ocampo||60984|16|60984||48|008|0180|Rural|
60897|La Peña|Rancho|Aquila|Michoacán de Ocampo||60984|16|60984||48|008|0206|Rural|
60897|La Sierrita|Rancho|Aquila|Michoacán de Ocampo||60984|16|60984||48|008|0209|Rural|
60897|Las Calandrias|Rancho|Aquila|Michoacán de Ocampo||60984|16|60984||48|008|0220|Rural|
60897|Las Playas|Rancho|Aquila|Michoacán de Ocampo||60984|16|60984||48|008|0230|Rural|
60897|Limonera de Basilio|Rancho|Aquila|Michoacán de Ocampo||60984|16|60984||48|008|0234|Rural|
60897|Los Puertecitos|Rancho|Aquila|Michoacán de Ocampo||60984|16|60984||48|008|0247|Rural|
60897|Ojos de Agua|Rancho|Aquila|Michoacán de Ocampo||60984|16|60984||48|008|0260|Rural|
60897|Puerto del Toro|Rancho|Aquila|Michoacán de Ocampo||60984|16|60984||48|008|0308|Rural|
60898|Barranca Verde|Rancho|Aquila|Michoacán de Ocampo||60984|16|60984||48|008|0025|Rural|
60898|Comala|Rancho|Aquila|Michoacán de Ocampo||60984|16|60984||48|008|0051|Rural|
60898|El Aguacate (El Aguacate de Don Pule)|Rancho|Aquila|Michoacán de Ocampo||60984|16|60984||48|008|0066|Rural|
60898|El Carmen|Rancho|Aquila|Michoacán de Ocampo||60984|16|60984||48|008|0083|Rural|
60898|El Crucerito|Rancho|Aquila|Michoacán de Ocampo||60984|16|60984||48|008|0094|Rural|
60898|El Jagüey|Rancho|Aquila|Michoacán de Ocampo||60984|16|60984||48|008|0107|Rural|
60898|El Llano (Madrigaleño)|Rancho|Aquila|Michoacán de Ocampo||60984|16|60984||48|008|0111|Rural|
60898|El Pedregoso|Rancho|Aquila|Michoacán de Ocampo||60984|16|60984||48|008|0126|Rural|
60898|El Tepame|Rancho|Aquila|Michoacán de Ocampo||60984|16|60984||48|008|0139|Rural|
60898|Escobedo|Rancho|Aquila|Michoacán de Ocampo||60984|16|60984||48|008|0149|Rural|
60898|La Coralilla|Rancho|Aquila|Michoacán de Ocampo||60984|16|60984||48|008|0170|Rural|
60898|La Iluminaria|Rancho|Aquila|Michoacán de Ocampo||60984|16|60984||48|008|0183|Rural|
60898|Las Minas|Rancho|Aquila|Michoacán de Ocampo||60984|16|60984||48|008|0227|Rural|
60898|Los Gallos (San Isidro)|Rancho|Aquila|Michoacán de Ocampo||60984|16|60984||48|008|0244|Rural|
60898|Mamey del Río|Rancho|Aquila|Michoacán de Ocampo||60984|16|60984||48|008|0250|Rural|
60898|Palo Plantado|Rancho|Aquila|Michoacán de Ocampo||60984|16|60984||48|008|0263|Rural|
60898|Los Naranjos|Rancho|Aquila|Michoacán de Ocampo||60984|16|60984||48|008|0296|Rural|
60898|La Ceibita|Rancho|Aquila|Michoacán de Ocampo||60984|16|60984||48|008|0306|Rural|
60900|La Cablotera|Colonia|Tumbiscatío|Michoacán de Ocampo||60922|16|60922||09|096|0001|Urbano|
60900|Tumbiscatío de Ruiz|Pueblo|Tumbiscatío|Michoacán de Ocampo||60922|16|60922||28|096|2008|Urbano|
60903|San Antonio|Ranchería|Tumbiscatío|Michoacán de Ocampo||60922|16|60922||29|096|0068|Rural|
60904|El Falsete|Ranchería|Tumbiscatío|Michoacán de Ocampo||60922|16|60922||29|096|0016|Rural|
60904|Los Varales|Ranchería|Tumbiscatío|Michoacán de Ocampo||60922|16|60922||29|096|4676|Rural|
60905|Apo el Viejo|Ranchería|Tumbiscatío|Michoacán de Ocampo||60922|16|60922||29|096|0002|Rural|
60905|Apo Nuevo|Ranchería|Tumbiscatío|Michoacán de Ocampo||60922|16|60922||29|096|0003|Rural|
60905|El Cirián|Ranchería|Tumbiscatío|Michoacán de Ocampo||60922|16|60922||29|096|0012|Rural|
60905|El Lindero|Ranchería|Tumbiscatío|Michoacán de Ocampo||60922|16|60922||29|096|0019|Rural|
60905|La Guayabillera|Ranchería|Tumbiscatío|Michoacán de Ocampo||60922|16|60922||29|096|0034|Rural|
60905|La Yerbabuena|Ranchería|Tumbiscatío|Michoacán de Ocampo||60922|16|60922||29|096|0042|Rural|
60905|Las Chambandicuas|Ranchería|Tumbiscatío|Michoacán de Ocampo||60922|16|60922||29|096|0043|Rural|
60905|Las Trojas|Ranchería|Tumbiscatío|Michoacán de Ocampo||60922|16|60922||29|096|0052|Rural|
60905|Los Paredones|Ranchería|Tumbiscatío|Michoacán de Ocampo||60922|16|60922||29|096|0059|Rural|
60905|Mata de Hule|Ranchería|Tumbiscatío|Michoacán de Ocampo||60922|16|60922||29|096|0060|Rural|
60905|Palo Dulce|Ranchería|Tumbiscatío|Michoacán de Ocampo||60922|16|60922||29|096|0063|Rural|
60905|Las Playitas|Ranchería|Tumbiscatío|Michoacán de Ocampo||60922|16|60922||29|096|2007|Rural|
60906|La Añilera|Ranchería|Tumbiscatío|Michoacán de Ocampo||60922|16|60922||29|096|0028|Rural|
60906|La Encinera|Ranchería|Tumbiscatío|Michoacán de Ocampo||60922|16|60922||29|096|0032|Rural|
60906|Las Parotas|Ranchería|Tumbiscatío|Michoacán de Ocampo||60922|16|60922||29|096|0050|Rural|
60906|Los Angelitos|Ranchería|Tumbiscatío|Michoacán de Ocampo||60922|16|60922||29|096|0054|Rural|
60906|Rancho de Pino|Ranchería|Tumbiscatío|Michoacán de Ocampo||60922|16|60922||29|096|0067|Rural|
60907|Boca del Río del Chacal|Ranchería|Tumbiscatío|Michoacán de Ocampo||60922|16|60922||29|096|0006|Rural|
60907|El Ahijadero|Ranchería|Tumbiscatío|Michoacán de Ocampo||60922|16|60922||29|096|0009|Rural|
60907|El Uje|Ranchería|Tumbiscatío|Michoacán de Ocampo||60922|16|60922||29|096|0024|Rural|
60907|Zacasillas|Ranchería|Tumbiscatío|Michoacán de Ocampo||60922|16|60922||29|096|0071|Rural|
60908|El Parotal|Ranchería|Tumbiscatío|Michoacán de Ocampo||60922|16|60922||29|096|0021|Rural|
60908|La Garita|Ranchería|Tumbiscatío|Michoacán de Ocampo||60922|16|60922||29|096|0033|Rural|
60908|La Pajita|Ranchería|Tumbiscatío|Michoacán de Ocampo||60922|16|60922||29|096|0038|Rural|
60908|Las Salinas|Ranchería|Tumbiscatío|Michoacán de Ocampo||60922|16|60922||29|096|0051|Rural|
60908|Paso Perro del Agua|Ranchería|Tumbiscatío|Michoacán de Ocampo||60922|16|60922||29|096|0065|Rural|
60908|Sánchez|Ranchería|Tumbiscatío|Michoacán de Ocampo||60922|16|60922||29|096|0069|Rural|
60910|El Cablote|Ranchería|Tumbiscatío|Michoacán de Ocampo||60922|16|60922||29|096|0010|Rural|
60910|Las Nuevas Caramicuas|Ranchería|Tumbiscatío|Michoacán de Ocampo||60922|16|60922||29|096|0049|Rural|
60910|General Francisco Villa (Las Cruces)|Ranchería|Tumbiscatío|Michoacán de Ocampo||60922|16|60922||29|096|2009|Rural|
60913|El Platanal|Pueblo|Tumbiscatío|Michoacán de Ocampo||60922|16|60922||28|096|3993|Rural|
60913|Potrerillos de Coria (La Loma)|Pueblo|Tumbiscatío|Michoacán de Ocampo||60922|16|60922||28|096|3994|Rural|
60914|Aruchita|Ranchería|Tumbiscatío|Michoacán de Ocampo||60922|16|60922||29|096|0004|Rural|
60914|El Caracol|Ranchería|Tumbiscatío|Michoacán de Ocampo||60922|16|60922||29|096|0011|Rural|
60914|El Culebro|Ranchería|Tumbiscatío|Michoacán de Ocampo||60922|16|60922||29|096|0015|Rural|
60914|El Paraíso|Ranchería|Tumbiscatío|Michoacán de Ocampo||60922|16|60922||29|096|0020|Rural|
60914|El Pimientillo|Ranchería|Tumbiscatío|Michoacán de Ocampo||60922|16|60922||29|096|0022|Rural|
60914|La Herradura (San Juan de los Plátanos)|Ranchería|Tumbiscatío|Michoacán de Ocampo||60922|16|60922||29|096|0035|Rural|
60914|La Pantomima|Ranchería|Tumbiscatío|Michoacán de Ocampo||60922|16|60922||29|096|0039|Rural|
60914|Las Mesas|Ranchería|Tumbiscatío|Michoacán de Ocampo||60922|16|60922||29|096|0048|Rural|
60914|Los Chivos|Ranchería|Tumbiscatío|Michoacán de Ocampo||60922|16|60922||29|096|0058|Rural|
60914|Mata de Plátano|Ranchería|Tumbiscatío|Michoacán de Ocampo||60922|16|60922||29|096|0061|Rural|
60914|Graciano Sánchez (El Socorro)|Pueblo|Tumbiscatío|Michoacán de Ocampo||60922|16|60922||28|096|3992|Rural|
60915|El Aguacatito|Ranchería|Tumbiscatío|Michoacán de Ocampo||60922|16|60922||29|096|0008|Rural|
60915|El Habillal|Ranchería|Tumbiscatío|Michoacán de Ocampo||60922|16|60922||29|096|0017|Rural|
60915|El Valle|Ranchería|Tumbiscatío|Michoacán de Ocampo||60922|16|60922||29|096|0025|Rural|
60915|La Colomera|Ranchería|Tumbiscatío|Michoacán de Ocampo||60922|16|60922||29|096|0029|Rural|
60915|La Nolasca|Ranchería|Tumbiscatío|Michoacán de Ocampo||60922|16|60922||29|096|0037|Rural|
60915|Las Higueras|Ranchería|Tumbiscatío|Michoacán de Ocampo||60922|16|60922||29|096|0046|Rural|
60915|Las Truchas|Ranchería|Tumbiscatío|Michoacán de Ocampo||60922|16|60922||29|096|0053|Rural|
60915|Los Araus|Ranchería|Tumbiscatío|Michoacán de Ocampo||60922|16|60922||29|096|0056|Rural|
60915|Paso del Indio|Ranchería|Tumbiscatío|Michoacán de Ocampo||60922|16|60922||29|096|0064|Rural|
60915|El Bejuco|Ranchería|Tumbiscatío|Michoacán de Ocampo||60922|16|60922||29|096|5529|Rural|
60915|San Francisco|Ranchería|Tumbiscatío|Michoacán de Ocampo||60922|16|60922||29|096|5530|Rural|
60916|El Conchuelo|Ranchería|Tumbiscatío|Michoacán de Ocampo||60922|16|60922||29|096|0013|Rural|
60916|La Cruz|Ranchería|Tumbiscatío|Michoacán de Ocampo||60922|16|60922||29|096|0030|Rural|
60916|Las Enramadas|Ranchería|Tumbiscatío|Michoacán de Ocampo||60922|16|60922||29|096|0045|Rural|
60916|Tierra de Bueyes (Tierra de Juárez)|Ranchería|Tumbiscatío|Michoacán de Ocampo||60922|16|60922||29|096|0070|Rural|
60916|El Fresnal|Ranchería|Tumbiscatío|Michoacán de Ocampo||60922|16|60922||29|096|4707|Rural|
60917|Cerro Prieto|Ranchería|Tumbiscatío|Michoacán de Ocampo||60922|16|60922||29|096|0007|Rural|
60917|El Huje|Ranchería|Tumbiscatío|Michoacán de Ocampo||60922|16|60922||29|096|0018|Rural|
60917|Guayabillera|Ranchería|Tumbiscatío|Michoacán de Ocampo||60922|16|60922||29|096|0026|Rural|
60917|La Cruz|Ranchería|Tumbiscatío|Michoacán de Ocampo||60922|16|60922||29|096|0031|Rural|
60917|La Mora|Ranchería|Tumbiscatío|Michoacán de Ocampo||60922|16|60922||29|096|0036|Rural|
60917|Las Juntas|Ranchería|Tumbiscatío|Michoacán de Ocampo||60922|16|60922||29|096|0047|Rural|
60917|Palo Alto|Ranchería|Tumbiscatío|Michoacán de Ocampo||60922|16|60922||29|096|0062|Rural|
60917|Puerta del Venado|Ranchería|Tumbiscatío|Michoacán de Ocampo||60922|16|60922||29|096|0066|Rural|
60918|Barranca Adentro|Ranchería|Tumbiscatío|Michoacán de Ocampo||60922|16|60922||29|096|0005|Rural|
60918|El Copal|Ranchería|Tumbiscatío|Michoacán de Ocampo||60922|16|60922||29|096|0014|Rural|
60918|El Tejamanil|Ranchería|Tumbiscatío|Michoacán de Ocampo||60922|16|60922||29|096|0023|Rural|
60918|Higuera Raizuda|Ranchería|Tumbiscatío|Michoacán de Ocampo||60922|16|60922||29|096|0027|Rural|
60918|La Sidra|Ranchería|Tumbiscatío|Michoacán de Ocampo||60922|16|60922||29|096|0040|Rural|
60918|La Timbirichera|Ranchería|Tumbiscatío|Michoacán de Ocampo||60922|16|60922||29|096|0041|Rural|
60918|Las Cuevitas|Ranchería|Tumbiscatío|Michoacán de Ocampo||60922|16|60922||29|096|0044|Rural|
60918|Los Arreguines|Ranchería|Tumbiscatío|Michoacán de Ocampo||60922|16|60922||29|096|0057|Rural|
60920|La Capilla|Colonia|Arteaga|Michoacán de Ocampo||60922|16|60922||09|010|0020|Urbano|
60920|Arteaga|Pueblo|Arteaga|Michoacán de Ocampo||60922|16|60922||28|010|2010|Urbano|
60920|La Piedra Sonadora|Colonia|Arteaga|Michoacán de Ocampo||60922|16|60922||09|010|4675|Urbano|
60920|Lomas de Alejandría|Colonia|Arteaga|Michoacán de Ocampo||60922|16|60922||09|010|4741|Urbano|
60920|Castañeda|Colonia|Arteaga|Michoacán de Ocampo||60922|16|60922||09|010|5718|Urbano|
60920|Del Riego|Colonia|Arteaga|Michoacán de Ocampo||60922|16|60922||09|010|5719|Urbano|
60920|Ejidal|Colonia|Arteaga|Michoacán de Ocampo||60922|16|60922||09|010|5720|Urbano|
60920|Emiliano Zapata|Colonia|Arteaga|Michoacán de Ocampo||60922|16|60922||09|010|5721|Urbano|
60920|Empleados Municipales|Colonia|Arteaga|Michoacán de Ocampo||60922|16|60922||09|010|5722|Urbano|
60920|Francisco Villa|Colonia|Arteaga|Michoacán de Ocampo||60922|16|60922||09|010|5723|Urbano|
60920|Lindavista|Colonia|Arteaga|Michoacán de Ocampo||60922|16|60922||09|010|5724|Urbano|
60920|Los Claveles|Colonia|Arteaga|Michoacán de Ocampo||60922|16|60922||09|010|5725|Urbano|
60920|San Martín|Colonia|Arteaga|Michoacán de Ocampo||60922|16|60922||09|010|5726|Urbano|
60920|Siglo XXI|Colonia|Arteaga|Michoacán de Ocampo||60922|16|60922||09|010|5727|Urbano|
60920|Vista Hermosa|Colonia|Arteaga|Michoacán de Ocampo||60922|16|60922||09|010|5728|Urbano|
60921|Las Juntas|Ranchería|Arteaga|Michoacán de Ocampo||60922|16|60922||29|010|2011|Rural|
60923|El Limón de Franco|Ranchería|Arteaga|Michoacán de Ocampo||60922|16|60922||29|010|3884|Rural|
60923|El Limón|Ranchería|Arteaga|Michoacán de Ocampo||60922|16|60922||29|010|3965|Rural|
60923|La Escoba|Ranchería|Arteaga|Michoacán de Ocampo||60922|16|60922||29|010|4673|Rural|
60923|La Mina|Ranchería|Arteaga|Michoacán de Ocampo||60922|16|60922||29|010|4674|Rural|
60923|La Capilla|Ranchería|Arteaga|Michoacán de Ocampo||60922|16|60922||29|010|4712|Rural|
60923|Ahuatoso|Ranchería|Arteaga|Michoacán de Ocampo||60922|16|60922||29|010|5736|Rural|
60923|Coacuyulito|Ranchería|Arteaga|Michoacán de Ocampo||60922|16|60922||29|010|5759|Rural|
60923|Cuachalatal|Ranchería|Arteaga|Michoacán de Ocampo||60922|16|60922||29|010|5761|Rural|
60923|El Buen Amigo|Ranchería|Arteaga|Michoacán de Ocampo||60922|16|60922||29|010|5777|Rural|
60923|Las Palmas|Ranchería|Arteaga|Michoacán de Ocampo||60922|16|60922||29|010|5789|Rural|
60923|El Cirián|Ranchería|Arteaga|Michoacán de Ocampo||60922|16|60922||29|010|5791|Rural|
60923|El Cuirindal|Ranchería|Arteaga|Michoacán de Ocampo||60922|16|60922||29|010|5797|Rural|
60923|El Higueral|Rancho|Arteaga|Michoacán de Ocampo||60922|16|60922||48|010|5805|Rural|
60923|El Zapatero|Ranchería|Arteaga|Michoacán de Ocampo||60922|16|60922||29|010|5857|Rural|
60923|La Bocana|Ranchería|Arteaga|Michoacán de Ocampo||60922|16|60922||29|010|5876|Rural|
60923|La Parota (Las Parotas)|Ranchería|Arteaga|Michoacán de Ocampo||60922|16|60922||29|010|5918|Rural|
60923|Las Camelinas|Rancho|Arteaga|Michoacán de Ocampo||60922|16|60922||48|010|5947|Rural|
60923|Las Caramicuas|Ranchería|Arteaga|Michoacán de Ocampo||60922|16|60922||29|010|5948|Rural|
60923|Las Carretas|Rancho|Arteaga|Michoacán de Ocampo||60922|16|60922||48|010|5950|Rural|
60923|Los Naranjos|Ranchería|Arteaga|Michoacán de Ocampo||60922|16|60922||29|010|5971|Rural|
60923|Las Huertas|Ranchería|Arteaga|Michoacán de Ocampo||60922|16|60922||29|010|5973|Rural|
60923|Nopalera|Ranchería|Arteaga|Michoacán de Ocampo||60922|16|60922||29|010|6012|Rural|
60923|Parota de las Ollas|Ranchería|Arteaga|Michoacán de Ocampo||60922|16|60922||29|010|6015|Rural|
60924|Buenavista|Rancho|Arteaga|Michoacán de Ocampo||60922|16|60922||48|010|0019|Rural|
60924|El Zapote de Toscano|Ranchería|Arteaga|Michoacán de Ocampo||60922|16|60922||29|010|3888|Rural|
60924|Chiquihuitillo|Ranchería|Arteaga|Michoacán de Ocampo||60922|16|60922||29|010|5757|Rural|
60924|El Chicharrón|Ranchería|Arteaga|Michoacán de Ocampo||60922|16|60922||29|010|5786|Rural|
60924|El Cordón Alto|Ranchería|Arteaga|Michoacán de Ocampo||60922|16|60922||29|010|5794|Rural|
60924|El Encino|Ranchería|Arteaga|Michoacán de Ocampo||60922|16|60922||29|010|5800|Rural|
60924|El Limón de Tamayo (Limón de los Franco)|Ranchería|Arteaga|Michoacán de Ocampo||60922|16|60922||29|010|5811|Rural|
60924|El Muleto|Ranchería|Arteaga|Michoacán de Ocampo||60922|16|60922||29|010|5820|Rural|
60924|El Pino Gordo|Ranchería|Arteaga|Michoacán de Ocampo||60922|16|60922||29|010|5834|Rural|
60924|El Saucito|Ranchería|Arteaga|Michoacán de Ocampo||60922|16|60922||29|010|5847|Rural|
60924|El Tamarindo|Ranchería|Arteaga|Michoacán de Ocampo||60922|16|60922||29|010|5852|Rural|
60924|El Tuzón|Ranchería|Arteaga|Michoacán de Ocampo||60922|16|60922||29|010|5854|Rural|
60924|Ferrería (Fierrería)|Ranchería|Arteaga|Michoacán de Ocampo||60922|16|60922||29|010|5863|Rural|
60924|La Aguacatera|Ranchería|Arteaga|Michoacán de Ocampo||60922|16|60922||29|010|5874|Rural|
60924|La Botija|Ranchería|Arteaga|Michoacán de Ocampo||60922|16|60922||29|010|5879|Rural|
60924|La Huerta|Ranchería|Arteaga|Michoacán de Ocampo||60922|16|60922||29|010|5896|Rural|
60924|La Medina|Ranchería|Arteaga|Michoacán de Ocampo||60922|16|60922||29|010|5903|Rural|
60924|La Mesa de los Horcones|Ranchería|Arteaga|Michoacán de Ocampo||60922|16|60922||29|010|5905|Rural|
60924|La Mocha|Ranchería|Arteaga|Michoacán de Ocampo||60922|16|60922||29|010|5908|Rural|
60924|La Negra|Ranchería|Arteaga|Michoacán de Ocampo||60922|16|60922||29|010|5910|Rural|
60924|La Palmita|Ranchería|Arteaga|Michoacán de Ocampo||60922|16|60922||29|010|5916|Rural|
60924|La Peñita|Ranchería|Arteaga|Michoacán de Ocampo||60922|16|60922||29|010|5924|Rural|
60924|La Playa|Ranchería|Arteaga|Michoacán de Ocampo||60922|16|60922||29|010|5928|Rural|
60924|La Raizuda|Ranchería|Arteaga|Michoacán de Ocampo||60922|16|60922||29|010|5930|Rural|
60924|La Vainillera|Ranchería|Arteaga|Michoacán de Ocampo||60922|16|60922||29|010|5936|Rural|
60924|Las Camelinas|Ranchería|Arteaga|Michoacán de Ocampo||60922|16|60922||29|010|5946|Rural|
60924|Las Lajas|Ranchería|Arteaga|Michoacán de Ocampo||60922|16|60922||29|010|5981|Rural|
60924|Los Chupaderos|Ranchería|Arteaga|Michoacán de Ocampo||60922|16|60922||29|010|5992|Rural|
60924|Los Huizaches|Ranchería|Arteaga|Michoacán de Ocampo||60922|16|60922||29|010|6001|Rural|
60924|Potrerillos|Ranchería|Arteaga|Michoacán de Ocampo||60922|16|60922||29|010|6024|Rural|
60924|Toscano|Ranchería|Arteaga|Michoacán de Ocampo||60922|16|60922||29|010|6034|Rural|
60925|El Higueral|Rancho|Arteaga|Michoacán de Ocampo||60922|16|60922||48|010|0007|Rural|
60925|Las Hembrillas|Pueblo|Arteaga|Michoacán de Ocampo||60922|16|60922||28|010|2013|Rural|
60925|Plan de Armas (El Plan)|Ranchería|Arteaga|Michoacán de Ocampo||60922|16|60922||29|010|3886|Rural|
60925|El Valle|Pueblo|Arteaga|Michoacán de Ocampo||60922|16|60922||28|010|3966|Rural|
60925|La Concepción|Ranchería|Arteaga|Michoacán de Ocampo||60922|16|60922||29|010|4738|Rural|
60925|Barrancas Blancas|Ranchería|Arteaga|Michoacán de Ocampo||60922|16|60922||29|010|5747|Rural|
60925|Charco del Toro|Ranchería|Arteaga|Michoacán de Ocampo||60922|16|60922||29|010|5756|Rural|
60925|El Agustín|Ranchería|Arteaga|Michoacán de Ocampo||60922|16|60922||29|010|5768|Rural|
60925|El Baril|Ranchería|Arteaga|Michoacán de Ocampo||60922|16|60922||29|010|5773|Rural|
60925|El Cuchi|Ranchería|Arteaga|Michoacán de Ocampo||60922|16|60922||29|010|5796|Rural|
60925|El Naranjito|Ranchería|Arteaga|Michoacán de Ocampo||60922|16|60922||29|010|5824|Rural|
60925|El Panteco|Ranchería|Arteaga|Michoacán de Ocampo||60922|16|60922||29|010|5829|Rural|
60925|El Plan de Téllez|Ranchería|Arteaga|Michoacán de Ocampo||60922|16|60922||29|010|5838|Rural|
60925|El Saucito|Rancho|Arteaga|Michoacán de Ocampo||60922|16|60922||48|010|5848|Rural|
60925|La Minita|Ranchería|Arteaga|Michoacán de Ocampo||60922|16|60922||29|010|5907|Rural|
60925|La Ordeñita|Ranchería|Arteaga|Michoacán de Ocampo||60922|16|60922||29|010|5914|Rural|
60925|La Piedra Amarilla|Ranchería|Arteaga|Michoacán de Ocampo||60922|16|60922||29|010|5927|Rural|
60925|Las Enramadas|Ranchería|Arteaga|Michoacán de Ocampo||60922|16|60922||29|010|5966|Rural|
60925|Las Juntas|Ranchería|Arteaga|Michoacán de Ocampo||60922|16|60922||29|010|5977|Rural|
60925|San José de los Pinos (Mancha de Pinos)|Ranchería|Arteaga|Michoacán de Ocampo||60922|16|60922||29|010|6032|Rural|
60925|Los Pozos|Ranchería|Arteaga|Michoacán de Ocampo||60922|16|60922||29|010|6045|Rural|
60926|La Escondida|Rancho|Arteaga|Michoacán de Ocampo||60922|16|60922||48|010|0003|Rural|
60926|Piedras Grandes|Rancho|Arteaga|Michoacán de Ocampo||60922|16|60922||48|010|0005|Rural|
60926|El Laberinto|Rancho|Arteaga|Michoacán de Ocampo||60922|16|60922||48|010|0011|Rural|
60926|El Huacal|Rancho|Arteaga|Michoacán de Ocampo||60922|16|60922||48|010|0013|Rural|
60926|Azteca|Rancho|Arteaga|Michoacán de Ocampo||60922|16|60922||48|010|0015|Rural|
60926|El Arenal|Pueblo|Arteaga|Michoacán de Ocampo||60922|16|60922||28|010|3963|Rural|
60926|Ahuindo|Ranchería|Arteaga|Michoacán de Ocampo||60922|16|60922||29|010|5737|Rural|
60926|Barranca Alegre|Ranchería|Arteaga|Michoacán de Ocampo||60922|16|60922||29|010|5739|Rural|
60926|Barranca de Campos|Ranchería|Arteaga|Michoacán de Ocampo||60922|16|60922||29|010|5740|Rural|
60926|Barranca Grande|Ranchería|Arteaga|Michoacán de Ocampo||60922|16|60922||29|010|5742|Rural|
60926|Barranca Seca|Ranchería|Arteaga|Michoacán de Ocampo||60922|16|60922||29|010|5746|Rural|
60926|Buenos Aires|Ranchería|Arteaga|Michoacán de Ocampo||60922|16|60922||29|010|5749|Rural|
60926|Casas Quemadas|Ranchería|Arteaga|Michoacán de Ocampo||60922|16|60922||29|010|5753|Rural|
60926|Cerro Verde|Ranchería|Arteaga|Michoacán de Ocampo||60922|16|60922||29|010|5755|Rural|
60926|El Agua de la Virgen|Ranchería|Arteaga|Michoacán de Ocampo||60922|16|60922||29|010|5763|Rural|
60926|El Ahijadero (El Ahijadero de las Minas)|Ranchería|Arteaga|Michoacán de Ocampo||60922|16|60922||29|010|5769|Rural|
60926|El Ahijadero de Abajo|Ranchería|Arteaga|Michoacán de Ocampo||60922|16|60922||29|010|5770|Rural|
60926|El Carrizo|Ranchería|Arteaga|Michoacán de Ocampo||60922|16|60922||29|010|5780|Rural|
60926|El Cirián|Ranchería|Arteaga|Michoacán de Ocampo||60922|16|60922||29|010|5790|Rural|
60926|El Cóbano|Ranchería|Arteaga|Michoacán de Ocampo||60922|16|60922||29|010|5793|Rural|
60926|El Cuirindal|Rancho|Arteaga|Michoacán de Ocampo||60922|16|60922||48|010|5798|Rural|
60926|El Guasimal|Ranchería|Arteaga|Michoacán de Ocampo||60922|16|60922||29|010|5802|Rural|
60926|El Higueral|Ranchería|Arteaga|Michoacán de Ocampo||60922|16|60922||29|010|5804|Rural|
60926|El Hule|Ranchería|Arteaga|Michoacán de Ocampo||60922|16|60922||29|010|5807|Rural|
60926|El Lirio|Ranchería|Arteaga|Michoacán de Ocampo||60922|16|60922||29|010|5812|Rural|
60926|El Naranjal|Ranchería|Arteaga|Michoacán de Ocampo||60922|16|60922||29|010|5821|Rural|
60926|El Onzo|Ranchería|Arteaga|Michoacán de Ocampo||60922|16|60922||29|010|5825|Rural|
60926|El Pajal|Ranchería|Arteaga|Michoacán de Ocampo||60922|16|60922||29|010|5827|Rural|
60926|El Rincón|Ranchería|Arteaga|Michoacán de Ocampo||60922|16|60922||29|010|5845|Rural|
60926|El Roble|Ranchería|Arteaga|Michoacán de Ocampo||60922|16|60922||29|010|5846|Rural|
60926|El Tepeguaje|Ranchería|Arteaga|Michoacán de Ocampo||60922|16|60922||29|010|5853|Rural|
60926|El Varil|Ranchería|Arteaga|Michoacán de Ocampo||60922|16|60922||29|010|5856|Rural|
60926|El Zapotillo|Ranchería|Arteaga|Michoacán de Ocampo||60922|16|60922||29|010|5859|Rural|
60926|Enramaditas|Ranchería|Arteaga|Michoacán de Ocampo||60922|16|60922||29|010|5862|Rural|
60926|Guayabillera|Ranchería|Arteaga|Michoacán de Ocampo||60922|16|60922||29|010|5867|Rural|
60926|Jahuilera|Ranchería|Arteaga|Michoacán de Ocampo||60922|16|60922||29|010|5870|Rural|
60926|Jaujilla|Ranchería|Arteaga|Michoacán de Ocampo||60922|16|60922||29|010|5871|Rural|
60926|Jazmín|Ranchería|Arteaga|Michoacán de Ocampo||60922|16|60922||29|010|5872|Rural|
60926|La Calzada|Ranchería|Arteaga|Michoacán de Ocampo||60922|16|60922||29|010|5881|Rural|
60926|La Camelina|Ranchería|Arteaga|Michoacán de Ocampo||60922|16|60922||29|010|5882|Rural|
60926|La Huizachera|Ranchería|Arteaga|Michoacán de Ocampo||60922|16|60922||29|010|5898|Rural|
60926|La Mora|Ranchería|Arteaga|Michoacán de Ocampo||60922|16|60922||29|010|5909|Rural|
60926|La Parota|Ranchería|Arteaga|Michoacán de Ocampo||60922|16|60922||29|010|5917|Rural|
60926|La Sierrita|Ranchería|Arteaga|Michoacán de Ocampo||60922|16|60922||29|010|5932|Rural|
60926|La Tinaja|Ranchería|Arteaga|Michoacán de Ocampo||60922|16|60922||29|010|5934|Rural|
60926|La Tinajita|Ranchería|Arteaga|Michoacán de Ocampo||60922|16|60922||29|010|5935|Rural|
60926|Las Calandrias|Ranchería|Arteaga|Michoacán de Ocampo||60922|16|60922||29|010|5945|Rural|
60926|Las Charandas|Ranchería|Arteaga|Michoacán de Ocampo||60922|16|60922||29|010|5951|Rural|
60926|Las Higueras|Rancho|Arteaga|Michoacán de Ocampo||60922|16|60922||48|010|5970|Rural|
60926|Las Huertitas|Ranchería|Arteaga|Michoacán de Ocampo||60922|16|60922||29|010|5974|Rural|
60926|Las Huertitas|Rancho|Arteaga|Michoacán de Ocampo||60922|16|60922||48|010|5975|Rural|
60926|Las Lomas|Ranchería|Arteaga|Michoacán de Ocampo||60922|16|60922||29|010|5982|Rural|
60926|Los Potreros|Ranchería|Arteaga|Michoacán de Ocampo||60922|16|60922||29|010|6003|Rural|
60926|Paso de Barranca Honda|Ranchería|Arteaga|Michoacán de Ocampo||60922|16|60922||29|010|6017|Rural|
60926|Paso del Atuto (Lechuguillas)|Ranchería|Arteaga|Michoacán de Ocampo||60922|16|60922||29|010|6018|Rural|
60926|Pinzancitos|Ranchería|Arteaga|Michoacán de Ocampo||60922|16|60922||29|010|6022|Rural|
60926|Pueblo Viejo|Ranchería|Arteaga|Michoacán de Ocampo||60922|16|60922||29|010|6025|Rural|
60926|San Isidro|Ranchería|Arteaga|Michoacán de Ocampo||60922|16|60922||29|010|6030|Rural|
60926|San Jerónimo|Ranchería|Arteaga|Michoacán de Ocampo||60922|16|60922||29|010|6031|Rural|
60926|El Limón|Rancho|Arteaga|Michoacán de Ocampo||60922|16|60922||48|010|6044|Rural|
60927|La Tauna|Rancho|Arteaga|Michoacán de Ocampo||60922|16|60922||48|010|0001|Rural|
60927|La Ciénega|Rancho|Arteaga|Michoacán de Ocampo||60922|16|60922||48|010|0002|Rural|
60927|El Colomo|Rancho|Arteaga|Michoacán de Ocampo||60922|16|60922||48|010|0012|Rural|
60927|La Remonta|Rancho|Arteaga|Michoacán de Ocampo||60922|16|60922||48|010|0014|Rural|
60927|Los Habillos|Rancho|Arteaga|Michoacán de Ocampo||60922|16|60922||48|010|0016|Rural|
60927|La Gloria|Rancho|Arteaga|Michoacán de Ocampo||60922|16|60922||48|010|0017|Rural|
60927|Dos Claveles|Rancho|Arteaga|Michoacán de Ocampo||60922|16|60922||48|010|0018|Rural|
60927|Barranca de la Guayabera|Ranchería|Arteaga|Michoacán de Ocampo||60922|16|60922||29|010|5741|Rural|
60927|Barranca Prieta|Ranchería|Arteaga|Michoacán de Ocampo||60922|16|60922||29|010|5744|Rural|
60927|El Ancón|Ranchería|Arteaga|Michoacán de Ocampo||60922|16|60922||29|010|5771|Rural|
60927|El Antehuana|Ranchería|Arteaga|Michoacán de Ocampo||60922|16|60922||29|010|5772|Rural|
60927|El Bravo|Ranchería|Arteaga|Michoacán de Ocampo||60922|16|60922||29|010|5776|Rural|
60927|El Carrizo|Ranchería|Arteaga|Michoacán de Ocampo||60922|16|60922||29|010|5781|Rural|
60927|El Chinillo (Puerto Limón)|Ranchería|Arteaga|Michoacán de Ocampo||60922|16|60922||29|010|5787|Rural|
60927|El Chino|Ranchería|Arteaga|Michoacán de Ocampo||60922|16|60922||29|010|5788|Rural|
60927|El Limón de Cornejo|Ranchería|Arteaga|Michoacán de Ocampo||60922|16|60922||29|010|5809|Rural|
60927|El Manguito|Ranchería|Arteaga|Michoacán de Ocampo||60922|16|60922||29|010|5816|Rural|
60927|El Manguito|Rancho|Arteaga|Michoacán de Ocampo||60922|16|60922||48|010|5817|Rural|
60927|El Naranjal|Rancho|Arteaga|Michoacán de Ocampo||60922|16|60922||48|010|5822|Rural|
60927|El Perdido|Ranchería|Arteaga|Michoacán de Ocampo||60922|16|60922||29|010|5832|Rural|
60927|El Riego|Ranchería|Arteaga|Michoacán de Ocampo||60922|16|60922||29|010|5844|Rural|
60927|El Zapote|Ranchería|Arteaga|Michoacán de Ocampo||60922|16|60922||29|010|5858|Rural|
60927|Guayabera|Ranchería|Arteaga|Michoacán de Ocampo||60922|16|60922||29|010|5866|Rural|
60927|La Calera|Ranchería|Arteaga|Michoacán de Ocampo||60922|16|60922||29|010|5880|Rural|
60927|La Chilillera|Ranchería|Arteaga|Michoacán de Ocampo||60922|16|60922||29|010|5885|Rural|
60927|La Cruz|Ranchería|Arteaga|Michoacán de Ocampo||60922|16|60922||29|010|5887|Rural|
60927|La Guayabilla|Ranchería|Arteaga|Michoacán de Ocampo||60922|16|60922||29|010|5893|Rural|
60927|La Laja|Ranchería|Arteaga|Michoacán de Ocampo||60922|16|60922||29|010|5900|Rural|
60927|La Parotera (La Pareja)|Ranchería|Arteaga|Michoacán de Ocampo||60922|16|60922||29|010|5919|Rural|
60927|La Parotita|Ranchería|Arteaga|Michoacán de Ocampo||60922|16|60922||29|010|5922|Rural|
60927|La Picha|Ranchería|Arteaga|Michoacán de Ocampo||60922|16|60922||29|010|5925|Rural|
60927|La Playa|Rancho|Arteaga|Michoacán de Ocampo||60922|16|60922||48|010|5929|Rural|
60927|La Tecata|Ranchería|Arteaga|Michoacán de Ocampo||60922|16|60922||29|010|5933|Rural|
60927|La Zapotera|Ranchería|Arteaga|Michoacán de Ocampo||60922|16|60922||29|010|5942|Rural|
60927|Las Cañadas|Ranchería|Arteaga|Michoacán de Ocampo||60922|16|60922||29|010|5944|Rural|
60927|Las Charandillas|Ranchería|Arteaga|Michoacán de Ocampo||60922|16|60922||29|010|5952|Rural|
60927|Las Huertas|Ranchería|Arteaga|Michoacán de Ocampo||60922|16|60922||29|010|5972|Rural|
60927|Las Huertitas|Ranchería|Arteaga|Michoacán de Ocampo||60922|16|60922||29|010|5976|Rural|
60927|Las Tierritas|Ranchería|Arteaga|Michoacán de Ocampo||60922|16|60922||29|010|5988|Rural|
60927|Tototán|Ranchería|Arteaga|Michoacán de Ocampo||60922|16|60922||29|010|6035|Rural|
60929|Las Cañas|Ranchería|Arteaga|Michoacán de Ocampo||60922|16|60922||29|010|2014|Rural|
60930|Espinosa|Ranchería|Arteaga|Michoacán de Ocampo||60922|16|60922||29|010|2015|Rural|
60930|El Puerto del Mirador|Ranchería|Arteaga|Michoacán de Ocampo||60922|16|60922||29|010|5841|Rural|
60930|La Vuelta|Ranchería|Arteaga|Michoacán de Ocampo||60922|16|60922||29|010|5941|Rural|
60930|Las Juntitas|Ranchería|Arteaga|Michoacán de Ocampo||60922|16|60922||29|010|5979|Rural|
60930|Toluca|Ranchería|Arteaga|Michoacán de Ocampo||60922|16|60922||29|010|6033|Rural|
60930|Zapote Norte|Ranchería|Arteaga|Michoacán de Ocampo||60922|16|60922||29|010|6041|Rural|
60930|El Valle|Ranchería|Arteaga|Michoacán de Ocampo||60922|16|60922||29|010|6043|Rural|
60932|La Lajita (Los Bermejos)|Ranchería|Arteaga|Michoacán de Ocampo||60922|16|60922||29|010|2016|Rural|
60933|La Pareja|Ranchería|Arteaga|Michoacán de Ocampo||60922|16|60922||29|010|2017|Rural|
60933|Campincherán|Ranchería|Arteaga|Michoacán de Ocampo||60922|16|60922||29|010|5752|Rural|
60933|El Cascalote|Ranchería|Arteaga|Michoacán de Ocampo||60922|16|60922||29|010|5782|Rural|
60933|El Pajal|Ranchería|Arteaga|Michoacán de Ocampo||60922|16|60922||29|010|5826|Rural|
60933|La Parotita|Ranchería|Arteaga|Michoacán de Ocampo||60922|16|60922||29|010|5921|Rural|
60933|Vallecitos|Ranchería|Arteaga|Michoacán de Ocampo||60922|16|60922||29|010|6037|Rural|
60934|El Guayabo Norte (El Guayabillo)|Ranchería|Arteaga|Michoacán de Ocampo||60922|16|60922||29|010|2018|Rural|
60934|Aguilillita|Ranchería|Arteaga|Michoacán de Ocampo||60922|16|60922||29|010|5735|Rural|
60934|Buenavista|Ranchería|Arteaga|Michoacán de Ocampo||60922|16|60922||29|010|5748|Rural|
60934|El Cirul|Ranchería|Arteaga|Michoacán de Ocampo||60922|16|60922||29|010|5792|Rural|
60934|El Jazmín|Ranchería|Arteaga|Michoacán de Ocampo||60922|16|60922||29|010|5808|Rural|
60934|La Floreña (El Estribo)|Ranchería|Arteaga|Michoacán de Ocampo||60922|16|60922||29|010|5890|Rural|
60934|La Fundición|Rancho|Arteaga|Michoacán de Ocampo||60922|16|60922||48|010|5892|Rural|
60934|Las Carretas|Ranchería|Arteaga|Michoacán de Ocampo||60922|16|60922||29|010|5949|Rural|
60934|Las Minas|Ranchería|Arteaga|Michoacán de Ocampo||60922|16|60922||29|010|5984|Rural|
60935|Desviación de Infiernillo (El Crucero)|Rancho|Arteaga|Michoacán de Ocampo||60922|16|60922||48|010|5762|Rural|
60935|El Corongorito|Ranchería|Arteaga|Michoacán de Ocampo||60922|16|60922||29|010|5795|Rural|
60935|El Descansadero|Ranchería|Arteaga|Michoacán de Ocampo||60922|16|60922||29|010|5799|Rural|
60935|El Pinzán|Ranchería|Arteaga|Michoacán de Ocampo||60922|16|60922||29|010|5835|Rural|
60935|El Platanito|Ranchería|Arteaga|Michoacán de Ocampo||60922|16|60922||29|010|5839|Rural|
60935|La Vinata (Vinata Norte)|Ranchería|Arteaga|Michoacán de Ocampo||60922|16|60922||29|010|5938|Rural|
60935|La Vinatita|Ranchería|Arteaga|Michoacán de Ocampo||60922|16|60922||29|010|5939|Rural|
60936|El Anzuelo (La Ordeña)|Rancho|Arteaga|Michoacán de Ocampo||60922|16|60922||48|010|0004|Rural|
60936|Agua Zarca|Ranchería|Arteaga|Michoacán de Ocampo||60922|16|60922||29|010|5734|Rural|
60936|Cobanito|Ranchería|Arteaga|Michoacán de Ocampo||60922|16|60922||29|010|5760|Rural|
60936|El Cerro Verde|Ranchería|Arteaga|Michoacán de Ocampo||60922|16|60922||29|010|5784|Rural|
60936|El Llano|Ranchería|Arteaga|Michoacán de Ocampo||60922|16|60922||29|010|5814|Rural|
60936|El Puerto de San Salvador|Ranchería|Arteaga|Michoacán de Ocampo||60922|16|60922||29|010|5840|Rural|
60936|El Vainillo|Ranchería|Arteaga|Michoacán de Ocampo||60922|16|60922||29|010|5855|Rural|
60936|La Añilera|Ranchería|Arteaga|Michoacán de Ocampo||60922|16|60922||29|010|5873|Rural|
60936|La Cuchara|Ranchería|Arteaga|Michoacán de Ocampo||60922|16|60922||29|010|5888|Rural|
60936|La Lagunita|Ranchería|Arteaga|Michoacán de Ocampo||60922|16|60922||29|010|5899|Rural|
60936|La Ollita Colgada|Ranchería|Arteaga|Michoacán de Ocampo||60922|16|60922||29|010|5911|Rural|
60936|La Ordeña Vieja|Ranchería|Arteaga|Michoacán de Ocampo||60922|16|60922||29|010|5913|Rural|
60936|La Reatilla|Ranchería|Arteaga|Michoacán de Ocampo||60922|16|60922||29|010|5931|Rural|
60936|Las Trojas|Ranchería|Arteaga|Michoacán de Ocampo||60922|16|60922||29|010|5989|Rural|
60936|Los Ciriancitos|Ranchería|Arteaga|Michoacán de Ocampo||60922|16|60922||29|010|5993|Rural|
60936|Los Colorados|Ranchería|Arteaga|Michoacán de Ocampo||60922|16|60922||29|010|5995|Rural|
60936|Los Habillos|Ranchería|Arteaga|Michoacán de Ocampo||60922|16|60922||29|010|5997|Rural|
60936|Los Tamaleros|Ranchería|Arteaga|Michoacán de Ocampo||60922|16|60922||29|010|6005|Rural|
60936|Los Vallecitos|Ranchería|Arteaga|Michoacán de Ocampo||60922|16|60922||29|010|6008|Rural|
60936|Zalate|Ranchería|Arteaga|Michoacán de Ocampo||60922|16|60922||29|010|6040|Rural|
60938|Los Pozos|Ranchería|Arteaga|Michoacán de Ocampo||60922|16|60922||29|010|4700|Rural|
60938|Palo Dulce (Coalcomeca)|Ranchería|Arteaga|Michoacán de Ocampo||60922|16|60922||29|010|4702|Rural|
60938|Agua Caliente|Ranchería|Arteaga|Michoacán de Ocampo||60922|16|60922||29|010|5733|Rural|
60938|Antúnez|Ranchería|Arteaga|Michoacán de Ocampo||60922|16|60922||29|010|5738|Rural|
60938|Barranca Honda|Ranchería|Arteaga|Michoacán de Ocampo||60922|16|60922||29|010|5743|Rural|
60938|El Aguacate|Ranchería|Arteaga|Michoacán de Ocampo||60922|16|60922||29|010|5765|Rural|
60938|El Litigio|Ranchería|Arteaga|Michoacán de Ocampo||60922|16|60922||29|010|5813|Rural|
60938|El Mirador|Ranchería|Arteaga|Michoacán de Ocampo||60922|16|60922||29|010|5818|Rural|
60938|El Pino|Ranchería|Arteaga|Michoacán de Ocampo||60922|16|60922||29|010|5833|Rural|
60938|El Zoquital|Ranchería|Arteaga|Michoacán de Ocampo||60922|16|60922||29|010|5860|Rural|
60938|La Bolsa (Las Bolsas)|Ranchería|Arteaga|Michoacán de Ocampo||60922|16|60922||29|010|5878|Rural|
60938|La Fundición|Ranchería|Arteaga|Michoacán de Ocampo||60922|16|60922||29|010|5891|Rural|
60938|La Picota|Ranchería|Arteaga|Michoacán de Ocampo||60922|16|60922||29|010|5926|Rural|
60938|Las Parotas|Ranchería|Arteaga|Michoacán de Ocampo||60922|16|60922||29|010|5986|Rural|
60938|Los Horcones|Rancho|Arteaga|Michoacán de Ocampo||60922|16|60922||48|010|5999|Rural|
60938|Los Zorrillos|Ranchería|Arteaga|Michoacán de Ocampo||60922|16|60922||29|010|6009|Rural|
60940|José María Morelos|Colonia|Arteaga|Michoacán de Ocampo||60922|16|60922||09|010|2019|Urbano|
60940|La Pitirera|Colonia|Arteaga|Michoacán de Ocampo||60922|16|60922||09|010|2021|Urbano|
60940|Comisión Federal de Electricidad (Campamento)|Campamento|Arteaga|Michoacán de Ocampo||60922|16|60922||04|010|5729|Urbano|
60943|Pinzandarán|Pueblo|Arteaga|Michoacán de Ocampo||60922|16|60922||28|010|4004|Rural|
60943|El Huindure|Ranchería|Arteaga|Michoacán de Ocampo||60922|16|60922||29|010|5806|Urbano|
60944|Cerro de la Lumbre|Ranchería|Arteaga|Michoacán de Ocampo||60922|16|60922||29|010|3882|Rural|
60944|Los Capires|Ranchería|Arteaga|Michoacán de Ocampo||60922|16|60922||29|010|3885|Rural|
60944|Rincón de Valdés|Ranchería|Arteaga|Michoacán de Ocampo||60922|16|60922||29|010|3887|Rural|
60944|Los Copales|Pueblo|Arteaga|Michoacán de Ocampo||60922|16|60922||28|010|3964|Rural|
60944|El Papayo|Ranchería|Arteaga|Michoacán de Ocampo||60922|16|60922||29|010|4670|Rural|
60944|Paso de la Goleta|Ranchería|Arteaga|Michoacán de Ocampo||60922|16|60922||29|010|4955|Rural|
60944|Cerro Atravesado|Ranchería|Arteaga|Michoacán de Ocampo||60922|16|60922||29|010|5754|Rural|
60944|El Changungo|Ranchería|Arteaga|Michoacán de Ocampo||60922|16|60922||29|010|5785|Rural|
60944|Higuera Gacha|Ranchería|Arteaga|Michoacán de Ocampo||60922|16|60922||29|010|5869|Rural|
60944|La Bocana (El Carrizo)|Ranchería|Arteaga|Michoacán de Ocampo||60922|16|60922||29|010|5877|Rural|
60944|La Higuera Baleada|Ranchería|Arteaga|Michoacán de Ocampo||60922|16|60922||29|010|5895|Rural|
60944|La Huerta|Rancho|Arteaga|Michoacán de Ocampo||60922|16|60922||48|010|5897|Rural|
60944|Las Cuatas|Ranchería|Arteaga|Michoacán de Ocampo||60922|16|60922||29|010|5953|Rural|
60944|Las Enramadas|Rancho|Arteaga|Michoacán de Ocampo||60922|16|60922||48|010|5967|Rural|
60944|Las Higueras|Ranchería|Arteaga|Michoacán de Ocampo||60922|16|60922||29|010|5969|Rural|
60944|Las Ollas|Ranchería|Arteaga|Michoacán de Ocampo||60922|16|60922||29|010|5985|Rural|
60944|Los Aguacates|Ranchería|Arteaga|Michoacán de Ocampo||60922|16|60922||29|010|5991|Rural|
60944|Los Coloraditos|Ranchería|Arteaga|Michoacán de Ocampo||60922|16|60922||29|010|5994|Rural|
60944|Los Coyules|Ranchería|Arteaga|Michoacán de Ocampo||60922|16|60922||29|010|5996|Rural|
60944|Nombre de Dios|Ranchería|Arteaga|Michoacán de Ocampo||60922|16|60922||29|010|6011|Rural|
60944|Parotita|Ranchería|Arteaga|Michoacán de Ocampo||60922|16|60922||29|010|6016|Rural|
60944|Plan Grande|Ranchería|Arteaga|Michoacán de Ocampo||60922|16|60922||29|010|6023|Rural|
60944|Rincón Viejo (La Huerta)|Ranchería|Arteaga|Michoacán de Ocampo||60922|16|60922||29|010|6029|Rural|
60945|Toluquillas|Ranchería|Arteaga|Michoacán de Ocampo||60922|16|60922||29|010|2022|Rural|
60945|Cóbano de Aguacola|Ranchería|Arteaga|Michoacán de Ocampo||60922|16|60922||29|010|5750|Rural|
60945|El Bejuco|Ranchería|Arteaga|Michoacán de Ocampo||60922|16|60922||29|010|5775|Rural|
60945|El Campo de Aviación|Ranchería|Arteaga|Michoacán de Ocampo||60922|16|60922||29|010|5778|Rural|
60945|El Limón de Pineda|Ranchería|Arteaga|Michoacán de Ocampo||60922|16|60922||29|010|5810|Rural|
60945|El Pitahayo|Ranchería|Arteaga|Michoacán de Ocampo||60922|16|60922||29|010|5837|Rural|
60945|El Sauz|Ranchería|Arteaga|Michoacán de Ocampo||60922|16|60922||29|010|5850|Rural|
60945|La Ordeña|Ranchería|Arteaga|Michoacán de Ocampo||60922|16|60922||29|010|5912|Rural|
60945|Los Renovales|Ranchería|Arteaga|Michoacán de Ocampo||60922|16|60922||29|010|6004|Rural|
60946|Los Zapotes|Rancho|Arteaga|Michoacán de Ocampo||60922|16|60922||48|010|0006|Rural|
60946|El Cerro|Ranchería|Arteaga|Michoacán de Ocampo||60922|16|60922||29|010|5783|Rural|
60946|El Naranjal|Ranchería|Arteaga|Michoacán de Ocampo||60922|16|60922||29|010|5823|Rural|
60946|El Paso Ancho|Ranchería|Arteaga|Michoacán de Ocampo||60922|16|60922||29|010|5831|Rural|
60946|El Saucito (Los Saucitos)|Ranchería|Arteaga|Michoacán de Ocampo||60922|16|60922||29|010|5849|Rural|
60946|El Sauz|Rancho|Arteaga|Michoacán de Ocampo||60922|16|60922||48|010|5851|Rural|
60946|El Zorrillo|Ranchería|Arteaga|Michoacán de Ocampo||60922|16|60922||29|010|5861|Rural|
60946|Galeana|Ranchería|Arteaga|Michoacán de Ocampo||60922|16|60922||29|010|5864|Rural|
60946|La Parotilla|Ranchería|Arteaga|Michoacán de Ocampo||60922|16|60922||29|010|5920|Rural|
60946|Las Lagunas|Ranchería|Arteaga|Michoacán de Ocampo||60922|16|60922||29|010|5980|Rural|
60946|Mata de Bule|Ranchería|Arteaga|Michoacán de Ocampo||60922|16|60922||29|010|6010|Rural|
60946|Patacuera|Ranchería|Arteaga|Michoacán de Ocampo||60922|16|60922||29|010|6020|Rural|
60947|Las Yácatas|Rancho|Arteaga|Michoacán de Ocampo||60922|16|60922||48|010|0008|Rural|
60947|El Aguacatito|Ranchería|Arteaga|Michoacán de Ocampo||60922|16|60922||29|010|5767|Rural|
60947|El Guayabo|Ranchería|Arteaga|Michoacán de Ocampo||60922|16|60922||29|010|5803|Rural|
60947|El Pinzán|Rancho|Arteaga|Michoacán de Ocampo||60922|16|60922||48|010|5836|Rural|
60947|La Chicayoma|Ranchería|Arteaga|Michoacán de Ocampo||60922|16|60922||29|010|5884|Rural|
60947|La Cuchilla|Ranchería|Arteaga|Michoacán de Ocampo||60922|16|60922||29|010|5889|Rural|
60947|La Guayabillera|Ranchería|Arteaga|Michoacán de Ocampo||60922|16|60922||29|010|5894|Rural|
60947|La Lajita|Ranchería|Arteaga|Michoacán de Ocampo||60922|16|60922||29|010|5902|Rural|
60947|La Mesa de Estrada|Ranchería|Arteaga|Michoacán de Ocampo||60922|16|60922||29|010|5904|Rural|
60947|La Otatera|Ranchería|Arteaga|Michoacán de Ocampo||60922|16|60922||29|010|5915|Rural|
60947|Las Galeras|Ranchería|Arteaga|Michoacán de Ocampo||60922|16|60922||29|010|5968|Rural|
60947|Las Lomas|Rancho|Arteaga|Michoacán de Ocampo||60922|16|60922||48|010|5983|Rural|
60947|Ojo de Agua|Ranchería|Arteaga|Michoacán de Ocampo||60922|16|60922||29|010|6013|Rural|
60947|Patacuas|Ranchería|Arteaga|Michoacán de Ocampo||60922|16|60922||29|010|6021|Rural|
60947|Puertecitos|Ranchería|Arteaga|Michoacán de Ocampo||60922|16|60922||29|010|6026|Rural|
60947|Rancho Viejo|Ranchería|Arteaga|Michoacán de Ocampo||60922|16|60922||29|010|6028|Rural|
60947|Vallecitos|Rancho|Arteaga|Michoacán de Ocampo||60922|16|60922||48|010|6038|Rural|
60948|El Reparito|Ranchería|Arteaga|Michoacán de Ocampo||60922|16|60922||29|010|2023|Rural|
60948|El Espinal (San José del Milagro)|Ranchería|Arteaga|Michoacán de Ocampo||60922|16|60922||29|010|3883|Rural|
60948|Chucumpucera|Ranchería|Arteaga|Michoacán de Ocampo||60922|16|60922||29|010|5758|Rural|
60948|El Espadín|Ranchería|Arteaga|Michoacán de Ocampo||60922|16|60922||29|010|5801|Rural|
60948|El Palo Pintado|Ranchería|Arteaga|Michoacán de Ocampo||60922|16|60922||29|010|5828|Rural|
60948|Los Horcones|Ranchería|Arteaga|Michoacán de Ocampo||60922|16|60922||29|010|5998|Rural|
60948|Paso del Chivo|Ranchería|Arteaga|Michoacán de Ocampo||60922|16|60922||29|010|6019|Rural|
60948|Rancho Nuevo|Ranchería|Arteaga|Michoacán de Ocampo||60922|16|60922||29|010|6027|Rural|
60948|Tres Tubos|Ranchería|Arteaga|Michoacán de Ocampo||60922|16|60922||29|010|6036|Rural|
60948|El Guayabito (La Ordeñita)|Ranchería|Arteaga|Michoacán de Ocampo||60922|16|60922||29|010|6042|Rural|
60950|Isla del Cayacal|Colonia|Lázaro Cárdenas|Michoacán de Ocampo|Ciudad Lázaro Cárdenas|60951|16|60951||09|052|0091|Urbano|21
60950|Siderúrgica Lázaro Cárdenas Las Truchas|Zona industrial|Lázaro Cárdenas|Michoacán de Ocampo|Ciudad Lázaro Cárdenas|60951|16|60951||37|052|0107|Urbano|21
60950|Centro|Colonia|Lázaro Cárdenas|Michoacán de Ocampo|Ciudad Lázaro Cárdenas|60951|16|60951||09|052|2024|Urbano|21
60950|Los Lavaderos|Colonia|Lázaro Cárdenas|Michoacán de Ocampo|Ciudad Lázaro Cárdenas|60951|16|60951||09|052|4724|Urbano|21
60952|Ampliación Roma|Colonia|Lázaro Cárdenas|Michoacán de Ocampo|Ciudad Lázaro Cárdenas|60951|16|60951||09|052|0093|Urbano|21
60952|1er. Sector FIDELAC|Colonia|Lázaro Cárdenas|Michoacán de Ocampo|Ciudad Lázaro Cárdenas|60951|16|60951||09|052|3255|Urbano|21
60952|Del Carmen|Fraccionamiento|Lázaro Cárdenas|Michoacán de Ocampo|Ciudad Lázaro Cárdenas|60951|16|60951||21|052|3313|Urbano|21
60952|Jose Green|Colonia|Lázaro Cárdenas|Michoacán de Ocampo|Ciudad Lázaro Cárdenas|60951|16|60951||09|052|3318|Urbano|21
60952|Río Balsas|Colonia|Lázaro Cárdenas|Michoacán de Ocampo|Ciudad Lázaro Cárdenas|60951|16|60951||09|052|3319|Urbano|21
60952|Rinconcito|Colonia|Lázaro Cárdenas|Michoacán de Ocampo|Ciudad Lázaro Cárdenas|60951|16|60951||09|052|4262|Urbano|21
60953|El Coral|Unidad habitacional|Lázaro Cárdenas|Michoacán de Ocampo|Ciudad Lázaro Cárdenas|60951|16|60951||31|052|0089|Urbano|21
60953|Lotes y Servicios|Zona industrial|Lázaro Cárdenas|Michoacán de Ocampo|Ciudad Lázaro Cárdenas|60951|16|60951||37|052|3254|Urbano|21
60953|Ejidal|Colonia|Lázaro Cárdenas|Michoacán de Ocampo|Ciudad Lázaro Cárdenas|60951|16|60951||09|052|3256|Urbano|21
60953|2do. Sector FIDELAC|Colonia|Lázaro Cárdenas|Michoacán de Ocampo|Ciudad Lázaro Cárdenas|60951|16|60951||09|052|3257|Urbano|21
60953|INFONAVIT Nuevo Horizonte|Unidad habitacional|Lázaro Cárdenas|Michoacán de Ocampo|Ciudad Lázaro Cárdenas|60951|16|60951||31|052|3258|Urbano|21
60953|Las Torres|Fraccionamiento|Lázaro Cárdenas|Michoacán de Ocampo|Ciudad Lázaro Cárdenas|60951|16|60951||21|052|3259|Urbano|21
60953|Arboledas|Colonia|Lázaro Cárdenas|Michoacán de Ocampo|Ciudad Lázaro Cárdenas|60951|16|60951||09|052|4248|Urbano|21
60953|Jardines|Colonia|Lázaro Cárdenas|Michoacán de Ocampo|Ciudad Lázaro Cárdenas|60951|16|60951||09|052|4251|Urbano|21
60953|La Corregidora|Colonia|Lázaro Cárdenas|Michoacán de Ocampo|Ciudad Lázaro Cárdenas|60951|16|60951||09|052|4254|Urbano|21
60953|Zona Industrial|Zona industrial|Lázaro Cárdenas|Michoacán de Ocampo|Ciudad Lázaro Cárdenas|60951|16|60951||37|052|4267|Urbano|21
60954|Universidad Vasco de Quiroga (El Manglito)|Equipamiento|Lázaro Cárdenas|Michoacán de Ocampo|Ciudad Lázaro Cárdenas|60951|16|60951||17|052|0086|Urbano|21
60954|10 de Mayo|Colonia|Lázaro Cárdenas|Michoacán de Ocampo|Ciudad Lázaro Cárdenas|60951|16|60951||09|052|3260|Urbano|21
60954|Melchor Ocampo|Colonia|Lázaro Cárdenas|Michoacán de Ocampo|Ciudad Lázaro Cárdenas|60951|16|60951||09|052|3261|Urbano|21
60954|600 Casas|Colonia|Lázaro Cárdenas|Michoacán de Ocampo|Ciudad Lázaro Cárdenas|60951|16|60951||09|052|3262|Urbano|21
60954|11 de Julio|Unidad habitacional|Lázaro Cárdenas|Michoacán de Ocampo|Ciudad Lázaro Cárdenas|60951|16|60951||31|052|3263|Urbano|21
60954|Jarene|Colonia|Lázaro Cárdenas|Michoacán de Ocampo|Ciudad Lázaro Cárdenas|60951|16|60951||09|052|3264|Urbano|21
60954|INFONAVIT Solidaridad Nacional|Unidad habitacional|Lázaro Cárdenas|Michoacán de Ocampo|Ciudad Lázaro Cárdenas|60951|16|60951||31|052|3274|Urbano|21
60954|Ampliación Independencia|Colonia|Lázaro Cárdenas|Michoacán de Ocampo|Ciudad Lázaro Cárdenas|60951|16|60951||09|052|3317|Urbano|21
60954|Las Gardenias|Fraccionamiento|Lázaro Cárdenas|Michoacán de Ocampo|Ciudad Lázaro Cárdenas|60951|16|60951||21|052|4079|Urbano|21
60954|Unidad 3.2|Colonia|Lázaro Cárdenas|Michoacán de Ocampo|Ciudad Lázaro Cárdenas|60951|16|60951||09|052|4243|Urbano|21
60954|Rivera del Río (El Almacén)|Colonia|Lázaro Cárdenas|Michoacán de Ocampo|Ciudad Lázaro Cárdenas|60951|16|60951||09|052|4247|Urbano|21
60954|Las Colinas|Colonia|Lázaro Cárdenas|Michoacán de Ocampo|Ciudad Lázaro Cárdenas|60951|16|60951||09|052|4256|Urbano|21
60954|Popular INDECO|Colonia|Lázaro Cárdenas|Michoacán de Ocampo|Ciudad Lázaro Cárdenas|60951|16|60951||09|052|4260|Urbano|21
60954|San Juan Bautista|Colonia|Lázaro Cárdenas|Michoacán de Ocampo|Ciudad Lázaro Cárdenas|60951|16|60951||09|052|4263|Urbano|21
60954|Independencia|Colonia|Lázaro Cárdenas|Michoacán de Ocampo|Ciudad Lázaro Cárdenas|60951|16|60951||09|052|4722|Urbano|21
60954|Naval|Fraccionamiento|Lázaro Cárdenas|Michoacán de Ocampo|Ciudad Lázaro Cárdenas|60951|16|60951||21|052|4728|Urbano|21
60954|Unidad 3.11|Colonia|Lázaro Cárdenas|Michoacán de Ocampo|Ciudad Lázaro Cárdenas|60951|16|60951||09|052|4729|Urbano|21
60954|Ampliación Jarene|Colonia|Lázaro Cárdenas|Michoacán de Ocampo|Ciudad Lázaro Cárdenas|60951|16|60951||09|052|4730|Urbano|21
60954|Tulipanes|Fraccionamiento|Lázaro Cárdenas|Michoacán de Ocampo|Ciudad Lázaro Cárdenas|60951|16|60951||21|052|4812|Urbano|21
60954|Unidad 3.12|Colonia|Lázaro Cárdenas|Michoacán de Ocampo|Ciudad Lázaro Cárdenas|60951|16|60951||09|052|4813|Urbano|21
60955|El Palmar|Colonia|Lázaro Cárdenas|Michoacán de Ocampo|Ciudad Lázaro Cárdenas|60951|16|60951||09|052|3275|Urbano|21
60955|El Pescador|Fraccionamiento|Lázaro Cárdenas|Michoacán de Ocampo|Ciudad Lázaro Cárdenas|60951|16|60951||21|052|3276|Urbano|21
60955|Unidad y Progreso|Colonia|Lázaro Cárdenas|Michoacán de Ocampo|Ciudad Lázaro Cárdenas|60951|16|60951||09|052|3277|Urbano|21
60955|Victor Manuel Tinoco Rubí|Colonia|Lázaro Cárdenas|Michoacán de Ocampo|Ciudad Lázaro Cárdenas|60951|16|60951||09|052|3278|Urbano|21
60955|Los Taxistas|Colonia|Lázaro Cárdenas|Michoacán de Ocampo|Ciudad Lázaro Cárdenas|60951|16|60951||09|052|3279|Urbano|21
60955|Samuel Ruiz|Colonia|Lázaro Cárdenas|Michoacán de Ocampo|Ciudad Lázaro Cárdenas|60951|16|60951||09|052|3280|Urbano|21
60955|Lucio Cabañas|Colonia|Lázaro Cárdenas|Michoacán de Ocampo|Ciudad Lázaro Cárdenas|60951|16|60951||09|052|3281|Urbano|21
60955|10 de Octubre|Colonia|Lázaro Cárdenas|Michoacán de Ocampo|Ciudad Lázaro Cárdenas|60951|16|60951||09|052|3282|Urbano|21
60955|Viña del Mar|Colonia|Lázaro Cárdenas|Michoacán de Ocampo|Ciudad Lázaro Cárdenas|60951|16|60951||09|052|3283|Urbano|21
60955|Ampliación Lucio Cabañas|Colonia|Lázaro Cárdenas|Michoacán de Ocampo|Ciudad Lázaro Cárdenas|60951|16|60951||09|052|3322|Urbano|21
60955|Juan F. Noyola|Fraccionamiento|Lázaro Cárdenas|Michoacán de Ocampo|Ciudad Lázaro Cárdenas|60951|16|60951||21|052|4253|Urbano|21
60955|La Huerta|Fraccionamiento|Lázaro Cárdenas|Michoacán de Ocampo|Ciudad Lázaro Cárdenas|60951|16|60951||21|052|4255|Urbano|21
60955|Luis Donaldo Colosio|Colonia|Lázaro Cárdenas|Michoacán de Ocampo|Ciudad Lázaro Cárdenas|60951|16|60951||09|052|4258|Urbano|21
60955|Napoleón Gómez Sada|Fraccionamiento|Lázaro Cárdenas|Michoacán de Ocampo|Ciudad Lázaro Cárdenas|60951|16|60951||21|052|4264|Urbano|21
60956|Puesta del Sol|Colonia|Lázaro Cárdenas|Michoacán de Ocampo|Ciudad Lázaro Cárdenas|60951|16|60951||09|052|0084|Urbano|21
60956|Brisas del Pacífico|Fraccionamiento|Lázaro Cárdenas|Michoacán de Ocampo|Ciudad Lázaro Cárdenas|60951|16|60951||21|052|0097|Urbano|21
60956|Paseo San Marino|Fraccionamiento|Lázaro Cárdenas|Michoacán de Ocampo|Ciudad Lázaro Cárdenas|60951|16|60951||21|052|0098|Urbano|21
60956|Lomas del Tecnológico|Fraccionamiento|Lázaro Cárdenas|Michoacán de Ocampo|Ciudad Lázaro Cárdenas|60951|16|60951||21|052|0105|Urbano|21
60956|Instituto Tecnológico de Lázaro Cárdenas|Equipamiento|Lázaro Cárdenas|Michoacán de Ocampo|Ciudad Lázaro Cárdenas|60951|16|60951||17|052|0106|Urbano|21
60956|Las Palmas|Fraccionamiento|Lázaro Cárdenas|Michoacán de Ocampo|Ciudad Lázaro Cárdenas|60951|16|60951||21|052|3265|Urbano|21
60956|Unidad 5.9|Colonia|Lázaro Cárdenas|Michoacán de Ocampo|Ciudad Lázaro Cárdenas|60951|16|60951||09|052|3266|Urbano|21
60956|Lázaro Cárdenas III|Fraccionamiento|Lázaro Cárdenas|Michoacán de Ocampo|Ciudad Lázaro Cárdenas|60951|16|60951||21|052|3267|Urbano|21
60956|Lomas de Bellavista|Colonia|Lázaro Cárdenas|Michoacán de Ocampo|Ciudad Lázaro Cárdenas|60951|16|60951||09|052|3268|Urbano|21
60956|Pie de La Casa|Colonia|Lázaro Cárdenas|Michoacán de Ocampo|Ciudad Lázaro Cárdenas|60951|16|60951||09|052|3269|Urbano|21
60956|Vista Industrial|Colonia|Lázaro Cárdenas|Michoacán de Ocampo|Ciudad Lázaro Cárdenas|60951|16|60951||09|052|3270|Urbano|21
60956|Irekani|Fraccionamiento|Lázaro Cárdenas|Michoacán de Ocampo|Ciudad Lázaro Cárdenas|60951|16|60951||21|052|3271|Urbano|21
60956|Las Camelinas|Colonia|Lázaro Cárdenas|Michoacán de Ocampo|Ciudad Lázaro Cárdenas|60951|16|60951||09|052|3272|Urbano|21
60956|Valle Del Tecnológico|Colonia|Lázaro Cárdenas|Michoacán de Ocampo|Ciudad Lázaro Cárdenas|60951|16|60951||09|052|3273|Urbano|21
60956|Magisterial|Colonia|Lázaro Cárdenas|Michoacán de Ocampo|Ciudad Lázaro Cárdenas|60951|16|60951||09|052|3284|Urbano|21
60956|La Florida|Colonia|Lázaro Cárdenas|Michoacán de Ocampo|Ciudad Lázaro Cárdenas|60951|16|60951||09|052|3305|Urbano|21
60956|José Vasconcelos|Colonia|Lázaro Cárdenas|Michoacán de Ocampo|Ciudad Lázaro Cárdenas|60951|16|60951||09|052|4252|Urbano|21
60956|Purepecha|Fraccionamiento|Lázaro Cárdenas|Michoacán de Ocampo|Ciudad Lázaro Cárdenas|60951|16|60951||21|052|4261|Urbano|21
60956|Lomas del Río (Unidad 5.12)|Colonia|Lázaro Cárdenas|Michoacán de Ocampo|Ciudad Lázaro Cárdenas|60951|16|60951||09|052|4265|Urbano|21
60956|Unidad 5.13|Colonia|Lázaro Cárdenas|Michoacán de Ocampo|Ciudad Lázaro Cárdenas|60951|16|60951||09|052|4266|Urbano|21
60956|Ferrocarrileros|Colonia|Lázaro Cárdenas|Michoacán de Ocampo|Ciudad Lázaro Cárdenas|60951|16|60951||09|052|4721|Urbano|21
60956|Monte Bello|Colonia|Lázaro Cárdenas|Michoacán de Ocampo|Ciudad Lázaro Cárdenas|60951|16|60951||09|052|6751|Urbano|21
60960|Lomas de las Cenizas|Rancho|Lázaro Cárdenas|Michoacán de Ocampo||60984|16|60984||48|052|0066|Rural|
60960|Los Coyotes|Ranchería|Lázaro Cárdenas|Michoacán de Ocampo||60984|16|60984||29|052|2032|Rural|
60960|San Juan Bosco|Ranchería|Lázaro Cárdenas|Michoacán de Ocampo||60984|16|60984||29|052|2034|Rural|
60964|Borcelano|Rancho|Lázaro Cárdenas|Michoacán de Ocampo||60984|16|60984||48|052|0030|Rural|
60964|El Destierro|Rancho|Lázaro Cárdenas|Michoacán de Ocampo||60984|16|60984||48|052|0039|Rural|
60964|El Guayabo Sur|Ranchería|Lázaro Cárdenas|Michoacán de Ocampo||60984|16|60984||29|052|0040|Rural|
60964|El Tahuazal|Ranchería|Lázaro Cárdenas|Michoacán de Ocampo||60984|16|60984||29|052|0046|Rural|
60964|El Guayabo Sur (El Jazmín)|Rancho|Lázaro Cárdenas|Michoacán de Ocampo||60984|16|60984||48|052|0085|Rural|
60965|Buenavista|Rancho|Lázaro Cárdenas|Michoacán de Ocampo||60984|16|60984||48|052|0031|Rural|
60965|El Manguito|Rancho|Lázaro Cárdenas|Michoacán de Ocampo||60984|16|60984||48|052|0041|Rural|
60965|Los Amates|Ranchería|Lázaro Cárdenas|Michoacán de Ocampo||60984|16|60984||29|052|2035|Rural|
60967|Movimiento Urbano Popular|Colonia|Lázaro Cárdenas|Michoacán de Ocampo||60991|16|60991||09|052|0034|Rural|
60967|Puente de la Vía|Ranchería|Lázaro Cárdenas|Michoacán de Ocampo||60991|16|60991||29|052|0075|Rural|
60967|Saneco|Rancho|Lázaro Cárdenas|Michoacán de Ocampo||60991|16|60991||48|052|0082|Rural|
60967|Los Poetas|Rancho|Lázaro Cárdenas|Michoacán de Ocampo||60991|16|60991||48|052|0083|Rural|
60967|La Villita|Ranchería|Lázaro Cárdenas|Michoacán de Ocampo||60991|16|60991||29|052|4779|Rural|
60967|Puerto Nuevo|Colonia|Lázaro Cárdenas|Michoacán de Ocampo||60991|16|60991||09|052|5558|Rural|
60968|El Puertecito|Rancho|Lázaro Cárdenas|Michoacán de Ocampo||60951|16|60951||48|052|0044|Rural|
60968|Las Higueras|Ranchería|Lázaro Cárdenas|Michoacán de Ocampo||60951|16|60951||29|052|0061|Rural|
60968|Las Minitas|Rancho|Lázaro Cárdenas|Michoacán de Ocampo||60951|16|60951||48|052|0063|Rural|
60968|San Rafael del Reino (Arroyo de la Tierra)|Ejido|Lázaro Cárdenas|Michoacán de Ocampo||60951|16|60951||15|052|2054|Rural|
60968|El Reyno|Ejido|Lázaro Cárdenas|Michoacán de Ocampo||60951|16|60951||15|052|2055|Rural|
60968|San Rafael|Ranchería|Lázaro Cárdenas|Michoacán de Ocampo||60951|16|60951||29|052|4815|Rural|
60970|Miramar|Colonia|Lázaro Cárdenas|Michoacán de Ocampo||60984|16|60984||09|052|0015|Urbano|
60970|Caleta de Campos|Pueblo|Lázaro Cárdenas|Michoacán de Ocampo||60984|16|60984||28|052|2036|Urbano|
60973|La Coquillera|Rancho|Lázaro Cárdenas|Michoacán de Ocampo||60984|16|60984||48|052|0050|Rural|
60973|Los Parajes|Rancho|Lázaro Cárdenas|Michoacán de Ocampo||60984|16|60984||48|052|0070|Rural|
60973|Nexpa (Neixpa)|Ranchería|Lázaro Cárdenas|Michoacán de Ocampo||60984|16|60984||29|052|0072|Rural|
60973|Teolán|Rancho|Lázaro Cárdenas|Michoacán de Ocampo||60984|16|60984||48|052|0078|Rural|
60973|Los Hornos|Rancho|Lázaro Cárdenas|Michoacán de Ocampo||60984|16|60984||48|052|0080|Rural|
60973|El Río de Nexpa|Rancho|Lázaro Cárdenas|Michoacán de Ocampo||60984|16|60984||48|052|0081|Rural|
60974|El Carrizalillo|Ranchería|Lázaro Cárdenas|Michoacán de Ocampo||60984|16|60984||29|052|0036|Rural|
60974|La Manzanilla|Ranchería|Lázaro Cárdenas|Michoacán de Ocampo||60984|16|60984||29|052|0053|Rural|
60975|La Escondida|Rancho|Lázaro Cárdenas|Michoacán de Ocampo||60984|16|60984||48|052|0051|Rural|
60975|La Limonera|Rancho|Lázaro Cárdenas|Michoacán de Ocampo||60984|16|60984||48|052|0052|Rural|
60975|La Salada (La Saladita)|Rancho|Lázaro Cárdenas|Michoacán de Ocampo||60984|16|60984||48|052|0056|Rural|
60975|La Soledad|Ranchería|Lázaro Cárdenas|Michoacán de Ocampo||60984|16|60984||29|052|0057|Rural|
60975|Las Calabacillas|Rancho|Lázaro Cárdenas|Michoacán de Ocampo||60984|16|60984||48|052|0059|Rural|
60975|Mexcalhuacán|Ranchería|Lázaro Cárdenas|Michoacán de Ocampo||60984|16|60984||29|052|4934|Rural|
60976|Boca Seca|Rancho|Lázaro Cárdenas|Michoacán de Ocampo||60984|16|60984||48|052|0029|Rural|
60976|Chuquiapan|Ranchería|Lázaro Cárdenas|Michoacán de Ocampo||60984|16|60984||29|052|0033|Rural|
60976|Los Bocotes|Rancho|Lázaro Cárdenas|Michoacán de Ocampo||60984|16|60984||48|052|0067|Rural|
60976|Los Jiotes|Rancho|Lázaro Cárdenas|Michoacán de Ocampo||60984|16|60984||48|052|0069|Rural|
60976|Popoyuta|Rancho|Lázaro Cárdenas|Michoacán de Ocampo||60984|16|60984||48|052|0074|Rural|
60976|Los Canales|Rancho|Lázaro Cárdenas|Michoacán de Ocampo||60984|16|60984||48|052|0079|Rural|
60976|Chuta|Ranchería|Lázaro Cárdenas|Michoacán de Ocampo||60984|16|60984||29|052|4669|Rural|
60977|El Mirador|Rancho|Lázaro Cárdenas|Michoacán de Ocampo||60984|16|60984||48|052|0042|Rural|
60977|Los Llanos del Bejuco (El Bejuco)|Ranchería|Lázaro Cárdenas|Michoacán de Ocampo||60984|16|60984||29|052|0065|Rural|
60977|Playa Rangel|Rancho|Lázaro Cárdenas|Michoacán de Ocampo||60984|16|60984||48|052|0073|Rural|
60977|Las Peñas|Ranchería|Lázaro Cárdenas|Michoacán de Ocampo||60984|16|60984||29|052|2037|Rural|
60980|Las Canoas|Colonia|Lázaro Cárdenas|Michoacán de Ocampo||60984|16|60984||09|052|0005|Urbano|
60980|Azteca|Colonia|Lázaro Cárdenas|Michoacán de Ocampo||60984|16|60984||09|052|0016|Urbano|
60980|Campamento Minero|Colonia|Lázaro Cárdenas|Michoacán de Ocampo||60984|16|60984||09|052|0017|Urbano|
60980|Cuauhtémoc|Colonia|Lázaro Cárdenas|Michoacán de Ocampo||60984|16|60984||09|052|0018|Urbano|
60980|El Cerrito|Colonia|Lázaro Cárdenas|Michoacán de Ocampo||60984|16|60984||09|052|0019|Urbano|
60980|Emiliano Zapata|Colonia|Lázaro Cárdenas|Michoacán de Ocampo||60984|16|60984||09|052|0020|Urbano|
60980|Independencia|Colonia|Lázaro Cárdenas|Michoacán de Ocampo||60984|16|60984||09|052|0021|Urbano|
60980|La Huerta|Colonia|Lázaro Cárdenas|Michoacán de Ocampo||60984|16|60984||09|052|0022|Urbano|
60980|Las Truchas|Colonia|Lázaro Cárdenas|Michoacán de Ocampo||60984|16|60984||09|052|0023|Urbano|
60980|Miguel de Cervantes Saavedra|Colonia|Lázaro Cárdenas|Michoacán de Ocampo||60984|16|60984||09|052|0024|Urbano|
60980|San Francisco|Colonia|Lázaro Cárdenas|Michoacán de Ocampo||60984|16|60984||09|052|0025|Urbano|
60980|Valle Bonito|Colonia|Lázaro Cárdenas|Michoacán de Ocampo||60984|16|60984||09|052|0026|Urbano|
60980|La Mira|Pueblo|Lázaro Cárdenas|Michoacán de Ocampo||60984|16|60984||28|052|2038|Urbano|
60980|Vista Hermosa|Colonia|Lázaro Cárdenas|Michoacán de Ocampo||60984|16|60984||09|052|5551|Urbano|
60980|Lindavista|Colonia|Lázaro Cárdenas|Michoacán de Ocampo||60984|16|60984||09|052|6748|Urbano|
60982|Aquiles Serdán|Colonia|Lázaro Cárdenas|Michoacán de Ocampo||60951|16|60951||09|052|0027|Urbano|
60982|Luz del Mar (Barra de Pichi)|Colonia|Lázaro Cárdenas|Michoacán de Ocampo||60951|16|60951||09|052|0028|Urbano|
60982|Playa Azul|Pueblo|Lázaro Cárdenas|Michoacán de Ocampo||60951|16|60951||28|052|2042|Urbano|
60982|Luis Aguilar Ceja|Colonia|Lázaro Cárdenas|Michoacán de Ocampo||60951|16|60951||09|052|4894|Urbano|
60983|Cerrito de Álvarez|Rancho|Lázaro Cárdenas|Michoacán de Ocampo||60951|16|60951||48|052|0032|Rural|
60983|El Cerrito del Capire (El Habillal)|Rancho|Lázaro Cárdenas|Michoacán de Ocampo||60951|16|60951||48|052|0037|Rural|
60983|Puente del Toro|Rancho|Lázaro Cárdenas|Michoacán de Ocampo||60951|16|60951||48|052|0076|Rural|
60983|San Blas|Ranchería|Lázaro Cárdenas|Michoacán de Ocampo||60951|16|60951||29|052|0077|Rural|
60983|El Cobanito|Colonia|Lázaro Cárdenas|Michoacán de Ocampo||60951|16|60951||09|052|0103|Rural|
60983|Acalpican de Morelos|Ranchería|Lázaro Cárdenas|Michoacán de Ocampo||60951|16|60951||29|052|2043|Rural|
60983|Bordonal|Ranchería|Lázaro Cárdenas|Michoacán de Ocampo||60951|16|60951||29|052|2044|Rural|
60985|Amalia Solórzano|Colonia|Lázaro Cárdenas|Michoacán de Ocampo||60951|16|60951||09|052|0006|Urbano|
60985|Argentina|Colonia|Lázaro Cárdenas|Michoacán de Ocampo||60951|16|60951||09|052|0007|Urbano|
60985|El Girasol|Colonia|Lázaro Cárdenas|Michoacán de Ocampo||60951|16|60951||09|052|0008|Urbano|
60985|El Mirador|Colonia|Lázaro Cárdenas|Michoacán de Ocampo||60951|16|60951||09|052|0009|Urbano|
60985|La Tabiquera|Colonia|Lázaro Cárdenas|Michoacán de Ocampo||60951|16|60951||09|052|0010|Urbano|
60985|Loma Bonita|Colonia|Lázaro Cárdenas|Michoacán de Ocampo||60951|16|60951||09|052|0011|Urbano|
60985|Respuesta Social|Colonia|Lázaro Cárdenas|Michoacán de Ocampo||60951|16|60951||09|052|0012|Urbano|
60985|San Ángel|Colonia|Lázaro Cárdenas|Michoacán de Ocampo||60951|16|60951||09|052|0013|Urbano|
60985|Villa Jardín|Colonia|Lázaro Cárdenas|Michoacán de Ocampo||60951|16|60951||09|052|0014|Urbano|
60985|Brisamar|Colonia|Lázaro Cárdenas|Michoacán de Ocampo||60951|16|60951||09|052|0095|Urbano|
60985|La Parotilla|Colonia|Lázaro Cárdenas|Michoacán de Ocampo||60951|16|60951||09|052|2039|Urbano|
60985|Buenos Aires|Ranchería|Lázaro Cárdenas|Michoacán de Ocampo||60951|16|60951||29|052|2045|Urbano|
60985|Obrera|Colonia|Lázaro Cárdenas|Michoacán de Ocampo||60951|16|60951||09|052|2050|Urbano|
60987|Crucero el Habillal|Rancho|Lázaro Cárdenas|Michoacán de Ocampo||60984|16|60984||48|052|0035|Rural|
60987|El Colomo (San Miguel)|Ranchería|Lázaro Cárdenas|Michoacán de Ocampo||60984|16|60984||29|052|0038|Rural|
60987|El Tular|Rancho|Lázaro Cárdenas|Michoacán de Ocampo||60984|16|60984||48|052|0047|Rural|
60987|La Colorada|Rancho|Lázaro Cárdenas|Michoacán de Ocampo||60984|16|60984||48|052|0049|Rural|
60987|Las Calabazas|Ranchería|Lázaro Cárdenas|Michoacán de Ocampo||60984|16|60984||29|052|0060|Rural|
60987|Las Juntas|Rancho|Lázaro Cárdenas|Michoacán de Ocampo||60984|16|60984||48|052|0062|Rural|
60987|El Canalote|Ranchería|Lázaro Cárdenas|Michoacán de Ocampo||60984|16|60984||29|052|2028|Rural|
60987|El Habillal|Ranchería|Lázaro Cárdenas|Michoacán de Ocampo||60984|16|60984||29|052|2040|Rural|
60987|Chucutitán|Ranchería|Lázaro Cárdenas|Michoacán de Ocampo||60984|16|60984||29|052|2041|Rural|
60987|Solera de Agua|Ranchería|Lázaro Cárdenas|Michoacán de Ocampo||60984|16|60984||29|052|5539|Rural|
60988|La Milpillera|Rancho|Lázaro Cárdenas|Michoacán de Ocampo||60984|16|60984||48|052|0055|Rural|
60988|La Soyamiche|Rancho|Lázaro Cárdenas|Michoacán de Ocampo||60984|16|60984||48|052|0058|Rural|
60988|Las Parotas|Rancho|Lázaro Cárdenas|Michoacán de Ocampo||60984|16|60984||48|052|0064|Rural|
60988|Mancha de Uje|Rancho|Lázaro Cárdenas|Michoacán de Ocampo||60984|16|60984||48|052|0071|Rural|
60990|Guacamayas Comercial|Colonia|Lázaro Cárdenas|Michoacán de Ocampo|Las Guacamayas|60991|16|60991||09|052|2052|Urbano|22
60992|Campamento Obrero "Francisco J. Mujica"|Colonia|Lázaro Cárdenas|Michoacán de Ocampo|Las Guacamayas|60991|16|60991||09|052|3090|Urbano|22
60992|La Villita|Colonia|Lázaro Cárdenas|Michoacán de Ocampo|Las Guacamayas|60991|16|60991||09|052|3091|Urbano|22
60992|La Villita I|Colonia|Lázaro Cárdenas|Michoacán de Ocampo|Las Guacamayas|60991|16|60991||09|052|3092|Urbano|22
60992|La Villita II|Colonia|Lázaro Cárdenas|Michoacán de Ocampo|Las Guacamayas|60991|16|60991||09|052|3093|Urbano|22
60992|Lucrecia Toriz|Colonia|Lázaro Cárdenas|Michoacán de Ocampo|Las Guacamayas|60991|16|60991||09|052|3094|Urbano|22
60992|Aserradero|Colonia|Lázaro Cárdenas|Michoacán de Ocampo|Las Guacamayas|60991|16|60991||09|052|3095|Urbano|22
60992|Ampliación Aserradero|Colonia|Lázaro Cárdenas|Michoacán de Ocampo|Las Guacamayas|60991|16|60991||09|052|3096|Urbano|22
60992|Álvaro Obregón|Colonia|Lázaro Cárdenas|Michoacán de Ocampo|Las Guacamayas|60991|16|60991||09|052|4214|Urbano|22
60992|Ampliación Lucrecia Toriz|Colonia|Lázaro Cárdenas|Michoacán de Ocampo|Las Guacamayas|60991|16|60991||09|052|4216|Urbano|22
60992|Campamento CFE|Colonia|Lázaro Cárdenas|Michoacán de Ocampo|Las Guacamayas|60991|16|60991||09|052|4219|Urbano|22
60992|Campamento CNA|Colonia|Lázaro Cárdenas|Michoacán de Ocampo|Las Guacamayas|60991|16|60991||09|052|4220|Urbano|22
60992|Celerino Cano|Colonia|Lázaro Cárdenas|Michoacán de Ocampo|Las Guacamayas|60991|16|60991||09|052|4221|Urbano|22
60992|Francisco Sarabia|Colonia|Lázaro Cárdenas|Michoacán de Ocampo|Las Guacamayas|60991|16|60991||09|052|4225|Urbano|22
60992|Lomas del Valle|Colonia|Lázaro Cárdenas|Michoacán de Ocampo|Las Guacamayas|60991|16|60991||09|052|4234|Urbano|22
60992|SARH|Colonia|Lázaro Cárdenas|Michoacán de Ocampo|Las Guacamayas|60991|16|60991||09|052|4240|Urbano|22
60993|Rinconada del Balsas|Fraccionamiento|Lázaro Cárdenas|Michoacán de Ocampo|Las Guacamayas|60991|16|60991||21|052|0088|Urbano|22
60993|Emiliano Zapata|Colonia|Lázaro Cárdenas|Michoacán de Ocampo|Las Guacamayas|60991|16|60991||09|052|3086|Urbano|22
60993|El Triangulito|Colonia|Lázaro Cárdenas|Michoacán de Ocampo|Las Guacamayas|60991|16|60991||09|052|3087|Urbano|22
60993|Leandro Valle|Colonia|Lázaro Cárdenas|Michoacán de Ocampo|Las Guacamayas|60991|16|60991||09|052|3088|Urbano|22
60993|La Huerta|Colonia|Lázaro Cárdenas|Michoacán de Ocampo|Las Guacamayas|60991|16|60991||09|052|3089|Urbano|22
60993|Ernesto Zedillo|Colonia|Lázaro Cárdenas|Michoacán de Ocampo|Las Guacamayas|60991|16|60991||09|052|4224|Urbano|22
60993|Agrícola Gordiano Guzmán|Colonia|Lázaro Cárdenas|Michoacán de Ocampo|Las Guacamayas|60991|16|60991||09|052|4226|Urbano|22
60993|Insurgentes|Colonia|Lázaro Cárdenas|Michoacán de Ocampo|Las Guacamayas|60991|16|60991||09|052|4227|Urbano|22
60993|José Ma. Morelos|Colonia|Lázaro Cárdenas|Michoacán de Ocampo|Las Guacamayas|60991|16|60991||09|052|4229|Urbano|22
60993|Plutarco Elías Calles|Colonia|Lázaro Cárdenas|Michoacán de Ocampo|Las Guacamayas|60991|16|60991||09|052|4236|Urbano|22
60993|Revolución|Colonia|Lázaro Cárdenas|Michoacán de Ocampo|Las Guacamayas|60991|16|60991||09|052|4238|Urbano|22
60993|Río Balsas|Colonia|Lázaro Cárdenas|Michoacán de Ocampo|Las Guacamayas|60991|16|60991||09|052|4239|Urbano|22
60993|16 de Mayo|Colonia|Lázaro Cárdenas|Michoacán de Ocampo|Las Guacamayas|60991|16|60991||09|052|4282|Urbano|22
60993|Ampliación Insurgentes|Colonia|Lázaro Cárdenas|Michoacán de Ocampo|Las Guacamayas|60991|16|60991||09|052|4733|Urbano|22
60993|Ampliación Emiliano Zapata|Colonia|Lázaro Cárdenas|Michoacán de Ocampo|Las Guacamayas|60991|16|60991||09|052|4734|Urbano|22
60993|Camino Real|Colonia|Lázaro Cárdenas|Michoacán de Ocampo|Las Guacamayas|60991|16|60991||09|052|5535|Urbano|22
60994|Presidencial|Colonia|Lázaro Cárdenas|Michoacán de Ocampo|Las Guacamayas|60991|16|60991||09|052|0004|Urbano|22
60994|Margarita Morán|Colonia|Lázaro Cárdenas|Michoacán de Ocampo|Las Guacamayas|60991|16|60991||09|052|0094|Urbano|22
60994|Los Cerritos|Colonia|Lázaro Cárdenas|Michoacán de Ocampo|Las Guacamayas|60991|16|60991||09|052|0102|Urbano|22
60994|Ejido Zona II|Colonia|Lázaro Cárdenas|Michoacán de Ocampo|Las Guacamayas|60991|16|60991||09|052|3085|Urbano|22
60994|Aníbal Ponce|Colonia|Lázaro Cárdenas|Michoacán de Ocampo|Las Guacamayas|60991|16|60991||09|052|3098|Urbano|22
60994|Ampliación Aníbal Ponce|Colonia|Lázaro Cárdenas|Michoacán de Ocampo|Las Guacamayas|60991|16|60991||09|052|3099|Urbano|22
60994|El Cerrito|Colonia|Lázaro Cárdenas|Michoacán de Ocampo|Las Guacamayas|60991|16|60991||09|052|3101|Urbano|22
60994|Las Flores Celestes|Colonia|Lázaro Cárdenas|Michoacán de Ocampo|Las Guacamayas|60991|16|60991||09|052|3102|Urbano|22
60994|Ampliación Aeropuerto|Colonia|Lázaro Cárdenas|Michoacán de Ocampo|Las Guacamayas|60991|16|60991||09|052|3543|Urbano|22
60994|Aeropuerto|Colonia|Lázaro Cárdenas|Michoacán de Ocampo|Las Guacamayas|60991|16|60991||09|052|4213|Urbano|22
60994|Ampliación Javier Mina|Colonia|Lázaro Cárdenas|Michoacán de Ocampo|Las Guacamayas|60991|16|60991||09|052|4215|Urbano|22
60994|Ampliación Palmira|Colonia|Lázaro Cárdenas|Michoacán de Ocampo|Las Guacamayas|60991|16|60991||09|052|4217|Urbano|22
60994|Arroyo del Barco|Colonia|Lázaro Cárdenas|Michoacán de Ocampo|Las Guacamayas|60991|16|60991||09|052|4218|Urbano|22
60994|El Mirador|Colonia|Lázaro Cárdenas|Michoacán de Ocampo|Las Guacamayas|60991|16|60991||09|052|4222|Urbano|22
60994|El Veladero|Colonia|Lázaro Cárdenas|Michoacán de Ocampo|Las Guacamayas|60991|16|60991||09|052|4223|Urbano|22
60994|Javier Mina|Colonia|Lázaro Cárdenas|Michoacán de Ocampo|Las Guacamayas|60991|16|60991||09|052|4228|Urbano|22
60994|La Joya|Fraccionamiento|Lázaro Cárdenas|Michoacán de Ocampo|Las Guacamayas|60991|16|60991||21|052|4230|Urbano|22
60994|Las Torres|Colonia|Lázaro Cárdenas|Michoacán de Ocampo|Las Guacamayas|60991|16|60991||09|052|4232|Urbano|22
60994|Lázaro Cárdenas|Colonia|Lázaro Cárdenas|Michoacán de Ocampo|Las Guacamayas|60991|16|60991||09|052|4233|Urbano|22
60994|Palmira|Colonia|Lázaro Cárdenas|Michoacán de Ocampo|Las Guacamayas|60991|16|60991||09|052|4235|Urbano|22
60994|Renacimiento|Colonia|Lázaro Cárdenas|Michoacán de Ocampo|Las Guacamayas|60991|16|60991||09|052|4237|Urbano|22
60994|Ampliación Técnica 91|Colonia|Lázaro Cárdenas|Michoacán de Ocampo|Las Guacamayas|60991|16|60991||09|052|4241|Urbano|22
60994|Progreso Nacional|Colonia|Lázaro Cárdenas|Michoacán de Ocampo|Las Guacamayas|60991|16|60991||09|052|4268|Urbano|22
60994|Técnica 91|Colonia|Lázaro Cárdenas|Michoacán de Ocampo|Las Guacamayas|60991|16|60991||09|052|4308|Urbano|22
60994|Los Transportistas|Colonia|Lázaro Cárdenas|Michoacán de Ocampo|Las Guacamayas|60991|16|60991||09|052|5534|Urbano|22
60995|Praderas Verdes|Colonia|Lázaro Cárdenas|Michoacán de Ocampo|Las Guacamayas|60951|16|60951||09|052|0002|Urbano|22
60995|Puerto Pacífico|Fraccionamiento|Lázaro Cárdenas|Michoacán de Ocampo|Las Guacamayas|60951|16|60951||21|052|0087|Urbano|22
60995|Los Girasoles|Fraccionamiento|Lázaro Cárdenas|Michoacán de Ocampo|Las Guacamayas|60951|16|60951||21|052|0090|Urbano|22
60995|Marina Universidad|Fraccionamiento|Lázaro Cárdenas|Michoacán de Ocampo|Las Guacamayas|60951|16|60951||21|052|0092|Urbano|22
60995|Puerto Diamante|Fraccionamiento|Lázaro Cárdenas|Michoacán de Ocampo|Las Guacamayas|60951|16|60951||21|052|0099|Urbano|22
60995|Las Américas|Fraccionamiento|Lázaro Cárdenas|Michoacán de Ocampo|Las Guacamayas|60951|16|60951||21|052|0100|Urbano|22
60995|Praderas Verdes|Fraccionamiento|Lázaro Cárdenas|Michoacán de Ocampo|Las Guacamayas|60951|16|60951||21|052|0101|Urbano|22
60995|Comunal Morelos|Colonia|Lázaro Cárdenas|Michoacán de Ocampo|Las Guacamayas|60951|16|60951||09|052|3308|Urbano|22
60995|Las Truchas|Colonia|Lázaro Cárdenas|Michoacán de Ocampo|Las Guacamayas|60951|16|60951||09|052|3309|Urbano|22
60995|2 de Febrero|Colonia|Lázaro Cárdenas|Michoacán de Ocampo|Las Guacamayas|60951|16|60951||09|052|3310|Urbano|22
60995|Los Llanitos|Colonia|Lázaro Cárdenas|Michoacán de Ocampo|Las Guacamayas|60951|16|60951||09|052|3311|Urbano|22
60995|15 de Enero|Colonia|Lázaro Cárdenas|Michoacán de Ocampo|Las Guacamayas|60951|16|60951||09|052|3312|Urbano|22
60995|3 de Mayo|Colonia|Lázaro Cárdenas|Michoacán de Ocampo|Las Guacamayas|60951|16|60951||09|052|4245|Urbano|22
60995|El Sembrador|Colonia|Lázaro Cárdenas|Michoacán de Ocampo|Las Guacamayas|60951|16|60951||09|052|4250|Urbano|22
60995|Los Girasoles|Colonia|Lázaro Cárdenas|Michoacán de Ocampo|Las Guacamayas|60951|16|60951||09|052|4257|Urbano|22
60995|Paraíso|Colonia|Lázaro Cárdenas|Michoacán de Ocampo|Las Guacamayas|60951|16|60951||09|052|4259|Urbano|22
60995|Ampliación 2 de Febrero|Colonia|Lázaro Cárdenas|Michoacán de Ocampo|Las Guacamayas|60951|16|60951||09|052|4289|Urbano|22
60995|Ampliación Ignacio Allende|Colonia|Lázaro Cárdenas|Michoacán de Ocampo|Las Guacamayas|60951|16|60951||09|052|4291|Urbano|22
60995|Ignacio Allende|Colonia|Lázaro Cárdenas|Michoacán de Ocampo|Las Guacamayas|60951|16|60951||09|052|4297|Urbano|22
60995|José Ma. Morelos|Colonia|Lázaro Cárdenas|Michoacán de Ocampo|Las Guacamayas|60951|16|60951||09|052|4298|Urbano|22
60995|Las Teresitas|Colonia|Lázaro Cárdenas|Michoacán de Ocampo|Las Guacamayas|60951|16|60951||09|052|4301|Urbano|22
60995|San Miguel Arcángel|Colonia|Lázaro Cárdenas|Michoacán de Ocampo|Las Guacamayas|60951|16|60951||09|052|4306|Urbano|22
60995|Puerto Real|Fraccionamiento|Lázaro Cárdenas|Michoacán de Ocampo|Las Guacamayas|60951|16|60951||21|052|4717|Urbano|22
60995|Ampliación Paraíso|Colonia|Lázaro Cárdenas|Michoacán de Ocampo|Las Guacamayas|60951|16|60951||09|052|4814|Urbano|22
60995|13 de Septiembre|Colonia|Lázaro Cárdenas|Michoacán de Ocampo|Las Guacamayas|60951|16|60951||09|052|5542|Urbano|22
60995|Polanco|Colonia|Lázaro Cárdenas|Michoacán de Ocampo|Las Guacamayas|60951|16|60951||09|052|6749|Urbano|22
60996|Emiliano Zapata|Colonia|Lázaro Cárdenas|Michoacán de Ocampo|Las Guacamayas|60951|16|60951||09|052|3285|Urbano|22
60996|CROM Estibadores|Colonia|Lázaro Cárdenas|Michoacán de Ocampo|Las Guacamayas|60951|16|60951||09|052|3286|Urbano|22
60996|Los Manguitos|Colonia|Lázaro Cárdenas|Michoacán de Ocampo|Las Guacamayas|60951|16|60951||09|052|3287|Urbano|22
60996|La Principal|Colonia|Lázaro Cárdenas|Michoacán de Ocampo|Las Guacamayas|60951|16|60951||09|052|3288|Urbano|22
60996|Ampliación Villa Hermosa|Colonia|Lázaro Cárdenas|Michoacán de Ocampo|Las Guacamayas|60951|16|60951||09|052|3289|Urbano|22
60996|Reforma|Colonia|Lázaro Cárdenas|Michoacán de Ocampo|Las Guacamayas|60951|16|60951||09|052|3290|Urbano|22
60996|Villa Hermosa|Colonia|Lázaro Cárdenas|Michoacán de Ocampo|Las Guacamayas|60951|16|60951||09|052|3291|Urbano|22
60996|La Paz|Colonia|Lázaro Cárdenas|Michoacán de Ocampo|Las Guacamayas|60951|16|60951||09|052|3292|Urbano|22
60996|Renovación Sindical|Colonia|Lázaro Cárdenas|Michoacán de Ocampo|Las Guacamayas|60951|16|60951||09|052|3293|Urbano|22
60996|Vista Hermosa Aeropuerto|Colonia|Lázaro Cárdenas|Michoacán de Ocampo|Las Guacamayas|60951|16|60951||09|052|3294|Urbano|22
60996|San Felipe de Jesús|Colonia|Lázaro Cárdenas|Michoacán de Ocampo|Las Guacamayas|60951|16|60951||09|052|3295|Urbano|22
60996|Ricardo Flores Magón|Colonia|Lázaro Cárdenas|Michoacán de Ocampo|Las Guacamayas|60951|16|60951||09|052|3296|Urbano|22
60996|La Orillita|Colonia|Lázaro Cárdenas|Michoacán de Ocampo|Las Guacamayas|60951|16|60951||09|052|3297|Urbano|22
60996|17 de Octubre|Colonia|Lázaro Cárdenas|Michoacán de Ocampo|Las Guacamayas|60951|16|60951||09|052|3298|Urbano|22
60996|Ampliación La Orillita|Colonia|Lázaro Cárdenas|Michoacán de Ocampo|Las Guacamayas|60951|16|60951||09|052|3321|Urbano|22
60996|Ampliación 1 de Mayo|Colonia|Lázaro Cárdenas|Michoacán de Ocampo|Las Guacamayas|60951|16|60951||09|052|4242|Urbano|22
60996|1 de Septiembre|Colonia|Lázaro Cárdenas|Michoacán de Ocampo|Las Guacamayas|60951|16|60951||09|052|4244|Urbano|22
60996|1 de Mayo|Colonia|Lázaro Cárdenas|Michoacán de Ocampo|Las Guacamayas|60951|16|60951||09|052|4283|Urbano|22
60996|20 de Agosto|Colonia|Lázaro Cárdenas|Michoacán de Ocampo|Las Guacamayas|60951|16|60951||09|052|4284|Urbano|22
60996|La Báscula|Colonia|Lázaro Cárdenas|Michoacán de Ocampo|Las Guacamayas|60951|16|60951||09|052|4299|Urbano|22
60996|México|Colonia|Lázaro Cárdenas|Michoacán de Ocampo|Las Guacamayas|60951|16|60951||09|052|4303|Urbano|22
60996|Benigno Trejo|Colonia|Lázaro Cárdenas|Michoacán de Ocampo|Las Guacamayas|60951|16|60951||09|052|4809|Urbano|22
60997|La Antorcha|Colonia|Lázaro Cárdenas|Michoacán de Ocampo|Las Guacamayas|60951|16|60951||09|052|0003|Urbano|22
60997|Lomas del Bosque|Colonia|Lázaro Cárdenas|Michoacán de Ocampo|Las Guacamayas|60951|16|60951||09|052|0104|Urbano|22
60997|Libertad|Colonia|Lázaro Cárdenas|Michoacán de Ocampo|Las Guacamayas|60951|16|60951||09|052|3299|Urbano|22
60997|La Estrella|Colonia|Lázaro Cárdenas|Michoacán de Ocampo|Las Guacamayas|60951|16|60951||09|052|3300|Urbano|22
60997|Benito Juárez|Colonia|Lázaro Cárdenas|Michoacán de Ocampo|Las Guacamayas|60951|16|60951||09|052|3301|Urbano|22
60997|Villa del Tecnológico|Colonia|Lázaro Cárdenas|Michoacán de Ocampo|Las Guacamayas|60951|16|60951||09|052|3302|Urbano|22
60997|Miguel Hidalgo|Colonia|Lázaro Cárdenas|Michoacán de Ocampo|Las Guacamayas|60951|16|60951||09|052|3303|Urbano|22
60997|Linda Vista|Colonia|Lázaro Cárdenas|Michoacán de Ocampo|Las Guacamayas|60951|16|60951||09|052|3304|Urbano|22
60997|Leonardo Rodríguez Alcaine|Fraccionamiento|Lázaro Cárdenas|Michoacán de Ocampo|Las Guacamayas|60951|16|60951||21|052|3306|Urbano|22
60997|COPALAC|Colonia|Lázaro Cárdenas|Michoacán de Ocampo|Las Guacamayas|60951|16|60951||09|052|3315|Urbano|22
60997|Condesa|Colonia|Lázaro Cárdenas|Michoacán de Ocampo|Las Guacamayas|60951|16|60951||09|052|3316|Urbano|22
60997|Progreso Nacional|Colonia|Lázaro Cárdenas|Michoacán de Ocampo|Las Guacamayas|60951|16|60951||09|052|3320|Urbano|22
60997|Ampliación La Estrella|Colonia|Lázaro Cárdenas|Michoacán de Ocampo|Las Guacamayas|60951|16|60951||09|052|3323|Urbano|22
60997|Las Lomas|Colonia|Lázaro Cárdenas|Michoacán de Ocampo|Las Guacamayas|60951|16|60951||09|052|4231|Urbano|22
60997|Niños Héroes|Colonia|Lázaro Cárdenas|Michoacán de Ocampo|Las Guacamayas|60951|16|60951||09|052|4304|Urbano|22
60997|Ampliación Benito Juárez|Colonia|Lázaro Cárdenas|Michoacán de Ocampo|Las Guacamayas|60951|16|60951||09|052|4723|Urbano|22
60997|Lomas del Paraíso|Colonia|Lázaro Cárdenas|Michoacán de Ocampo|Las Guacamayas|60951|16|60951||09|052|4744|Urbano|22
60998|Valle Escondido|Colonia|Lázaro Cárdenas|Michoacán de Ocampo|Las Guacamayas|60991|16|60991||09|052|0001|Urbano|22
60998|Villa de Barlovento|Fraccionamiento|Lázaro Cárdenas|Michoacán de Ocampo|Las Guacamayas|60991|16|60991||21|052|0096|Urbano|22
60998|La Orilla|Fraccionamiento|Lázaro Cárdenas|Michoacán de Ocampo|Las Guacamayas|60991|16|60991||21|052|3307|Urbano|22
60998|5 de Mayo|Colonia|Lázaro Cárdenas|Michoacán de Ocampo|Las Guacamayas|60991|16|60991||09|052|4285|Urbano|22
60998|5 de Mayo 3er Sector|Colonia|Lázaro Cárdenas|Michoacán de Ocampo|Las Guacamayas|60991|16|60991||09|052|4286|Urbano|22
60998|5 de Mayo 4to Sector|Colonia|Lázaro Cárdenas|Michoacán de Ocampo|Las Guacamayas|60991|16|60991||09|052|4287|Urbano|22
60998|5 de Mayo Poniente|Colonia|Lázaro Cárdenas|Michoacán de Ocampo|Las Guacamayas|60991|16|60991||09|052|4288|Urbano|22
60998|Ampliación 5 de Mayo|Colonia|Lázaro Cárdenas|Michoacán de Ocampo|Las Guacamayas|60991|16|60991||09|052|4290|Urbano|22
60998|Flamingos|Colonia|Lázaro Cárdenas|Michoacán de Ocampo|Las Guacamayas|60991|16|60991||09|052|4292|Urbano|22
60998|Flamingos II|Colonia|Lázaro Cárdenas|Michoacán de Ocampo|Las Guacamayas|60991|16|60991||09|052|4293|Urbano|22
60998|Flor de Abril I|Colonia|Lázaro Cárdenas|Michoacán de Ocampo|Las Guacamayas|60991|16|60991||09|052|4294|Urbano|22
60998|Flor de Abril II|Colonia|Lázaro Cárdenas|Michoacán de Ocampo|Las Guacamayas|60991|16|60991||09|052|4295|Urbano|22
60998|Flor de Abril III|Colonia|Lázaro Cárdenas|Michoacán de Ocampo|Las Guacamayas|60991|16|60991||09|052|4296|Urbano|22
60998|La Primavera|Colonia|Lázaro Cárdenas|Michoacán de Ocampo|Las Guacamayas|60991|16|60991||09|052|4300|Urbano|22
60998|Los Pinitos|Colonia|Lázaro Cárdenas|Michoacán de Ocampo|Las Guacamayas|60991|16|60991||09|052|4302|Urbano|22
60998|Santa Cecilia|Colonia|Lázaro Cárdenas|Michoacán de Ocampo|Las Guacamayas|60991|16|60991||09|052|4305|Urbano|22
60998|Santa Margarita|Fraccionamiento|Lázaro Cárdenas|Michoacán de Ocampo|Las Guacamayas|60991|16|60991||21|052|4307|Urbano|22
60998|Puente La Vía|Colonia|Lázaro Cárdenas|Michoacán de Ocampo|Las Guacamayas|60991|16|60991||09|052|4704|Urbano|22
61000|Epitacio Huerta|Pueblo|Epitacio Huerta|Michoacán de Ocampo||76852|16|76852||28|031|2057|Urbano|
61000|Jardines|Colonia|Epitacio Huerta|Michoacán de Ocampo||76852|16|76852||09|031|5566|Urbano|
61002|Chamacuero|Rancho|Epitacio Huerta|Michoacán de Ocampo||76852|16|76852||48|031|0005|Rural|
61002|El Arenal|Rancho|Epitacio Huerta|Michoacán de Ocampo||76852|16|76852||48|031|0009|Rural|
61002|La Mina de Cavires|Rancho|Epitacio Huerta|Michoacán de Ocampo||76852|16|76852||48|031|0029|Rural|
61002|Los Dolores|Pueblo|Epitacio Huerta|Michoacán de Ocampo||76852|16|76852||28|031|2058|Rural|
61002|El Tejocote Polvillas (Fátima)|Ranchería|Epitacio Huerta|Michoacán de Ocampo||76852|16|76852||29|031|2062|Rural|
61002|Tejocote San Isidro (La Providencia)|Ejido|Epitacio Huerta|Michoacán de Ocampo||76852|16|76852||15|031|2063|Rural|
61003|El Salitrillo (El Charco)|Rancho|Epitacio Huerta|Michoacán de Ocampo||76852|16|76852||48|031|0014|Rural|
61003|San Miguel la Rata (San Andrés Salitrillo)|Ranchería|Epitacio Huerta|Michoacán de Ocampo||76852|16|76852||29|031|2065|Rural|
61004|Estanzuela los Lulos (Santa Rosa)|Ranchería|Epitacio Huerta|Michoacán de Ocampo||76852|16|76852||29|031|0001|Rural|
61004|Casa Colorada|Ranchería|Epitacio Huerta|Michoacán de Ocampo||76852|16|76852||29|031|0003|Rural|
61004|El Jacal de la Mata|Rancho|Epitacio Huerta|Michoacán de Ocampo||76852|16|76852||48|031|0013|Rural|
61004|La Garita|Rancho|Epitacio Huerta|Michoacán de Ocampo||76852|16|76852||48|031|0026|Rural|
61004|Las Golondrinas|Rancho|Epitacio Huerta|Michoacán de Ocampo||76852|16|76852||48|031|0031|Rural|
61004|Loma de en Medio|Rancho|Epitacio Huerta|Michoacán de Ocampo||76852|16|76852||48|031|0034|Rural|
61004|Los Ángeles (San Lorenzo)|Ranchería|Epitacio Huerta|Michoacán de Ocampo||76852|16|76852||29|031|0035|Rural|
61004|El Garabato (La Loma)|Ranchería|Epitacio Huerta|Michoacán de Ocampo||76852|16|76852||29|031|2056|Rural|
61004|San Antonio Molinos|Ejido|Epitacio Huerta|Michoacán de Ocampo||76852|16|76852||15|031|2060|Rural|
61004|San Bernardo|Ranchería|Epitacio Huerta|Michoacán de Ocampo||76852|16|76852||29|031|2061|Rural|
61004|Molinos de Caballero|Ejido|Epitacio Huerta|Michoacán de Ocampo||76852|16|76852||15|031|2064|Rural|
61004|El Rodeo|Ejido|Epitacio Huerta|Michoacán de Ocampo||76852|16|76852||15|031|2066|Rural|
61005|La Ladera (Ejido Ojo de Agua)|Rancho|Epitacio Huerta|Michoacán de Ocampo||76852|16|76852||48|031|0027|Rural|
61005|Los Azules (La Presa de los Azules)|Ranchería|Epitacio Huerta|Michoacán de Ocampo||76852|16|76852||29|031|0036|Rural|
61005|San Mateo (El Salitrillo)|Ejido|Epitacio Huerta|Michoacán de Ocampo||76852|16|76852||15|031|2059|Rural|
61005|La Margarita (El Puerto)|Ejido|Epitacio Huerta|Michoacán de Ocampo||76852|16|76852||15|031|2067|Rural|
61006|Emiliano Zapata (Pueblo Nuevo)|Ranchería|Epitacio Huerta|Michoacán de Ocampo||76852|16|76852||29|031|0019|Rural|
61006|Ex-Hacienda San Miguel|Ranchería|Epitacio Huerta|Michoacán de Ocampo||76852|16|76852||29|031|0022|Rural|
61006|La Curva (La Margarita)|Ranchería|Epitacio Huerta|Michoacán de Ocampo||76852|16|76852||29|031|0025|Rural|
61006|Las Playitas (Lázaro Cárdenas)|Rancho|Epitacio Huerta|Michoacán de Ocampo||76852|16|76852||48|031|0033|Rural|
61006|Canindo y Pedregal|Ejido|Epitacio Huerta|Michoacán de Ocampo||76852|16|76852||15|031|2068|Rural|
61007|Ejido Nuevo Coroneo Fracción Salitrillo|Ranchería|Epitacio Huerta|Michoacán de Ocampo||76852|16|76852||29|031|0008|Rural|
61007|El Sayno (Ojo de Agua Salitrillo)|Rancho|Epitacio Huerta|Michoacán de Ocampo||76852|16|76852||48|031|0016|Rural|
61007|Ex-Hacienda Salitrillo|Rancho|Epitacio Huerta|Michoacán de Ocampo||76852|16|76852||48|031|0021|Rural|
61007|El Pinto (Piedra Larga)|Ejido|Epitacio Huerta|Michoacán de Ocampo||76852|16|76852||15|031|2069|Rural|
61007|El Salitrillo (Ojo de Agua de Salitrillo)|Ranchería|Epitacio Huerta|Michoacán de Ocampo||76852|16|76852||29|031|2070|Rural|
61008|Guadalupe la Paz (Nuevo Coroneo Fracción la Paz)|Ranchería|Epitacio Huerta|Michoacán de Ocampo||76852|16|76852||29|031|0007|Rural|
61008|La Lagartija (San Vicente)|Ranchería|Epitacio Huerta|Michoacán de Ocampo||76852|16|76852||29|031|0028|Rural|
61008|Ojo de Agua (Santa Anita)|Ranchería|Epitacio Huerta|Michoacán de Ocampo||76852|16|76852||29|031|0037|Rural|
61008|Las Gardenias|Rancho|Epitacio Huerta|Michoacán de Ocampo||76852|16|76852||48|031|0044|Urbano|
61008|Ojo de Agua|Ejido|Epitacio Huerta|Michoacán de Ocampo||76852|16|76852||15|031|0045|Urbano|
61008|La Paz (La Calabaza)|Ejido|Epitacio Huerta|Michoacán de Ocampo||76852|16|76852||15|031|2071|Rural|
61010|El Sauz de la Luz|Ranchería|Epitacio Huerta|Michoacán de Ocampo||76852|16|76852||29|031|0015|Rural|
61010|La Luz|Ranchería|Epitacio Huerta|Michoacán de Ocampo||76852|16|76852||29|031|2074|Rural|
61012|San Cristóbal (Los Álamos)|Ranchería|Epitacio Huerta|Michoacán de Ocampo||76852|16|76852||29|031|2077|Rural|
61014|El Cerrito|Ranchería|Epitacio Huerta|Michoacán de Ocampo||76852|16|76852||29|031|0012|Rural|
61014|El Toro|Rancho|Epitacio Huerta|Michoacán de Ocampo||76852|16|76852||48|031|0018|Rural|
61014|Ex-Hacienda la Paz|Ranchería|Epitacio Huerta|Michoacán de Ocampo||76852|16|76852||29|031|0020|Rural|
61014|San Antonio Ojo de Agua|Rancho|Epitacio Huerta|Michoacán de Ocampo||76852|16|76852||48|031|0039|Rural|
61014|Coroneo [Unidad Cooperativa]|Rancho|Epitacio Huerta|Michoacán de Ocampo||76852|16|76852||48|031|0041|Rural|
61014|San Benito|Rancho|Epitacio Huerta|Michoacán de Ocampo||76852|16|76852||48|031|0047|Rural|
61014|Ejido Nuevo Coroneo Fracción la Paz|Ranchería|Epitacio Huerta|Michoacán de Ocampo||76852|16|76852||29|031|2078|Rural|
61014|Santa Cruz Ojo de Agua|Ejido|Epitacio Huerta|Michoacán de Ocampo||76852|16|76852||15|031|2079|Rural|
61015|El Bellotal Dos|Rancho|Epitacio Huerta|Michoacán de Ocampo||76852|16|76852||48|031|0010|Rural|
61015|El Bellotal Uno|Ranchería|Epitacio Huerta|Michoacán de Ocampo||76852|16|76852||29|031|0011|Rural|
61015|La Cima|Rancho|Epitacio Huerta|Michoacán de Ocampo||76852|16|76852||48|031|0023|Rural|
61015|Las Hormigas Dos|Ranchería|Epitacio Huerta|Michoacán de Ocampo||76852|16|76852||29|031|0032|Rural|
61015|Cuartel de Guerrero|Pueblo|Epitacio Huerta|Michoacán de Ocampo||76852|16|76852||28|031|2073|Rural|
61015|La Tenencia de Guerrero (Hormigas Uno)|Ranchería|Epitacio Huerta|Michoacán de Ocampo||76852|16|76852||29|031|2080|Rural|
61016|Cerrito Colorado|Rancho|Epitacio Huerta|Michoacán de Ocampo||76852|16|76852||48|031|0004|Rural|
61016|Yereje Cabezas|Ranchería|Epitacio Huerta|Michoacán de Ocampo||76852|16|76852||29|031|0042|Rural|
61016|Yereje Canteras|Rancho|Epitacio Huerta|Michoacán de Ocampo||76852|16|76852||48|031|0043|Rural|
61016|Loma del Zapote|Rancho|Epitacio Huerta|Michoacán de Ocampo||76852|16|76852||48|031|0046|Rural|
61016|Temascales (Bellotal Loma de en Medio)|Rancho|Epitacio Huerta|Michoacán de Ocampo||76852|16|76852||48|031|0048|Rural|
61016|Cañada de García (Cuartel Cañada)|Ranchería|Epitacio Huerta|Michoacán de Ocampo||76852|16|76852||29|031|2076|Rural|
61016|El Venado|Ranchería|Epitacio Huerta|Michoacán de Ocampo||76852|16|76852||29|031|2081|Rural|
61017|Astillero Botija|Ranchería|Epitacio Huerta|Michoacán de Ocampo||76852|16|76852||29|031|0002|Rural|
61017|El Astillero (El Carmen Astillero)|Ranchería|Epitacio Huerta|Michoacán de Ocampo||76852|16|76852||29|031|2072|Rural|
61017|La Palma|Ranchería|Epitacio Huerta|Michoacán de Ocampo||76852|16|76852||29|031|2075|Rural|
61018|Cruz de Pichardo|Ranchería|Epitacio Huerta|Michoacán de Ocampo||76852|16|76852||29|031|0006|Rural|
61018|El Tepozán|Ranchería|Epitacio Huerta|Michoacán de Ocampo||76852|16|76852||29|031|0017|Rural|
61018|La Ciénega|Rancho|Epitacio Huerta|Michoacán de Ocampo||76852|16|76852||48|031|0024|Rural|
61018|Palos Altos|Rancho|Epitacio Huerta|Michoacán de Ocampo||76852|16|76852||48|031|0038|Rural|
61018|Santa Genoveva (Cuartel de Guerrero)|Ranchería|Epitacio Huerta|Michoacán de Ocampo||76852|16|76852||29|031|0040|Rural|
61020|Contepec|Pueblo|Contepec|Michoacán de Ocampo||61251|16|61251||28|017|2082|Urbano|
61020|Cuarto|Colonia|Contepec|Michoacán de Ocampo||61251|16|61251||09|017|6226|Urbano|
61020|El Jagüey|Colonia|Contepec|Michoacán de Ocampo||61251|16|61251||09|017|6227|Urbano|
61020|El Pedregal (Cuartel Cuarto)|Colonia|Contepec|Michoacán de Ocampo||61251|16|61251||09|017|6228|Urbano|
61020|Loma Colorada|Colonia|Contepec|Michoacán de Ocampo||61251|16|61251||09|017|6229|Urbano|
61020|Pueblo Nuevo|Colonia|Contepec|Michoacán de Ocampo||61251|16|61251||09|017|6230|Urbano|
61023|Santa María de los Ángeles|Ranchería|Contepec|Michoacán de Ocampo||61251|16|61251||29|017|5525|Rural|
61023|El Zorrillo (El Cerro del Águila)|Ranchería|Contepec|Michoacán de Ocampo||61251|16|61251||29|017|6205|Rural|
61023|Las Peritas|Ranchería|Contepec|Michoacán de Ocampo||61251|16|61251||29|017|6215|Rural|
61024|Parque Industrial Contepec|Zona industrial|Contepec|Michoacán de Ocampo||61251|16|61251||37|017|0005|Rural|
61024|Ampliación Parque Industrial (Cuartel Tercero)|Zona industrial|Contepec|Michoacán de Ocampo||61251|16|61251||37|017|6191|Rural|
61024|Cerro Agujerado (Cuartel Tercero)|Ranchería|Contepec|Michoacán de Ocampo||61251|16|61251||29|017|6196|Rural|
61024|El Crucero|Ranchería|Contepec|Michoacán de Ocampo||61251|16|61251||29|017|6201|Rural|
61024|Los Pirules|Ranchería|Contepec|Michoacán de Ocampo||61251|16|61251||29|017|6218|Rural|
61025|El Nogal (Ampliación San Rafael)|Ranchería|Contepec|Michoacán de Ocampo||61251|16|61251||29|017|0001|Rural|
61025|Santa María la Ahogada|Ejido|Contepec|Michoacán de Ocampo||61251|16|61251||15|017|2084|Rural|
61025|Cerro Colorado|Ranchería|Contepec|Michoacán de Ocampo||61251|16|61251||29|017|6197|Rural|
61026|Puente Negro (San Rafael)|Rancho|Contepec|Michoacán de Ocampo||61251|16|61251||48|017|0004|Rural|
61030|Salto de Tepuxtepec|Pueblo|Contepec|Michoacán de Ocampo||61251|16|61251||28|017|2086|Rural|
61030|Cerro Prieto|Ranchería|Contepec|Michoacán de Ocampo||61251|16|61251||29|017|6198|Rural|
61030|La Puerta (La Puerta de Tepuxtepec)|Ranchería|Contepec|Michoacán de Ocampo||61251|16|61251||29|017|6213|Rural|
61030|San Antonio|Ranchería|Contepec|Michoacán de Ocampo||61251|16|61251||29|017|6222|Rural|
61034|La Placita|Rancho|Contepec|Michoacán de Ocampo||61251|16|61251||48|017|5018|Rural|
61034|La Soledad|Ranchería|Contepec|Michoacán de Ocampo||61251|16|61251||29|017|6214|Rural|
61035|Yereje|Ranchería|Contepec|Michoacán de Ocampo||61251|16|61251||29|017|2088|Rural|
61035|Cerrito Uñatal|Ranchería|Contepec|Michoacán de Ocampo||61251|16|61251||29|017|6195|Rural|
61035|Llano Largo (Santa Rosa de Lima)|Ranchería|Contepec|Michoacán de Ocampo||61251|16|61251||29|017|6216|Rural|
61036|El Tecolote|Ejido|Contepec|Michoacán de Ocampo||61251|16|61251||15|017|2089|Rural|
61036|Lázaro Cárdenas|Ejido|Contepec|Michoacán de Ocampo||61251|16|61251||15|017|2090|Rural|
61036|Mogotes|Ejido|Contepec|Michoacán de Ocampo||61251|16|61251||15|017|2091|Rural|
61036|La Ladera|Ranchería|Contepec|Michoacán de Ocampo||61251|16|61251||29|017|6211|Rural|
61036|San Isidro (Ex-Hacienda de San Isidro)|Ranchería|Contepec|Michoacán de Ocampo||61251|16|61251||29|017|6223|Rural|
61036|San Jerónimo|Ranchería|Contepec|Michoacán de Ocampo||61251|16|61251||29|017|6224|Rural|
61037|La Estanzuela (La Chiripa)|Ranchería|Contepec|Michoacán de Ocampo||61251|16|61251||29|017|2085|Rural|
61037|Temascales (El Jacal)|Ranchería|Contepec|Michoacán de Ocampo||61251|16|61251||29|017|2092|Rural|
61037|El Milagro|Pueblo|Contepec|Michoacán de Ocampo||61251|16|61251||28|017|4018|Rural|
61037|Estanzuelita|Ranchería|Contepec|Michoacán de Ocampo||61251|16|61251||29|017|6207|Rural|
61037|La Alberca|Ranchería|Contepec|Michoacán de Ocampo||61251|16|61251||29|017|6208|Rural|
61037|El Redondo|Ranchería|Contepec|Michoacán de Ocampo||61251|16|61251||29|017|6221|Rural|
61040|La Higuerilla (Los Lirios)|Ejido|Contepec|Michoacán de Ocampo||61251|16|61251||15|017|2093|Rural|
61040|Melchor Ocampo (Pateo)|Ejido|Contepec|Michoacán de Ocampo||61251|16|61251||15|017|2094|Rural|
61040|El Sauz (La Colonia del Sauz)|Ranchería|Contepec|Michoacán de Ocampo||61251|16|61251||29|017|6202|Rural|
61040|Santiago Loma Bonita|Ranchería|Contepec|Michoacán de Ocampo||61251|16|61251||29|017|6225|Rural|
61041|Buenavista|Pueblo|Contepec|Michoacán de Ocampo||61251|16|61251||28|017|2095|Rural|
61041|Colonia los Pirules|Ranchería|Contepec|Michoacán de Ocampo||61251|16|61251||29|017|6200|Rural|
61042|Bravo|Ejido|Contepec|Michoacán de Ocampo||61251|16|61251||15|017|2096|Rural|
61042|San Pedro Tarímbaro|Ejido|Contepec|Michoacán de Ocampo||61251|16|61251||15|017|2097|Rural|
61042|Colonia la Paz (El Zapote)|Ranchería|Contepec|Michoacán de Ocampo||61251|16|61251||29|017|6199|Rural|
61043|El Céreo|Ejido|Contepec|Michoacán de Ocampo||61251|16|61251||15|017|2098|Rural|
61043|El Sombrerito (El Cerrito)|Ranchería|Contepec|Michoacán de Ocampo||61251|16|61251||29|017|6203|Rural|
61043|El Terrero|Ranchería|Contepec|Michoacán de Ocampo||61251|16|61251||29|017|6204|Rural|
61043|La Haciendita (Bordo de la Cruz)|Ranchería|Contepec|Michoacán de Ocampo||61251|16|61251||29|017|6210|Rural|
61045|La Rueda|Ejido|Contepec|Michoacán de Ocampo||61251|16|61251||15|017|2099|Rural|
61045|La Loma|Ranchería|Contepec|Michoacán de Ocampo||61251|16|61251||29|017|6212|Rural|
61046|Las Cuevas|Ranchería|Contepec|Michoacán de Ocampo||61251|16|61251||29|017|2100|Rural|
61046|Los Artones|Ranchería|Contepec|Michoacán de Ocampo||61251|16|61251||29|017|6217|Rural|
61047|Atotonilco|Ejido|Contepec|Michoacán de Ocampo||61251|16|61251||15|017|2101|Rural|
61047|San Rafael|Ejido|Contepec|Michoacán de Ocampo||61251|16|61251||15|017|2102|Rural|
61047|Ampliación de Buenavista|Ranchería|Contepec|Michoacán de Ocampo||61251|16|61251||29|017|6190|Rural|
61047|Balneario de Buenavista|Ranchería|Contepec|Michoacán de Ocampo||61251|16|61251||29|017|6193|Rural|
61047|La Balastrera|Ranchería|Contepec|Michoacán de Ocampo||61251|16|61251||29|017|6209|Rural|
61047|Nueva Colonia Ampliación de Atotonilco|Ranchería|Contepec|Michoacán de Ocampo||61251|16|61251||29|017|6219|Rural|
61047|Rancho de los Bolaños|Ranchería|Contepec|Michoacán de Ocampo||61251|16|61251||29|017|6220|Rural|
61048|Las Pilas|Ejido|Contepec|Michoacán de Ocampo||61251|16|61251||15|017|2103|Rural|
61050|Agua Caliente|Ejido|Contepec|Michoacán de Ocampo||61251|16|61251||15|017|2104|Rural|
61050|Venta de Bravo|Ejido|Contepec|Michoacán de Ocampo||61251|16|61251||15|017|2105|Rural|
61050|Arroyo del Muerto (Presa Santa Teresa)|Ranchería|Contepec|Michoacán de Ocampo||61251|16|61251||29|017|6192|Rural|
61051|Tepetongo|Ejido|Contepec|Michoacán de Ocampo||61251|16|61251||15|017|2106|Rural|
61051|Zaragoza (Puerto de Medina)|Ejido|Contepec|Michoacán de Ocampo||61251|16|61251||15|017|2107|Rural|
61051|Las Tenerías (Las Tenerías de Tepetongo)|Ejido|Contepec|Michoacán de Ocampo||61251|16|61251||15|017|2108|Rural|
61053|El Césped|Ranchería|Contepec|Michoacán de Ocampo||61251|16|61251||29|017|2109|Rural|
61054|Los Fresnos|Rancho|Contepec|Michoacán de Ocampo||61251|16|61251||48|017|0002|Rural|
61054|Colorado|Rancho|Contepec|Michoacán de Ocampo||61251|16|61251||48|017|0003|Rural|
61054|El Capulín|Ejido|Contepec|Michoacán de Ocampo||61251|16|61251||15|017|2110|Rural|
61054|Canoas (El Rosario)|Ranchería|Contepec|Michoacán de Ocampo||61251|16|61251||29|017|6194|Rural|
61055|El Encino|Ranchería|Contepec|Michoacán de Ocampo||61251|16|61251||29|017|5717|Rural|
61055|Estación Contepec|Ranchería|Contepec|Michoacán de Ocampo||61251|16|61251||29|017|6206|Rural|
61060|Tlalpujahua de Rayón|Pueblo|Tlalpujahua|Michoacán de Ocampo||61251|16|61251||28|093|2111|Urbano|
61060|Ramón Rayón|Colonia|Tlalpujahua|Michoacán de Ocampo||61251|16|61251||09|093|4808|Urbano|
61060|El Carmen|Colonia|Tlalpujahua|Michoacán de Ocampo||61251|16|61251||09|093|4821|Urbano|
61060|Barrio Cuatro Caminos|Colonia|Tlalpujahua|Michoacán de Ocampo||61251|16|61251||09|093|4833|Urbano|
61060|Trigueros|Colonia|Tlalpujahua|Michoacán de Ocampo||61251|16|61251||09|093|5461|Urbano|
61060|Puxtla|Colonia|Tlalpujahua|Michoacán de Ocampo||61251|16|61251||09|093|5552|Urbano|
61060|El Calco|Colonia|Tlalpujahua|Michoacán de Ocampo||61251|16|61251||09|093|6186|Urbano|
61060|La Guerrita|Colonia|Tlalpujahua|Michoacán de Ocampo||61251|16|61251||09|093|6187|Urbano|
61060|La Lucha|Colonia|Tlalpujahua|Michoacán de Ocampo||61251|16|61251||09|093|6188|Urbano|
61062|San Juan Tlalpujahuilla (Tlalpujahuilla)|Pueblo|Tlalpujahua|Michoacán de Ocampo||61251|16|61251||28|093|2113|Rural|
61062|Dos Estrellas|Ranchería|Tlalpujahua|Michoacán de Ocampo||61251|16|61251||29|093|5463|Rural|
61062|San Lorenzo Segundo Cuartel|Ranchería|Tlalpujahua|Michoacán de Ocampo||61251|16|61251||29|093|5716|Rural|
61062|El Real (El Real de Arriba)|Ranchería|Tlalpujahua|Michoacán de Ocampo||61251|16|61251||29|093|6159|Rural|
61062|La Lomita|Ranchería|Tlalpujahua|Michoacán de Ocampo||61251|16|61251||29|093|6164|Rural|
61062|San Lorenzo Primer Cuartel (Los Mirtos)|Ranchería|Tlalpujahua|Michoacán de Ocampo||61251|16|61251||29|093|6179|Rural|
61062|Zapateros|Ranchería|Tlalpujahua|Michoacán de Ocampo||61251|16|61251||29|093|6184|Rural|
61063|Agua Fría (La Cañada)|Ranchería|Tlalpujahua|Michoacán de Ocampo||61251|16|61251||29|093|6144|Rural|
61063|Campo Azul (La Presa)|Ranchería|Tlalpujahua|Michoacán de Ocampo||61251|16|61251||29|093|6145|Rural|
61063|La Mesa|Ranchería|Tlalpujahua|Michoacán de Ocampo||61251|16|61251||29|093|6165|Rural|
61063|Palo Bonito|Ranchería|Tlalpujahua|Michoacán de Ocampo||61251|16|61251||29|093|6170|Rural|
61064|San Juan de Dios|Ranchería|Tlalpujahua|Michoacán de Ocampo||61251|16|61251||29|093|5569|Rural|
61064|Guanajuatito (Pintizuelas)|Ranchería|Tlalpujahua|Michoacán de Ocampo||61251|16|61251||29|093|6160|Rural|
61064|Santa Cruz|Ranchería|Tlalpujahua|Michoacán de Ocampo||61251|16|61251||29|093|6181|Rural|
61065|Estanzuela (La Hacienda)|Ranchería|Tlalpujahua|Michoacán de Ocampo||61251|16|61251||29|093|4929|Rural|
61065|Ejido San Lorenzo|Ranchería|Tlalpujahua|Michoacán de Ocampo||61251|16|61251||29|093|6152|Rural|
61066|La Trampa|Ranchería|Tlalpujahua|Michoacán de Ocampo||61251|16|61251||29|093|4930|Rural|
61066|Puerto de Bermeo|Ranchería|Tlalpujahua|Michoacán de Ocampo||61251|16|61251||29|093|5564|Rural|
61066|El Jazmín|Ranchería|Tlalpujahua|Michoacán de Ocampo||61251|16|61251||29|093|6156|Rural|
61066|Plaza de Gallos|Ranchería|Tlalpujahua|Michoacán de Ocampo||61251|16|61251||29|093|6173|Rural|
61066|Puerto de las Huertas (Ejido Tlalpujahuilla)|Ranchería|Tlalpujahua|Michoacán de Ocampo||61251|16|61251||29|093|6175|Rural|
61067|Tlacotepec|Pueblo|Tlalpujahua|Michoacán de Ocampo||61251|16|61251||28|093|2112|Rural|
61070|San Francisco de los Reyes|Pueblo|Tlalpujahua|Michoacán de Ocampo||61251|16|61251||28|093|2115|Rural|
61070|Los Trejo (Santo Niño)|Ranchería|Tlalpujahua|Michoacán de Ocampo||61251|16|61251||29|093|6168|Rural|
61070|Tetela (Los Rodríguez)|Ranchería|Tlalpujahua|Michoacán de Ocampo||61251|16|61251||29|093|6182|Rural|
61072|San Joaquín Morelos|Ranchería|Tlalpujahua|Michoacán de Ocampo||61251|16|61251||29|093|2118|Rural|
61072|El Llanito (Señor del Llano)|Ranchería|Tlalpujahua|Michoacán de Ocampo||61251|16|61251||29|093|5556|Rural|
61072|Cerrito de Rubí|Ranchería|Tlalpujahua|Michoacán de Ocampo||61251|16|61251||29|093|6146|Rural|
61072|Parque del Águila (Cuartel Cuarto San Joaquín)|Ranchería|Tlalpujahua|Michoacán de Ocampo||61251|16|61251||29|093|6171|Rural|
61072|San Isidro|Ranchería|Tlalpujahua|Michoacán de Ocampo||61251|16|61251||29|093|6178|Rural|
61073|San José Corrales|Ranchería|Tlalpujahua|Michoacán de Ocampo||61251|16|61251||29|093|0001|Rural|
61073|San Rafael|Ranchería|Tlalpujahua|Michoacán de Ocampo||61251|16|61251||29|093|2119|Rural|
61073|El Capulín (Cuartel Tercero San Joaquín Morelos)|Ranchería|Tlalpujahua|Michoacán de Ocampo||61251|16|61251||29|093|6153|Rural|
61073|Las Canteras|Ranchería|Tlalpujahua|Michoacán de Ocampo||61251|16|61251||29|093|6166|Rural|
61074|San José de Guadalupe|Ejido|Tlalpujahua|Michoacán de Ocampo||61251|16|61251||15|093|2117|Rural|
61074|Cerro Prieto|Ranchería|Tlalpujahua|Michoacán de Ocampo||61251|16|61251||29|093|6148|Rural|
61074|Puente de Tierra|Ranchería|Tlalpujahua|Michoacán de Ocampo||61251|16|61251||29|093|6174|Rural|
61075|Guadalupe Victoria|Pueblo|Tlalpujahua|Michoacán de Ocampo||61251|16|61251||28|093|2116|Rural|
61075|El Colorín|Ranchería|Tlalpujahua|Michoacán de Ocampo||61251|16|61251||29|093|6154|Rural|
61075|Los Reyes|Ranchería|Tlalpujahua|Michoacán de Ocampo||61251|16|61251||29|093|6167|Rural|
61075|Rosa de Castilla|Ranchería|Tlalpujahua|Michoacán de Ocampo||61251|16|61251||29|093|6177|Rural|
61080|Los Remedios|Ranchería|Tlalpujahua|Michoacán de Ocampo||61251|16|61251||29|093|2121|Rural|
61080|Santa María de los Ángeles|Pueblo|Tlalpujahua|Michoacán de Ocampo||61251|16|61251||28|093|2122|Rural|
61080|Cortaduras|Ranchería|Tlalpujahua|Michoacán de Ocampo||61251|16|61251||29|093|6151|Rural|
61080|Planillas|Ranchería|Tlalpujahua|Michoacán de Ocampo||61251|16|61251||29|093|6172|Rural|
61082|San Pedro Tarímbaro|Pueblo|Tlalpujahua|Michoacán de Ocampo||61251|16|61251||28|093|2123|Rural|
61082|Chalmita (Chazmiti)|Ranchería|Tlalpujahua|Michoacán de Ocampo||61251|16|61251||29|093|6149|Rural|
61082|Monte Alegre|Ranchería|Tlalpujahua|Michoacán de Ocampo||61251|16|61251||29|093|6169|Rural|
61082|Rincón del Sagrado Corazón (Rincón del Diablo)|Ranchería|Tlalpujahua|Michoacán de Ocampo||61251|16|61251||29|093|6176|Rural|
61082|Sandía|Ranchería|Tlalpujahua|Michoacán de Ocampo||61251|16|61251||29|093|6180|Rural|
61082|Tierra Blanca|Ranchería|Tlalpujahua|Michoacán de Ocampo||61251|16|61251||29|093|6183|Rural|
61083|El Carmen|Ranchería|Tlalpujahua|Michoacán de Ocampo||61251|16|61251||29|093|0002|Rural|
61083|Llano Grande Tlacotepec (Colonia Hidalgo)|Ranchería|Tlalpujahua|Michoacán de Ocampo||61251|16|61251||29|093|5565|Rural|
61083|Coloradillas|Ranchería|Tlalpujahua|Michoacán de Ocampo||61251|16|61251||29|093|6150|Rural|
61083|El Llanito Tlacotepec (Cuartel Tercero)|Ranchería|Tlalpujahua|Michoacán de Ocampo||61251|16|61251||29|093|6157|Rural|
61083|El Moral|Ranchería|Tlalpujahua|Michoacán de Ocampo||61251|16|61251||29|093|6158|Rural|
61083|La América|Ranchería|Tlalpujahua|Michoacán de Ocampo||61251|16|61251||29|093|6161|Rural|
61083|La Lagunilla|Ranchería|Tlalpujahua|Michoacán de Ocampo||61251|16|61251||29|093|6162|Rural|
61083|La Loma|Ranchería|Tlalpujahua|Michoacán de Ocampo||61251|16|61251||29|093|6163|Rural|
61084|La Granja|Ranchería|Tlalpujahua|Michoacán de Ocampo||61251|16|61251||29|093|2120|Rural|
61084|El Gigante|Ranchería|Tlalpujahua|Michoacán de Ocampo||61251|16|61251||29|093|6155|Rural|
61086|Cerro Alto|Ranchería|Tlalpujahua|Michoacán de Ocampo||61251|16|61251||29|093|6147|Rural|
61100|Ciudad Hidalgo Centro|Colonia|Hidalgo|Michoacán de Ocampo|Ciudad Hidalgo|61101|16|61101||09|034|2124|Urbano|03
61100|Rinconada de Pirules|Colonia|Hidalgo|Michoacán de Ocampo|Ciudad Hidalgo|61101|16|61101||09|034|3842|Urbano|03
61100|El Pirul|Colonia|Hidalgo|Michoacán de Ocampo|Ciudad Hidalgo|61101|16|61101||09|034|4842|Urbano|03
61105|San Francisco Ojo de Agua|Colonia|Hidalgo|Michoacán de Ocampo|Ciudad Hidalgo|61101|16|61101||09|034|3237|Urbano|03
61110|Lindavista|Colonia|Hidalgo|Michoacán de Ocampo|Ciudad Hidalgo|61101|16|61101||09|034|2126|Urbano|03
61110|Los Reyes|Colonia|Hidalgo|Michoacán de Ocampo|Ciudad Hidalgo|61101|16|61101||09|034|2127|Urbano|03
61110|Ojos de Agua|Colonia|Hidalgo|Michoacán de Ocampo|Ciudad Hidalgo|61101|16|61101||09|034|2128|Urbano|03
61110|Vista Hermosa|Colonia|Hidalgo|Michoacán de Ocampo|Ciudad Hidalgo|61101|16|61101||09|034|3248|Urbano|03
61110|Arcoiris|Colonia|Hidalgo|Michoacán de Ocampo|Ciudad Hidalgo|61101|16|61101||09|034|3829|Urbano|03
61112|El Roble|Colonia|Hidalgo|Michoacán de Ocampo|Ciudad Hidalgo|61101|16|61101||09|034|3203|Urbano|03
61112|Las Flores|Colonia|Hidalgo|Michoacán de Ocampo|Ciudad Hidalgo|61101|16|61101||09|034|3222|Urbano|03
61112|Linares|Colonia|Hidalgo|Michoacán de Ocampo|Ciudad Hidalgo|61101|16|61101||09|034|4154|Urbano|03
61113|El Manzano|Colonia|Hidalgo|Michoacán de Ocampo|Ciudad Hidalgo|61101|16|61101||09|034|0169|Urbano|03
61113|El Chirimoyo|Colonia|Hidalgo|Michoacán de Ocampo|Ciudad Hidalgo|61101|16|61101||09|034|2129|Urbano|03
61113|Rancho de Ponce|Colonia|Hidalgo|Michoacán de Ocampo|Ciudad Hidalgo|61101|16|61101||09|034|2130|Urbano|03
61113|Colonia Unida|Colonia|Hidalgo|Michoacán de Ocampo|Ciudad Hidalgo|61101|16|61101||09|034|2131|Urbano|03
61113|Cristo Rey|Colonia|Hidalgo|Michoacán de Ocampo|Ciudad Hidalgo|61101|16|61101||09|034|3193|Urbano|03
61113|Santuario Monarca|Colonia|Hidalgo|Michoacán de Ocampo|Ciudad Hidalgo|61101|16|61101||09|034|3239|Urbano|03
61113|Ojos de Agua|Colonia|Hidalgo|Michoacán de Ocampo|Ciudad Hidalgo|61101|16|61101||09|034|4919|Urbano|03
61114|La Palma|Colonia|Hidalgo|Michoacán de Ocampo|Ciudad Hidalgo|61101|16|61101||09|034|2132|Urbano|03
61115|Las Fuentes|Colonia|Hidalgo|Michoacán de Ocampo|Ciudad Hidalgo|61101|16|61101||09|034|2133|Urbano|03
61115|Villas del Manantial|Colonia|Hidalgo|Michoacán de Ocampo|Ciudad Hidalgo|61101|16|61101||09|034|4153|Urbano|03
61116|Barranca Seca|Colonia|Hidalgo|Michoacán de Ocampo|Ciudad Hidalgo|61101|16|61101||09|034|3188|Urbano|03
61116|Perseverancia Ecológica|Colonia|Hidalgo|Michoacán de Ocampo|Ciudad Hidalgo|61101|16|61101||09|034|3230|Urbano|03
61120|Bellavista|Colonia|Hidalgo|Michoacán de Ocampo|Ciudad Hidalgo|61101|16|61101||09|034|2134|Urbano|03
61120|La Mangana|Colonia|Hidalgo|Michoacán de Ocampo|Ciudad Hidalgo|61101|16|61101||09|034|2135|Urbano|03
61120|Los Pirules|Colonia|Hidalgo|Michoacán de Ocampo|Ciudad Hidalgo|61101|16|61101||09|034|2136|Urbano|03
61120|Oasis|Fraccionamiento|Hidalgo|Michoacán de Ocampo|Ciudad Hidalgo|61101|16|61101||21|034|3200|Urbano|03
61120|Los Manantiales|Colonia|Hidalgo|Michoacán de Ocampo|Ciudad Hidalgo|61101|16|61101||09|034|3226|Urbano|03
61120|Prol. de Reforma|Colonia|Hidalgo|Michoacán de Ocampo|Ciudad Hidalgo|61101|16|61101||09|034|3232|Urbano|03
61120|Talismán I|Colonia|Hidalgo|Michoacán de Ocampo|Ciudad Hidalgo|61101|16|61101||09|034|3240|Urbano|03
61120|Talismán II|Colonia|Hidalgo|Michoacán de Ocampo|Ciudad Hidalgo|61101|16|61101||09|034|4845|Urbano|03
61125|Plan de Ayala|Colonia|Hidalgo|Michoacán de Ocampo|Ciudad Hidalgo|61101|16|61101||09|034|2137|Urbano|03
61125|Las Rosas|Colonia|Hidalgo|Michoacán de Ocampo|Ciudad Hidalgo|61101|16|61101||09|034|3223|Urbano|03
61125|San Antonio de las Palmas I|Colonia|Hidalgo|Michoacán de Ocampo|Ciudad Hidalgo|61101|16|61101||09|034|3251|Urbano|03
61125|El Arenal|Colonia|Hidalgo|Michoacán de Ocampo|Ciudad Hidalgo|61101|16|61101||09|034|3252|Urbano|03
61125|Rancho de Ponce|Colonia|Hidalgo|Michoacán de Ocampo|Ciudad Hidalgo|61101|16|61101||09|034|4920|Urbano|03
61128|Independencia (Zapote)|Colonia|Hidalgo|Michoacán de Ocampo|Ciudad Hidalgo|61101|16|61101||09|034|2138|Urbano|03
61128|La Perla|Colonia|Hidalgo|Michoacán de Ocampo|Ciudad Hidalgo|61101|16|61101||09|034|2139|Urbano|03
61128|San Antonio de las Palmas II|Colonia|Hidalgo|Michoacán de Ocampo|Ciudad Hidalgo|61101|16|61101||09|034|3428|Urbano|03
61128|Los Corros|Colonia|Hidalgo|Michoacán de Ocampo|Ciudad Hidalgo|61101|16|61101||09|034|3830|Urbano|03
61128|3 de Mayo|Colonia|Hidalgo|Michoacán de Ocampo|Ciudad Hidalgo|61101|16|61101||09|034|4156|Urbano|03
61128|Rancho de Corros|Colonia|Hidalgo|Michoacán de Ocampo|Ciudad Hidalgo|61101|16|61101||09|034|4844|Urbano|03
61129|San Antonio de Las Palmas|Colonia|Hidalgo|Michoacán de Ocampo|Ciudad Hidalgo|61101|16|61101||09|034|2140|Urbano|03
61130|Contreras|Colonia|Hidalgo|Michoacán de Ocampo|Ciudad Hidalgo|61101|16|61101||09|034|2141|Urbano|03
61133|Alborada Socialista|Colonia|Hidalgo|Michoacán de Ocampo|Ciudad Hidalgo|61101|16|61101||09|034|3185|Urbano|03
61134|Los Gigantes|Colonia|Hidalgo|Michoacán de Ocampo|Ciudad Hidalgo|61101|16|61101||09|034|2142|Urbano|03
61134|Morelos Intenciones de La Nación|Colonia|Hidalgo|Michoacán de Ocampo|Ciudad Hidalgo|61101|16|61101||09|034|2143|Urbano|03
61134|Rincón de Dolores|Colonia|Hidalgo|Michoacán de Ocampo|Ciudad Hidalgo|61101|16|61101||09|034|3553|Urbano|03
61134|Valle del Rincón|Colonia|Hidalgo|Michoacán de Ocampo|Ciudad Hidalgo|61101|16|61101||09|034|4152|Urbano|03
61134|Morelos Intenciones de La Nación II|Colonia|Hidalgo|Michoacán de Ocampo|Ciudad Hidalgo|61101|16|61101||09|034|4843|Urbano|03
61135|El Fresno II|Colonia|Hidalgo|Michoacán de Ocampo|Ciudad Hidalgo|61101|16|61101||09|034|0001|Urbano|03
61135|El Campestre|Colonia|Hidalgo|Michoacán de Ocampo|Ciudad Hidalgo|61101|16|61101||09|034|3196|Urbano|03
61135|La Esperanza|Colonia|Hidalgo|Michoacán de Ocampo|Ciudad Hidalgo|61101|16|61101||09|034|3215|Urbano|03
61136|Las Américas|Colonia|Hidalgo|Michoacán de Ocampo|Ciudad Hidalgo|61101|16|61101||09|034|2145|Urbano|03
61136|Los Sauces|Colonia|Hidalgo|Michoacán de Ocampo|Ciudad Hidalgo|61101|16|61101||09|034|2146|Urbano|03
61137|Los Fresnos|Colonia|Hidalgo|Michoacán de Ocampo|Ciudad Hidalgo|61101|16|61101||09|034|2147|Urbano|03
61137|Otilio Montaño|Colonia|Hidalgo|Michoacán de Ocampo|Ciudad Hidalgo|61101|16|61101||09|034|2148|Urbano|03
61137|Insurgentes|Fraccionamiento|Hidalgo|Michoacán de Ocampo|Ciudad Hidalgo|61101|16|61101||21|034|3208|Urbano|03
61137|La Ciénega|Colonia|Hidalgo|Michoacán de Ocampo|Ciudad Hidalgo|61101|16|61101||09|034|3214|Urbano|03
61137|La Villa|Colonia|Hidalgo|Michoacán de Ocampo|Ciudad Hidalgo|61101|16|61101||09|034|3220|Urbano|03
61139|Aurora|Colonia|Hidalgo|Michoacán de Ocampo|Ciudad Hidalgo|61101|16|61101||09|034|2149|Urbano|03
61140|La Morita|Colonia|Hidalgo|Michoacán de Ocampo|Ciudad Hidalgo|61101|16|61101||09|034|2150|Urbano|03
61140|Rinconada|Colonia|Hidalgo|Michoacán de Ocampo|Ciudad Hidalgo|61101|16|61101||09|034|3219|Urbano|03
61143|Los Pinos|Colonia|Hidalgo|Michoacán de Ocampo|Ciudad Hidalgo|61101|16|61101||09|034|2153|Urbano|03
61149|La Estación|Colonia|Hidalgo|Michoacán de Ocampo|Ciudad Hidalgo|61101|16|61101||09|034|2154|Urbano|03
61149|Niños Héroes|Colonia|Hidalgo|Michoacán de Ocampo|Ciudad Hidalgo|61101|16|61101||09|034|2155|Urbano|03
61150|Lázaro Cárdenas|Colonia|Hidalgo|Michoacán de Ocampo|Ciudad Hidalgo|61101|16|61101||09|034|2156|Urbano|03
61150|Mariano Matamoros|Colonia|Hidalgo|Michoacán de Ocampo|Ciudad Hidalgo|61101|16|61101||09|034|2157|Urbano|03
61150|Vasco de Quiroga|Colonia|Hidalgo|Michoacán de Ocampo|Ciudad Hidalgo|61101|16|61101||09|034|2158|Urbano|03
61150|Puerta del Sol|Fraccionamiento|Hidalgo|Michoacán de Ocampo|Ciudad Hidalgo|61101|16|61101||21|034|3233|Urbano|03
61150|San Isidro|Colonia|Hidalgo|Michoacán de Ocampo|Ciudad Hidalgo|61101|16|61101||09|034|3238|Urbano|03
61150|Valle del Jaral|Fraccionamiento|Hidalgo|Michoacán de Ocampo|Ciudad Hidalgo|61101|16|61101||21|034|3245|Urbano|03
61150|Santa Rosa|Fraccionamiento|Hidalgo|Michoacán de Ocampo|Ciudad Hidalgo|61101|16|61101||21|034|4155|Urbano|03
61153|El Jaral|Colonia|Hidalgo|Michoacán de Ocampo|Ciudad Hidalgo|61101|16|61101||09|034|2159|Urbano|03
61153|La Antena|Colonia|Hidalgo|Michoacán de Ocampo|Ciudad Hidalgo|61101|16|61101||09|034|3212|Urbano|03
61153|Lomas del Jaral|Colonia|Hidalgo|Michoacán de Ocampo|Ciudad Hidalgo|61101|16|61101||09|034|4157|Urbano|03
61153|Lomas del Jaral II|Colonia|Hidalgo|Michoacán de Ocampo|Ciudad Hidalgo|61101|16|61101||09|034|4158|Urbano|03
61153|Lomas del Jaral III|Colonia|Hidalgo|Michoacán de Ocampo|Ciudad Hidalgo|61101|16|61101||09|034|4159|Urbano|03
61153|Aquiles Córdova|Colonia|Hidalgo|Michoacán de Ocampo|Ciudad Hidalgo|61101|16|61101||09|034|4160|Urbano|03
61153|La Palma|Colonia|Hidalgo|Michoacán de Ocampo|Ciudad Hidalgo|61101|16|61101||09|034|4918|Urbano|03
61154|Francisco Villa|Colonia|Hidalgo|Michoacán de Ocampo|Ciudad Hidalgo|61101|16|61101||09|034|2160|Urbano|03
61154|Tiro al Blanco|Colonia|Hidalgo|Michoacán de Ocampo|Ciudad Hidalgo|61101|16|61101||09|034|2161|Urbano|03
61154|Francisco Villa III|Colonia|Hidalgo|Michoacán de Ocampo|Ciudad Hidalgo|61101|16|61101||09|034|3206|Urbano|03
61154|Villa Hidalgo|Colonia|Hidalgo|Michoacán de Ocampo|Ciudad Hidalgo|61101|16|61101||09|034|3246|Urbano|03
61155|La Herradura|Colonia|Hidalgo|Michoacán de Ocampo|Ciudad Hidalgo|61101|16|61101||09|034|0168|Urbano|03
61155|Fresno I|Colonia|Hidalgo|Michoacán de Ocampo|Ciudad Hidalgo|61101|16|61101||09|034|2162|Urbano|03
61155|Fresno II|Colonia|Hidalgo|Michoacán de Ocampo|Ciudad Hidalgo|61101|16|61101||09|034|2163|Urbano|03
61155|Reforma|Colonia|Hidalgo|Michoacán de Ocampo|Ciudad Hidalgo|61101|16|61101||09|034|2164|Urbano|03
61155|San Miguel|Colonia|Hidalgo|Michoacán de Ocampo|Ciudad Hidalgo|61101|16|61101||09|034|2165|Urbano|03
61155|Cedritos|Colonia|Hidalgo|Michoacán de Ocampo|Ciudad Hidalgo|61101|16|61101||09|034|3192|Urbano|03
61155|Progreso|Colonia|Hidalgo|Michoacán de Ocampo|Ciudad Hidalgo|61101|16|61101||09|034|3231|Urbano|03
61155|Rancho San Joaquín|Colonia|Hidalgo|Michoacán de Ocampo|Ciudad Hidalgo|61101|16|61101||09|034|3234|Urbano|03
61155|Tejocotes Dulces|Colonia|Hidalgo|Michoacán de Ocampo|Ciudad Hidalgo|61101|16|61101||09|034|3241|Urbano|03
61155|Juan Pablo II|Colonia|Hidalgo|Michoacán de Ocampo|Ciudad Hidalgo|61101|16|61101||09|034|3835|Urbano|03
61155|Perseverancia Ecológica|Colonia|Hidalgo|Michoacán de Ocampo|Ciudad Hidalgo|61101|16|61101||09|034|3840|Urbano|03
61155|Valle de Guadalupe|Colonia|Hidalgo|Michoacán de Ocampo|Ciudad Hidalgo|61101|16|61101||09|034|3847|Urbano|03
61155|El Naranjo|Colonia|Hidalgo|Michoacán de Ocampo|Ciudad Hidalgo|61101|16|61101||09|034|4161|Urbano|03
61155|La Loma de José Álvarez|Colonia|Hidalgo|Michoacán de Ocampo|Ciudad Hidalgo|61101|16|61101||09|034|4162|Urbano|03
61155|El Fresno 2da. Etapa|Colonia|Hidalgo|Michoacán de Ocampo|Ciudad Hidalgo|61101|16|61101||09|034|4841|Urbano|03
61156|El Porvenir|Colonia|Hidalgo|Michoacán de Ocampo|Ciudad Hidalgo|61101|16|61101||09|034|2166|Urbano|03
61160|La Regadera|Colonia|Hidalgo|Michoacán de Ocampo|Ciudad Hidalgo|61101|16|61101||09|034|2167|Urbano|03
61164|El Potrero|Colonia|Hidalgo|Michoacán de Ocampo|Ciudad Hidalgo|61101|16|61101||09|034|4178|Urbano|03
61165|Bosque de La Virgen|Colonia|Hidalgo|Michoacán de Ocampo|Ciudad Hidalgo|61101|16|61101||09|034|3189|Urbano|03
61165|Ampliación El Molino|Colonia|Hidalgo|Michoacán de Ocampo|Ciudad Hidalgo|61101|16|61101||09|034|3199|Urbano|03
61165|Ampliación Fábrica La Virgen|Colonia|Hidalgo|Michoacán de Ocampo|Ciudad Hidalgo|61101|16|61101||09|034|3205|Urbano|03
61165|La Ale|Fraccionamiento|Hidalgo|Michoacán de Ocampo|Ciudad Hidalgo|61101|16|61101||21|034|3211|Urbano|03
61165|Presa La Virgen|Colonia|Hidalgo|Michoacán de Ocampo|Ciudad Hidalgo|61101|16|61101||09|034|3229|Urbano|03
61165|Fábrica La Virgen|Colonia|Hidalgo|Michoacán de Ocampo|Ciudad Hidalgo|61101|16|61101||09|034|4847|Urbano|03
61166|El Bosque|Colonia|Hidalgo|Michoacán de Ocampo|Ciudad Hidalgo|61101|16|61101||09|034|2168|Urbano|03
61166|La Tenería|Colonia|Hidalgo|Michoacán de Ocampo|Ciudad Hidalgo|61101|16|61101||09|034|2169|Urbano|03
61166|Rosa de Castilla|Colonia|Hidalgo|Michoacán de Ocampo|Ciudad Hidalgo|61101|16|61101||09|034|2170|Urbano|03
61166|Arboledas del Río|Colonia|Hidalgo|Michoacán de Ocampo|Ciudad Hidalgo|61101|16|61101||09|034|3186|Urbano|03
61166|El Calicanto|Colonia|Hidalgo|Michoacán de Ocampo|Ciudad Hidalgo|61101|16|61101||09|034|3195|Urbano|03
61166|La Presa|Colonia|Hidalgo|Michoacán de Ocampo|Ciudad Hidalgo|61101|16|61101||09|034|4173|Urbano|03
61167|El Pilón|Fraccionamiento|Hidalgo|Michoacán de Ocampo|Ciudad Hidalgo|61101|16|61101||21|034|4171|Urbano|03
61168|Eréndira|Colonia|Hidalgo|Michoacán de Ocampo|Ciudad Hidalgo|61101|16|61101||09|034|2171|Urbano|03
61169|Río Chiquito|Colonia|Hidalgo|Michoacán de Ocampo|Ciudad Hidalgo|61101|16|61101||09|034|2172|Urbano|03
61169|Balcones del Sur|Colonia|Hidalgo|Michoacán de Ocampo|Ciudad Hidalgo|61101|16|61101||09|034|3187|Urbano|03
61169|Cuauhtémoc Sur|Colonia|Hidalgo|Michoacán de Ocampo|Ciudad Hidalgo|61101|16|61101||09|034|3194|Urbano|03
61169|Perales y Ailitos|Colonia|Hidalgo|Michoacán de Ocampo|Ciudad Hidalgo|61101|16|61101||09|034|3235|Urbano|03
61169|El Rosario|Colonia|Hidalgo|Michoacán de Ocampo|Ciudad Hidalgo|61101|16|61101||09|034|4174|Urbano|03
61170|Lienzo Charro|Colonia|Hidalgo|Michoacán de Ocampo|Ciudad Hidalgo|61101|16|61101||09|034|2173|Urbano|03
61170|Llanos del Ejido|Colonia|Hidalgo|Michoacán de Ocampo|Ciudad Hidalgo|61101|16|61101||09|034|2174|Urbano|03
61170|San Francisco|Fraccionamiento|Hidalgo|Michoacán de Ocampo|Ciudad Hidalgo|61101|16|61101||21|034|3236|Urbano|03
61170|Tlaximaloyan|Colonia|Hidalgo|Michoacán de Ocampo|Ciudad Hidalgo|61101|16|61101||09|034|3243|Urbano|03
61170|Francisco Dávalos|Colonia|Hidalgo|Michoacán de Ocampo|Ciudad Hidalgo|61101|16|61101||09|034|3833|Urbano|03
61170|Patriotismo|Colonia|Hidalgo|Michoacán de Ocampo|Ciudad Hidalgo|61101|16|61101||09|034|3839|Urbano|03
61173|Lomas del Hidalgo|Colonia|Hidalgo|Michoacán de Ocampo|Ciudad Hidalgo|61101|16|61101||09|034|2175|Urbano|03
61173|Tizates|Colonia|Hidalgo|Michoacán de Ocampo|Ciudad Hidalgo|61101|16|61101||09|034|2176|Urbano|03
61173|El Mirador de Dolores|Colonia|Hidalgo|Michoacán de Ocampo|Ciudad Hidalgo|61101|16|61101||09|034|3198|Urbano|03
61173|Tepetates|Colonia|Hidalgo|Michoacán de Ocampo|Ciudad Hidalgo|61101|16|61101||09|034|3242|Urbano|03
61174|El Mirador|Colonia|Hidalgo|Michoacán de Ocampo|Ciudad Hidalgo|61101|16|61101||09|034|3197|Urbano|03
61174|Loma de Enmedio|Colonia|Hidalgo|Michoacán de Ocampo|Ciudad Hidalgo|61101|16|61101||09|034|3224|Urbano|03
61174|La Loma|Colonia|Hidalgo|Michoacán de Ocampo|Ciudad Hidalgo|61101|16|61101||09|034|3253|Urbano|03
61174|San Carlos|Fraccionamiento|Hidalgo|Michoacán de Ocampo|Ciudad Hidalgo|61101|16|61101||21|034|4172|Urbano|03
61174|Barranquitas|Colonia|Hidalgo|Michoacán de Ocampo|Ciudad Hidalgo|61101|16|61101||09|034|4175|Urbano|03
61177|Los Pinitos de Taximaroa|Colonia|Hidalgo|Michoacán de Ocampo|Ciudad Hidalgo|61101|16|61101||09|034|4177|Urbano|03
61180|Monte Bello|Colonia|Hidalgo|Michoacán de Ocampo|Ciudad Hidalgo|61101|16|61101||09|034|2178|Urbano|03
61180|Santa María|Colonia|Hidalgo|Michoacán de Ocampo|Ciudad Hidalgo|61101|16|61101||09|034|2179|Urbano|03
61180|Monte Bello II|Colonia|Hidalgo|Michoacán de Ocampo|Ciudad Hidalgo|61101|16|61101||09|034|3228|Urbano|03
61182|El Moral I|Colonia|Hidalgo|Michoacán de Ocampo|Ciudad Hidalgo|61101|16|61101||09|034|2180|Urbano|03
61182|El Moral II|Colonia|Hidalgo|Michoacán de Ocampo|Ciudad Hidalgo|61101|16|61101||09|034|2181|Urbano|03
61182|La Virgen|Colonia|Hidalgo|Michoacán de Ocampo|Ciudad Hidalgo|61101|16|61101||09|034|2182|Urbano|03
61183|Camino Nuevo|Colonia|Hidalgo|Michoacán de Ocampo|Ciudad Hidalgo|61101|16|61101||09|034|3191|Urbano|03
61183|José María Morelos|Colonia|Hidalgo|Michoacán de Ocampo|Ciudad Hidalgo|61101|16|61101||09|034|3209|Urbano|03
61183|Puertas del Oriente|Fraccionamiento|Hidalgo|Michoacán de Ocampo|Ciudad Hidalgo|61101|16|61101||21|034|4170|Urbano|03
61190|Cuitzillos|Colonia|Hidalgo|Michoacán de Ocampo|Ciudad Hidalgo|61101|16|61101||09|034|2183|Urbano|03
61190|La Puerta|Colonia|Hidalgo|Michoacán de Ocampo|Ciudad Hidalgo|61101|16|61101||09|034|2184|Urbano|03
61190|Loma Linda|Colonia|Hidalgo|Michoacán de Ocampo|Ciudad Hidalgo|61101|16|61101||09|034|2185|Urbano|03
61190|Tierras Coloradas|Colonia|Hidalgo|Michoacán de Ocampo|Ciudad Hidalgo|61101|16|61101||09|034|2186|Urbano|03
61190|Kitzia|Fraccionamiento|Hidalgo|Michoacán de Ocampo|Ciudad Hidalgo|61101|16|61101||21|034|3210|Urbano|03
61190|La Joya|Colonia|Hidalgo|Michoacán de Ocampo|Ciudad Hidalgo|61101|16|61101||09|034|3216|Urbano|03
61190|La Libertad|Colonia|Hidalgo|Michoacán de Ocampo|Ciudad Hidalgo|61101|16|61101||09|034|3217|Urbano|03
61190|López Rayón|Colonia|Hidalgo|Michoacán de Ocampo|Ciudad Hidalgo|61101|16|61101||09|034|3225|Urbano|03
61190|Vista Bella|Colonia|Hidalgo|Michoacán de Ocampo|Ciudad Hidalgo|61101|16|61101||09|034|3247|Urbano|03
61190|Puerta del Sol|Colonia|Hidalgo|Michoacán de Ocampo|Ciudad Hidalgo|61101|16|61101||09|034|3831|Urbano|03
61190|El Trébol|Colonia|Hidalgo|Michoacán de Ocampo|Ciudad Hidalgo|61101|16|61101||09|034|3832|Urbano|03
61190|La Magdalena|Colonia|Hidalgo|Michoacán de Ocampo|Ciudad Hidalgo|61101|16|61101||09|034|3836|Urbano|03
61190|Los Ángeles|Fraccionamiento|Hidalgo|Michoacán de Ocampo|Ciudad Hidalgo|61101|16|61101||21|034|3837|Urbano|03
61190|San Lázaro|Colonia|Hidalgo|Michoacán de Ocampo|Ciudad Hidalgo|61101|16|61101||09|034|3844|Urbano|03
61190|San Lázaro II|Colonia|Hidalgo|Michoacán de Ocampo|Ciudad Hidalgo|61101|16|61101||09|034|3845|Urbano|03
61190|San Pablo|Colonia|Hidalgo|Michoacán de Ocampo|Ciudad Hidalgo|61101|16|61101||09|034|3846|Urbano|03
61192|Camelinas|Colonia|Hidalgo|Michoacán de Ocampo|Ciudad Hidalgo|61101|16|61101||09|034|3190|Urbano|03
61192|Emiliano Zapata|Colonia|Hidalgo|Michoacán de Ocampo|Ciudad Hidalgo|61101|16|61101||09|034|3204|Urbano|03
61192|Los Viveros|Colonia|Hidalgo|Michoacán de Ocampo|Ciudad Hidalgo|61101|16|61101||09|034|3249|Urbano|03
61192|Luis Donaldo Colosio|Colonia|Hidalgo|Michoacán de Ocampo|Ciudad Hidalgo|61101|16|61101||09|034|3838|Urbano|03
61192|Villa Etelvina|Fraccionamiento|Hidalgo|Michoacán de Ocampo|Ciudad Hidalgo|61101|16|61101||21|034|4176|Urbano|03
61192|Tierras Coloradas II|Colonia|Hidalgo|Michoacán de Ocampo|Ciudad Hidalgo|61101|16|61101||09|034|4846|Urbano|03
61194|Jardines de Hidalgo|Colonia|Hidalgo|Michoacán de Ocampo|Ciudad Hidalgo|61101|16|61101||09|034|2187|Urbano|03
61194|El Paraíso|Colonia|Hidalgo|Michoacán de Ocampo|Ciudad Hidalgo|61101|16|61101||09|034|3201|Urbano|03
61194|Taxi Maroa 400|Colonia|Hidalgo|Michoacán de Ocampo|Ciudad Hidalgo|61101|16|61101||09|034|3427|Urbano|03
61194|Bugambilias|Colonia|Hidalgo|Michoacán de Ocampo|Ciudad Hidalgo|61101|16|61101||09|034|4163|Urbano|03
61194|Las Margaritas|Fraccionamiento|Hidalgo|Michoacán de Ocampo|Ciudad Hidalgo|61101|16|61101||21|034|4165|Urbano|03
61194|Valle de Hidalgo|Fraccionamiento|Hidalgo|Michoacán de Ocampo|Ciudad Hidalgo|61101|16|61101||21|034|4166|Urbano|03
61194|Agua Quemada|Fraccionamiento|Hidalgo|Michoacán de Ocampo|Ciudad Hidalgo|61101|16|61101||21|034|4167|Urbano|03
61194|La Cascada|Fraccionamiento|Hidalgo|Michoacán de Ocampo|Ciudad Hidalgo|61101|16|61101||21|034|4168|Urbano|03
61194|La Antorcha Campesina|Colonia|Hidalgo|Michoacán de Ocampo|Ciudad Hidalgo|61101|16|61101||09|034|4169|Urbano|03
61195|La Pradera|Colonia|Hidalgo|Michoacán de Ocampo|Ciudad Hidalgo|61101|16|61101||09|034|2188|Urbano|03
61196|Presa de Chávez|Fraccionamiento|Hidalgo|Michoacán de Ocampo|Ciudad Hidalgo|61101|16|61101||21|034|3218|Urbano|03
61196|Camino Real|Colonia|Hidalgo|Michoacán de Ocampo|Ciudad Hidalgo|61101|16|61101||09|034|4164|Urbano|03
61200|Los Tizates (Llano de la Tecata)|Rancho|Hidalgo|Michoacán de Ocampo||61101|16|61101||48|034|0113|Urbano|
61201|5 de Mayo|Colonia|Hidalgo|Michoacán de Ocampo||61101|16|61101||09|034|0008|Urbano|
61201|San Bartolo Cuitareo|Pueblo|Hidalgo|Michoacán de Ocampo||61101|16|61101||28|034|2195|Urbano|
61203|El Cortijo|Rancho|Hidalgo|Michoacán de Ocampo||61101|16|61101||48|034|0046|Rural|
61203|El Nogal|Rancho|Hidalgo|Michoacán de Ocampo||61101|16|61101||48|034|0056|Rural|
61203|Grandemira|Rancho|Hidalgo|Michoacán de Ocampo||61101|16|61101||48|034|0068|Rural|
61203|La Huerta|Ranchería|Hidalgo|Michoacán de Ocampo||61101|16|61101||29|034|0075|Rural|
61203|La Mina Vieja|Rancho|Hidalgo|Michoacán de Ocampo||61101|16|61101||48|034|0079|Rural|
61203|Las Galeras|Rancho|Hidalgo|Michoacán de Ocampo||61101|16|61101||48|034|0096|Rural|
61203|Rancho Grande|Ranchería|Hidalgo|Michoacán de Ocampo||61101|16|61101||29|034|0138|Rural|
61203|El Chaparro|Colonia|Hidalgo|Michoacán de Ocampo||61101|16|61101||09|034|2189|Rural|
61203|Huaniqueo|Pueblo|Hidalgo|Michoacán de Ocampo||61101|16|61101||28|034|2190|Rural|
61203|Benito Juárez|Pueblo|Hidalgo|Michoacán de Ocampo||61101|16|61101||28|034|2193|Rural|
61203|Las Caleras|Ranchería|Hidalgo|Michoacán de Ocampo||61101|16|61101||29|034|2196|Rural|
61203|Las Grutas|Ranchería|Hidalgo|Michoacán de Ocampo||61101|16|61101||29|034|2197|Rural|
61203|Puerto de Cuitareo (Puerto del Sagrado Corazón)|Ranchería|Hidalgo|Michoacán de Ocampo||61101|16|61101||29|034|2198|Rural|
61204|El Convento (El Encuentro)|Rancho|Hidalgo|Michoacán de Ocampo||61101|16|61101||48|034|0044|Urbano|
61204|El Potrero de la Virgen|Rancho|Hidalgo|Michoacán de Ocampo||61101|16|61101||48|034|0059|Rural|
61204|La Ciénega|Ranchería|Hidalgo|Michoacán de Ocampo||61101|16|61101||29|034|0072|Rural|
61204|La Mesa|Rancho|Hidalgo|Michoacán de Ocampo||61101|16|61101||48|034|0077|Rural|
61204|Loma Seca|Rancho|Hidalgo|Michoacán de Ocampo||61101|16|61101||48|034|0105|Rural|
61204|Magallanes (Los Pinos)|Ranchería|Hidalgo|Michoacán de Ocampo||61101|16|61101||29|034|0114|Rural|
61204|Plan de Santa Rosa (Plan de Huaniqueo)|Rancho|Hidalgo|Michoacán de Ocampo||61101|16|61101||48|034|0131|Rural|
61204|Santa Rosa|Rancho|Hidalgo|Michoacán de Ocampo||61101|16|61101||48|034|0149|Rural|
61204|La Resinera|Ranchería|Hidalgo|Michoacán de Ocampo||61101|16|61101||29|034|0163|Rural|
61204|Solache|Pueblo|Hidalgo|Michoacán de Ocampo||61101|16|61101||28|034|2200|Rural|
61205|La Alborada (El Pavo)|Rancho|Hidalgo|Michoacán de Ocampo||61101|16|61101||48|034|0033|Urbano|
61205|El Pavo (Ojo de Agua)|Ranchería|Hidalgo|Michoacán de Ocampo||61101|16|61101||29|034|0057|Rural|
61205|Tembendado (Temendao)|Rancho|Hidalgo|Michoacán de Ocampo||61101|16|61101||48|034|0152|Rural|
61205|Ecológica de Tembendado|Colonia|Hidalgo|Michoacán de Ocampo||61101|16|61101||09|034|0167|Rural|
61206|El Pitorreal (Cerro Prieto)|Ranchería|Hidalgo|Michoacán de Ocampo||61101|16|61101||29|034|0058|Rural|
61206|Manzana de Alcalá (Janamoro)|Ranchería|Hidalgo|Michoacán de Ocampo||61101|16|61101||29|034|0116|Rural|
61206|Rincón de Arriba (Janamoro)|Rancho|Hidalgo|Michoacán de Ocampo||61101|16|61101||48|034|0139|Rural|
61206|Camino a los Pozos|Rancho|Hidalgo|Michoacán de Ocampo||61101|16|61101||48|034|0160|Urbano|
61206|Héroes de Reforma|Rancho|Hidalgo|Michoacán de Ocampo||61101|16|61101||48|034|0165|Urbano|
61206|Rincón de Escobedo (Janamoro)|Ranchería|Hidalgo|Michoacán de Ocampo||61101|16|61101||29|034|2203|Rural|
61206|Agua del Pino|Ranchería|Hidalgo|Michoacán de Ocampo||61101|16|61101||29|034|2205|Rural|
61207|El Jaral (Janamoro)|Ranchería|Hidalgo|Michoacán de Ocampo||61101|16|61101||29|034|0050|Rural|
61207|Joyas de Birruete (Janamoro)|Pueblo|Hidalgo|Michoacán de Ocampo||61101|16|61101||28|034|2204|Rural|
61210|Arroyo Zarco|Rancho|Hidalgo|Michoacán de Ocampo||61101|16|61101||48|034|0025|Rural|
61210|Casa Blanca|Rancho|Hidalgo|Michoacán de Ocampo||61101|16|61101||48|034|0030|Rural|
61210|Ejido Rincón de Rubios (Rancho Ruiz)|Ranchería|Hidalgo|Michoacán de Ocampo||61101|16|61101||29|034|0037|Rural|
61210|Tierras Coloradas (San Pedro)|Pueblo|Hidalgo|Michoacán de Ocampo||61101|16|61101||28|034|0153|Rural|
61210|La Teja|Ranchería|Hidalgo|Michoacán de Ocampo||61101|16|61101||29|034|2206|Rural|
61210|San Pedro Jácuaro (Las Joyas)|Pueblo|Hidalgo|Michoacán de Ocampo||61101|16|61101||28|034|2208|Rural|
61210|La Cuadrilla (Los Capulines)|Ranchería|Hidalgo|Michoacán de Ocampo||61101|16|61101||29|034|2210|Rural|
61211|20 de Noviembre|Colonia|Hidalgo|Michoacán de Ocampo||61101|16|61101||09|034|0012|Urbano|
61211|Piedra Azul|Colonia|Hidalgo|Michoacán de Ocampo||61101|16|61101||09|034|0013|Urbano|
61211|El Sol|Colonia|Hidalgo|Michoacán de Ocampo||61101|16|61101||09|034|0014|Urbano|
61211|El Valle|Colonia|Hidalgo|Michoacán de Ocampo||61101|16|61101||09|034|0015|Urbano|
61211|La Cruz|Colonia|Hidalgo|Michoacán de Ocampo||61101|16|61101||09|034|0016|Urbano|
61211|La Puente|Colonia|Hidalgo|Michoacán de Ocampo||61101|16|61101||09|034|0017|Urbano|
61211|Paraíso|Colonia|Hidalgo|Michoacán de Ocampo||61101|16|61101||09|034|0018|Urbano|
61211|Teocalli|Colonia|Hidalgo|Michoacán de Ocampo||61101|16|61101||09|034|0019|Urbano|
61211|San Matías Grande|Pueblo|Hidalgo|Michoacán de Ocampo||61101|16|61101||28|034|2212|Urbano|
61213|Estanco de San Matías|Ranchería|Hidalgo|Michoacán de Ocampo||61101|16|61101||29|034|0066|Rural|
61213|San Isidro Alta Huerta|Ranchería|Hidalgo|Michoacán de Ocampo||61101|16|61101||29|034|2209|Rural|
61213|Rincón de Rubios (Ejidos)|Ranchería|Hidalgo|Michoacán de Ocampo||61101|16|61101||29|034|2214|Rural|
61214|Rosa del Maíz|Rancho|Hidalgo|Michoacán de Ocampo||61101|16|61101||48|034|0142|Rural|
61214|Mesa de Guadalupe (La Noria)|Ranchería|Hidalgo|Michoacán de Ocampo||61101|16|61101||29|034|2211|Rural|
61214|Casas Pintas|Ranchería|Hidalgo|Michoacán de Ocampo||61101|16|61101||29|034|2215|Rural|
61215|El Capulín|Rancho|Hidalgo|Michoacán de Ocampo||61101|16|61101||48|034|0040|Rural|
61215|El Muerto|Rancho|Hidalgo|Michoacán de Ocampo||61101|16|61101||48|034|0055|Rural|
61215|Mesa de Nazario (Los Pozos)|Rancho|Hidalgo|Michoacán de Ocampo||61101|16|61101||48|034|0119|Rural|
61215|Piedra del Molino|Rancho|Hidalgo|Michoacán de Ocampo||61101|16|61101||48|034|0161|Urbano|
61215|La Verónica|Ranchería|Hidalgo|Michoacán de Ocampo||61101|16|61101||29|034|0162|Rural|
61215|Colonias Unidas|Rancho|Hidalgo|Michoacán de Ocampo||61101|16|61101||48|034|0164|Urbano|
61215|Los Pozos|Ranchería|Hidalgo|Michoacán de Ocampo||61101|16|61101||29|034|2207|Rural|
61216|Palomas San Isidro|Ranchería|Hidalgo|Michoacán de Ocampo||61101|16|61101||29|034|0123|Rural|
61216|Palomillas|Ranchería|Hidalgo|Michoacán de Ocampo||61101|16|61101||29|034|0124|Rural|
61216|Tacario|Ranchería|Hidalgo|Michoacán de Ocampo||61101|16|61101||29|034|2216|Rural|
61217|Agua Fría (Pízcuaro)|Rancho|Hidalgo|Michoacán de Ocampo||61101|16|61101||48|034|0024|Rural|
61217|Laguna Larga|Rancho|Hidalgo|Michoacán de Ocampo||61101|16|61101||48|034|0088|Rural|
61217|Los Ajolotes|Rancho|Hidalgo|Michoacán de Ocampo||61101|16|61101||48|034|0107|Rural|
61217|Los Baños de San Pedro (Eréndira)|Rancho|Hidalgo|Michoacán de Ocampo||61101|16|61101||48|034|0108|Rural|
61217|Los Tejamaniles (Rancho Viejo)|Rancho|Hidalgo|Michoacán de Ocampo||61101|16|61101||48|034|0112|Rural|
61220|El Charco|Rancho|Hidalgo|Michoacán de Ocampo||61101|16|61101||48|034|0043|Rural|
61220|Rincón del Escobal (La Bóveda)|Ranchería|Hidalgo|Michoacán de Ocampo||61101|16|61101||29|034|0141|Rural|
61220|Huajúmbaro|Pueblo|Hidalgo|Michoacán de Ocampo||61101|16|61101||28|034|2217|Rural|
61220|La Venta de San Andrés|Ranchería|Hidalgo|Michoacán de Ocampo||61101|16|61101||29|034|2218|Rural|
61222|La Parada (Desviación a Huajúmbaro)|Ranchería|Hidalgo|Michoacán de Ocampo||61101|16|61101||29|034|0083|Rural|
61222|Mesa de Mil Cumbres|Rancho|Hidalgo|Michoacán de Ocampo||61101|16|61101||48|034|0118|Rural|
61222|Mil Cumbres|Rancho|Hidalgo|Michoacán de Ocampo||61101|16|61101||48|034|0120|Rural|
61222|Pino Gordo|Rancho|Hidalgo|Michoacán de Ocampo||61101|16|61101||48|034|0130|Rural|
61222|Rincón de Pitahayas|Rancho|Hidalgo|Michoacán de Ocampo||61101|16|61101||48|034|0140|Rural|
61222|Arroyo Atascoso|Rancho|Hidalgo|Michoacán de Ocampo||61101|16|61101||48|034|0159|Rural|
61222|Arroyo Largo|Ranchería|Hidalgo|Michoacán de Ocampo||61101|16|61101||29|034|2219|Rural|
61222|El Pedregal|Ranchería|Hidalgo|Michoacán de Ocampo||61101|16|61101||29|034|2220|Rural|
61222|La Mina|Ranchería|Hidalgo|Michoacán de Ocampo||61101|16|61101||29|034|2221|Rural|
61223|Puerto de Pucuato (La Cooperativa)|Ranchería|Hidalgo|Michoacán de Ocampo||61101|16|61101||29|034|2222|Rural|
61224|San Jerónimo (Rincón de San Jerónimo)|Ranchería|Hidalgo|Michoacán de Ocampo||61101|16|61101||29|034|0067|Rural|
61224|Las Pilas|Ranchería|Hidalgo|Michoacán de Ocampo||61101|16|61101||29|034|0099|Rural|
61224|Lázaro Cárdenas|Ranchería|Hidalgo|Michoacán de Ocampo||61101|16|61101||29|034|0103|Rural|
61224|Rancho Alegre|Ranchería|Hidalgo|Michoacán de Ocampo||61101|16|61101||29|034|0137|Rural|
61224|Los Manantiales [Parque]|Equipamiento|Hidalgo|Michoacán de Ocampo||61101|16|61101||17|034|0166|Rural|
61224|Cruz de Caminos|Ranchería|Hidalgo|Michoacán de Ocampo||61101|16|61101||29|034|2223|Rural|
61224|Rincón de San Jerónimo (El Encuentro)|Ranchería|Hidalgo|Michoacán de Ocampo||61101|16|61101||29|034|2224|Rural|
61225|El Porvenir|Ejido|Hidalgo|Michoacán de Ocampo||61101|16|61101||15|034|2225|Rural|
61225|San Jerónimo|Ranchería|Hidalgo|Michoacán de Ocampo||61101|16|61101||29|034|2226|Rural|
61225|San José Irapeo (La Casa del Padre)|Ranchería|Hidalgo|Michoacán de Ocampo||61101|16|61101||29|034|2227|Rural|
61225|San Lucas Huarirapeo (La Mesa de San Lucas)|Colonia|Hidalgo|Michoacán de Ocampo||61101|16|61101||09|034|2228|Rural|
61226|San Nicolás Cuchipitio|Ranchería|Hidalgo|Michoacán de Ocampo||61101|16|61101||29|034|0147|Rural|
61226|Cuchipitio Palos Secos|Ranchería|Hidalgo|Michoacán de Ocampo||61101|16|61101||29|034|2229|Rural|
61227|El Carrizo|Rancho|Hidalgo|Michoacán de Ocampo||61101|16|61101||48|034|0041|Rural|
61227|El Tren|Rancho|Hidalgo|Michoacán de Ocampo||61101|16|61101||48|034|0064|Rural|
61227|Peñuelas (El Tren Peñuelas)|Ranchería|Hidalgo|Michoacán de Ocampo||61101|16|61101||29|034|0127|Rural|
61227|Cieneguillas|Ejido|Hidalgo|Michoacán de Ocampo||61101|16|61101||15|034|2230|Rural|
61228|Agua Blanca|Rancho|Hidalgo|Michoacán de Ocampo||61101|16|61101||48|034|0022|Rural|
61228|Huindo|Rancho|Hidalgo|Michoacán de Ocampo||61101|16|61101||48|034|0070|Rural|
61230|El Capulín|Rancho|Hidalgo|Michoacán de Ocampo||61101|16|61101||48|034|0039|Rural|
61230|El Molcajete|Ranchería|Hidalgo|Michoacán de Ocampo||61101|16|61101||29|034|0054|Rural|
61230|Jaritas de Pucuato|Rancho|Hidalgo|Michoacán de Ocampo||61101|16|61101||48|034|0071|Rural|
61230|La Palma|Rancho|Hidalgo|Michoacán de Ocampo||61101|16|61101||48|034|0081|Rural|
61230|San Isidro|Rancho|Hidalgo|Michoacán de Ocampo||61101|16|61101||48|034|0144|Rural|
61230|El Caracol|Ejido|Hidalgo|Michoacán de Ocampo||61101|16|61101||15|034|2231|Rural|
61230|Pucuato|Ejido|Hidalgo|Michoacán de Ocampo||61101|16|61101||15|034|2232|Rural|
61230|Monte Oscuro (Monte Obscuro)|Ranchería|Hidalgo|Michoacán de Ocampo||61101|16|61101||29|034|2245|Rural|
61231|Buenavista|Colonia|Hidalgo|Michoacán de Ocampo||61101|16|61101||09|034|0009|Urbano|
61231|San José|Colonia|Hidalgo|Michoacán de Ocampo||61101|16|61101||09|034|0010|Urbano|
61231|San Miguel|Colonia|Hidalgo|Michoacán de Ocampo||61101|16|61101||09|034|0011|Urbano|
61231|San Antonio Villalongín|Pueblo|Hidalgo|Michoacán de Ocampo||61101|16|61101||28|034|2236|Urbano|
61233|El Copal|Rancho|Hidalgo|Michoacán de Ocampo||61101|16|61101||48|034|0045|Rural|
61233|Guayabitos|Rancho|Hidalgo|Michoacán de Ocampo||61101|16|61101||48|034|0069|Rural|
61233|Las Esperanzas|Rancho|Hidalgo|Michoacán de Ocampo||61101|16|61101||48|034|0092|Rural|
61233|Loma de en Medio|Rancho|Hidalgo|Michoacán de Ocampo||61101|16|61101||48|034|0104|Rural|
61233|San Rafael|Rancho|Hidalgo|Michoacán de Ocampo||61101|16|61101||48|034|0148|Rural|
61233|Santa Ana|Pueblo|Hidalgo|Michoacán de Ocampo||61101|16|61101||28|034|2238|Rural|
61233|Saucedo|Ranchería|Hidalgo|Michoacán de Ocampo||61101|16|61101||29|034|2239|Rural|
61235|Agua Bendita|Rancho|Hidalgo|Michoacán de Ocampo||61101|16|61101||48|034|0021|Rural|
61235|Agua Escondida|Rancho|Hidalgo|Michoacán de Ocampo||61101|16|61101||48|034|0023|Rural|
61235|El Garrapato|Rancho|Hidalgo|Michoacán de Ocampo||61101|16|61101||48|034|0047|Rural|
61235|El Huarache|Rancho|Hidalgo|Michoacán de Ocampo||61101|16|61101||48|034|0049|Rural|
61235|El Triguito|Rancho|Hidalgo|Michoacán de Ocampo||61101|16|61101||48|034|0065|Rural|
61235|La Zarza|Rancho|Hidalgo|Michoacán de Ocampo||61101|16|61101||48|034|0087|Rural|
61235|Las Presitas|Rancho|Hidalgo|Michoacán de Ocampo||61101|16|61101||48|034|0101|Rural|
61235|Los Patios|Rancho|Hidalgo|Michoacán de Ocampo||61101|16|61101||48|034|0111|Rural|
61235|Barranca el Laurelito|Rancho|Hidalgo|Michoacán de Ocampo||61101|16|61101||48|034|0157|Rural|
61235|Río Hondo|Ranchería|Hidalgo|Michoacán de Ocampo||61101|16|61101||29|034|2235|Rural|
61235|Puente de Tierra|Pueblo|Hidalgo|Michoacán de Ocampo||61101|16|61101||28|034|2237|Rural|
61235|El Salitre|Ejido|Hidalgo|Michoacán de Ocampo||61101|16|61101||15|034|2240|Rural|
61236|Charapio|Rancho|Hidalgo|Michoacán de Ocampo||61101|16|61101||48|034|0032|Rural|
61236|La Palma|Ranchería|Hidalgo|Michoacán de Ocampo||61101|16|61101||29|034|0082|Rural|
61236|Las Frutas|Rancho|Hidalgo|Michoacán de Ocampo||61101|16|61101||48|034|0095|Rural|
61236|Puerto Ventero|Rancho|Hidalgo|Michoacán de Ocampo||61101|16|61101||48|034|0136|Rural|
61236|San Juan de Dios Jauja|Rancho|Hidalgo|Michoacán de Ocampo||61101|16|61101||48|034|0146|Rural|
61236|Serrano|Rancho|Hidalgo|Michoacán de Ocampo||61101|16|61101||48|034|0150|Rural|
61236|Cusio|Rancho|Hidalgo|Michoacán de Ocampo||61101|16|61101||48|034|0155|Rural|
61236|El Astillero (Astilleros)|Ranchería|Hidalgo|Michoacán de Ocampo||61101|16|61101||29|034|2242|Rural|
61237|Las Pitayas Dos|Rancho|Hidalgo|Michoacán de Ocampo||61101|16|61101||48|034|0100|Rural|
61237|Palomas (Cerro del Gallo)|Rancho|Hidalgo|Michoacán de Ocampo||61101|16|61101||48|034|0122|Rural|
61237|Tierras Coloradas|Ranchería|Hidalgo|Michoacán de Ocampo||61101|16|61101||29|034|2233|Rural|
61237|Las Pitayas|Ranchería|Hidalgo|Michoacán de Ocampo||61101|16|61101||29|034|2243|Rural|
61237|Las Palomas|Ranchería|Hidalgo|Michoacán de Ocampo||61101|16|61101||29|034|2244|Rural|
61240|El Castillo|Rancho|Hidalgo|Michoacán de Ocampo||61101|16|61101||48|034|0042|Rural|
61240|El Retranque (La Presa de Pucuato)|Rancho|Hidalgo|Michoacán de Ocampo||61101|16|61101||48|034|0061|Rural|
61240|José María Morelos (Ziripeo)|Pueblo|Hidalgo|Michoacán de Ocampo||61101|16|61101||28|034|2246|Rural|
61241|El Bosque|Fraccionamiento|Hidalgo|Michoacán de Ocampo||61101|16|61101||21|034|0002|Urbano|
61241|El Plan|Colonia|Hidalgo|Michoacán de Ocampo||61101|16|61101||09|034|0003|Urbano|
61241|El Zacatonal|Fraccionamiento|Hidalgo|Michoacán de Ocampo||61101|16|61101||21|034|0004|Urbano|
61241|La Huerta|Fraccionamiento|Hidalgo|Michoacán de Ocampo||61101|16|61101||21|034|0005|Urbano|
61241|Loma Bonita|Fraccionamiento|Hidalgo|Michoacán de Ocampo||61101|16|61101||21|034|0006|Urbano|
61241|Los Pinos|Fraccionamiento|Hidalgo|Michoacán de Ocampo||61101|16|61101||21|034|0007|Urbano|
61241|Agostitlán|Pueblo|Hidalgo|Michoacán de Ocampo||61101|16|61101||28|034|2247|Urbano|
61242|Carindapaz|Rancho|Hidalgo|Michoacán de Ocampo||61251|16|61251||48|034|0029|Rural|
61243|Buenavista|Rancho|Hidalgo|Michoacán de Ocampo||61101|16|61101||48|034|0027|Rural|
61243|Cuitzillos|Ranchería|Hidalgo|Michoacán de Ocampo||61101|16|61101||29|034|0035|Rural|
61243|Dotación la Granja (Los Capulines)|Rancho|Hidalgo|Michoacán de Ocampo||61101|16|61101||48|034|0036|Rural|
61243|La Mesa|Ranchería|Hidalgo|Michoacán de Ocampo||61101|16|61101||29|034|0078|Rural|
61243|La Ortiga|Ranchería|Hidalgo|Michoacán de Ocampo||61101|16|61101||29|034|0080|Rural|
61243|Las Trojas|Rancho|Hidalgo|Michoacán de Ocampo||61101|16|61101||48|034|0102|Rural|
61243|Los Cedritos|Ranchería|Hidalgo|Michoacán de Ocampo||61101|16|61101||29|034|0109|Rural|
61243|Mata Venado|Rancho|Hidalgo|Michoacán de Ocampo||61101|16|61101||48|034|0117|Rural|
61243|Puente las Gallinas|Rancho|Hidalgo|Michoacán de Ocampo||61101|16|61101||48|034|0134|Rural|
61243|La Granja (Puerto la Granja)|Ranchería|Hidalgo|Michoacán de Ocampo||61101|16|61101||29|034|2213|Rural|
61244|Cerro del Macho|Rancho|Hidalgo|Michoacán de Ocampo||61101|16|61101||48|034|0031|Rural|
61244|Mata de Pinos|Ranchería|Hidalgo|Michoacán de Ocampo||61101|16|61101||29|034|0034|Rural|
61244|El Bayo|Rancho|Hidalgo|Michoacán de Ocampo||61101|16|61101||48|034|0038|Rural|
61244|El Tepetate|Rancho|Hidalgo|Michoacán de Ocampo||61101|16|61101||48|034|0063|Rural|
61244|La Libertad (Las Tablas)|Rancho|Hidalgo|Michoacán de Ocampo||61101|16|61101||48|034|0076|Rural|
61244|Las Capillas|Ranchería|Hidalgo|Michoacán de Ocampo||61101|16|61101||29|034|0090|Rural|
61244|Los Mamullos|Rancho|Hidalgo|Michoacán de Ocampo||61101|16|61101||48|034|0110|Rural|
61244|Ojo de Agua del Encino|Rancho|Hidalgo|Michoacán de Ocampo||61101|16|61101||48|034|0121|Rural|
61244|Puente de Vacas|Ranchería|Hidalgo|Michoacán de Ocampo||61101|16|61101||29|034|0132|Rural|
61244|Puente del Encino|Ranchería|Hidalgo|Michoacán de Ocampo||61101|16|61101||29|034|0133|Rural|
61244|Llano de Agostitlán|Ranchería|Hidalgo|Michoacán de Ocampo||61101|16|61101||29|034|2248|Rural|
61244|Mata de Pinos|Ejido|Hidalgo|Michoacán de Ocampo||61101|16|61101||15|034|2250|Rural|
61245|El Garrapato|Rancho|Hidalgo|Michoacán de Ocampo||61101|16|61101||48|034|0048|Rural|
61245|El Tejocote Redondo|Rancho|Hidalgo|Michoacán de Ocampo||61101|16|61101||48|034|0062|Rural|
61245|La Conguera|Ranchería|Hidalgo|Michoacán de Ocampo||61101|16|61101||29|034|0073|Rural|
61245|Las Espinas|Rancho|Hidalgo|Michoacán de Ocampo||61101|16|61101||48|034|0093|Rural|
61245|Piedra Parada|Ranchería|Hidalgo|Michoacán de Ocampo||61101|16|61101||29|034|0129|Rural|
61245|San José [La Fábrica]|Rancho|Hidalgo|Michoacán de Ocampo||61101|16|61101||48|034|0145|Rural|
61245|La Toma|Ranchería|Hidalgo|Michoacán de Ocampo||61101|16|61101||29|034|2241|Rural|
61246|Agua Azul|Rancho|Hidalgo|Michoacán de Ocampo||61101|16|61101||48|034|0020|Rural|
61246|El Malacate|Rancho|Hidalgo|Michoacán de Ocampo||61101|16|61101||48|034|0052|Rural|
61246|El Mamuyo|Rancho|Hidalgo|Michoacán de Ocampo||61101|16|61101||48|034|0053|Rural|
61246|La Pitahaya|Rancho|Hidalgo|Michoacán de Ocampo||61101|16|61101||48|034|0084|Rural|
61246|Las Joyas|Rancho|Hidalgo|Michoacán de Ocampo||61101|16|61101||48|034|0097|Rural|
61246|Las Joyitas|Ranchería|Hidalgo|Michoacán de Ocampo||61101|16|61101||29|034|0098|Rural|
61246|Puerto Coyote|Rancho|Hidalgo|Michoacán de Ocampo||61101|16|61101||48|034|0135|Rural|
61246|Barcino|Rancho|Hidalgo|Michoacán de Ocampo||61101|16|61101||48|034|0158|Rural|
61247|El Llano (Llano Blanco)|Rancho|Hidalgo|Michoacán de Ocampo||61101|16|61101||48|034|0051|Rural|
61247|El Retaje|Rancho|Hidalgo|Michoacán de Ocampo||61101|16|61101||48|034|0060|Rural|
61247|La Fragua|Rancho|Hidalgo|Michoacán de Ocampo||61101|16|61101||48|034|0074|Rural|
61247|La Tecata|Rancho|Hidalgo|Michoacán de Ocampo||61101|16|61101||48|034|0085|Rural|
61247|La Yerbabuena|Rancho|Hidalgo|Michoacán de Ocampo||61101|16|61101||48|034|0086|Rural|
61247|Las Canoyitas|Rancho|Hidalgo|Michoacán de Ocampo||61101|16|61101||48|034|0089|Rural|
61247|Las Cuevas|Rancho|Hidalgo|Michoacán de Ocampo||61101|16|61101||48|034|0091|Rural|
61247|Palos Secos|Rancho|Hidalgo|Michoacán de Ocampo||61101|16|61101||48|034|0125|Rural|
61247|Peña del Agua|Rancho|Hidalgo|Michoacán de Ocampo||61101|16|61101||48|034|0126|Rural|
61247|Siempreviva|Rancho|Hidalgo|Michoacán de Ocampo||61101|16|61101||48|034|0151|Rural|
61247|Encino Copudo|Rancho|Hidalgo|Michoacán de Ocampo||61101|16|61101||48|034|0154|Rural|
61247|Cerro Azul|Ranchería|Hidalgo|Michoacán de Ocampo||61101|16|61101||29|034|2234|Rural|
61247|Los Fresnos|Ranchería|Hidalgo|Michoacán de Ocampo||61101|16|61101||29|034|2249|Rural|
61247|Plan Seco|Ejido|Hidalgo|Michoacán de Ocampo||61101|16|61101||15|034|2251|Rural|
61248|Las Espinas de la Unión|Rancho|Hidalgo|Michoacán de Ocampo||61101|16|61101||48|034|0094|Rural|
61248|Los Adobes|Rancho|Hidalgo|Michoacán de Ocampo||61101|16|61101||48|034|0106|Rural|
61248|Piedra Gorda|Rancho|Hidalgo|Michoacán de Ocampo||61101|16|61101||48|034|0128|Rural|
61248|Sabaneta|Rancho|Hidalgo|Michoacán de Ocampo||61101|16|61101||48|034|0143|Rural|
61248|El Agostaderito|Ejido|Hidalgo|Michoacán de Ocampo||61101|16|61101||15|034|2252|Rural|
61248|El Señaladero|Ranchería|Hidalgo|Michoacán de Ocampo||61101|16|61101||29|034|2253|Rural|
61250|Maravatío de Ocampo Centro|Colonia|Maravatío|Michoacán de Ocampo|Maravatío de Ocampo|61251|16|61251||09|050|2256|Urbano|15
61252|Cristo Rey|Colonia|Maravatío|Michoacán de Ocampo|Maravatío de Ocampo|61251|16|61251||09|050|2948|Urbano|15
61252|Arboledas Fovissste|Unidad habitacional|Maravatío|Michoacán de Ocampo|Maravatío de Ocampo|61251|16|61251||31|050|2949|Urbano|15
61252|INFONAVIT|Unidad habitacional|Maravatío|Michoacán de Ocampo|Maravatío de Ocampo|61251|16|61251||31|050|2950|Urbano|15
61252|Lázaro Cárdenas|Colonia|Maravatío|Michoacán de Ocampo|Maravatío de Ocampo|61251|16|61251||09|050|2953|Urbano|15
61252|Melchor Ocampo|Colonia|Maravatío|Michoacán de Ocampo|Maravatío de Ocampo|61251|16|61251||09|050|2954|Urbano|15
61252|San Nicolás|Colonia|Maravatío|Michoacán de Ocampo|Maravatío de Ocampo|61251|16|61251||09|050|2955|Urbano|15
61252|Agua Bendita|Fraccionamiento|Maravatío|Michoacán de Ocampo|Maravatío de Ocampo|61251|16|61251||21|050|2956|Urbano|15
61252|Maravatio|Colonia|Maravatío|Michoacán de Ocampo|Maravatío de Ocampo|61251|16|61251||09|050|2964|Urbano|15
61252|Las Flores|Colonia|Maravatío|Michoacán de Ocampo|Maravatío de Ocampo|61251|16|61251||09|050|2965|Urbano|15
61252|5 de Mayo|Colonia|Maravatío|Michoacán de Ocampo|Maravatío de Ocampo|61251|16|61251||09|050|2966|Urbano|15
61252|Lomas Verdes|Colonia|Maravatío|Michoacán de Ocampo|Maravatío de Ocampo|61251|16|61251||09|050|3555|Urbano|15
61252|Maroati|Fraccionamiento|Maravatío|Michoacán de Ocampo|Maravatío de Ocampo|61251|16|61251||21|050|3556|Urbano|15
61252|Constituyentes|Fraccionamiento|Maravatío|Michoacán de Ocampo|Maravatío de Ocampo|61251|16|61251||21|050|4179|Urbano|15
61252|Las Arenas|Colonia|Maravatío|Michoacán de Ocampo|Maravatío de Ocampo|61251|16|61251||09|050|4185|Urbano|15
61252|Loma Alta|Colonia|Maravatío|Michoacán de Ocampo|Maravatío de Ocampo|61251|16|61251||09|050|4186|Urbano|15
61252|Loma Bonita|Colonia|Maravatío|Michoacán de Ocampo|Maravatío de Ocampo|61251|16|61251||09|050|4187|Urbano|15
61252|Lomas del Panteón|Colonia|Maravatío|Michoacán de Ocampo|Maravatío de Ocampo|61251|16|61251||09|050|4188|Urbano|15
61252|Los Arcos|Fraccionamiento|Maravatío|Michoacán de Ocampo|Maravatío de Ocampo|61251|16|61251||21|050|4189|Urbano|15
61252|Rincón de Maravatío|Colonia|Maravatío|Michoacán de Ocampo|Maravatío de Ocampo|61251|16|61251||09|050|4193|Urbano|15
61252|Valle Dorado|Colonia|Maravatío|Michoacán de Ocampo|Maravatío de Ocampo|61251|16|61251||09|050|4194|Urbano|15
61252|Vasco de Quiroga|Colonia|Maravatío|Michoacán de Ocampo|Maravatío de Ocampo|61251|16|61251||09|050|4195|Urbano|15
61252|Agua Bendita|Colonia|Maravatío|Michoacán de Ocampo|Maravatío de Ocampo|61251|16|61251||09|050|4848|Urbano|15
61252|Lázaro Cárdenas|Fraccionamiento|Maravatío|Michoacán de Ocampo|Maravatío de Ocampo|61251|16|61251||21|050|4849|Urbano|15
61252|Las Praderas|Colonia|Maravatío|Michoacán de Ocampo|Maravatío de Ocampo|61251|16|61251||09|050|4888|Urbano|15
61253|Francisco I. Madero|Colonia|Maravatío|Michoacán de Ocampo|Maravatío de Ocampo|61251|16|61251||09|050|2963|Urbano|15
61253|San Miguel|Colonia|Maravatío|Michoacán de Ocampo|Maravatío de Ocampo|61251|16|61251||09|050|2967|Urbano|15
61253|Urbana|Colonia|Maravatío|Michoacán de Ocampo|Maravatío de Ocampo|61251|16|61251||09|050|2968|Urbano|15
61253|Cuartel V|Colonia|Maravatío|Michoacán de Ocampo|Maravatío de Ocampo|61251|16|61251||09|050|4180|Urbano|15
61253|Magisterial|Colonia|Maravatío|Michoacán de Ocampo|Maravatío de Ocampo|61251|16|61251||09|050|4192|Urbano|15
61253|Lázaro Cárdenas (El Llano)|Colonia|Maravatío|Michoacán de Ocampo|Maravatío de Ocampo|61251|16|61251||09|050|4270|Urbano|15
61254|San Isidro|Colonia|Maravatío|Michoacán de Ocampo|Maravatío de Ocampo|61251|16|61251||09|050|0086|Urbano|15
61254|El Chabacano|Colonia|Maravatío|Michoacán de Ocampo|Maravatío de Ocampo|61251|16|61251||09|050|0087|Urbano|15
61254|San Agustín|Colonia|Maravatío|Michoacán de Ocampo|Maravatío de Ocampo|61251|16|61251||09|050|0088|Urbano|15
61254|Empleados del Municipio|Colonia|Maravatío|Michoacán de Ocampo|Maravatío de Ocampo|61251|16|61251||09|050|0090|Urbano|15
61254|El Chirimoyo|Colonia|Maravatío|Michoacán de Ocampo|Maravatío de Ocampo|61251|16|61251||09|050|2951|Urbano|15
61254|Balbuena|Colonia|Maravatío|Michoacán de Ocampo|Maravatío de Ocampo|61251|16|61251||09|050|2952|Urbano|15
61254|Guadalupe|Colonia|Maravatío|Michoacán de Ocampo|Maravatío de Ocampo|61251|16|61251||09|050|2957|Urbano|15
61254|Los Herreros|Barrio|Maravatío|Michoacán de Ocampo|Maravatío de Ocampo|61251|16|61251||02|050|2958|Urbano|15
61254|San Antonio|Colonia|Maravatío|Michoacán de Ocampo|Maravatío de Ocampo|61251|16|61251||09|050|2959|Urbano|15
61254|Vista Hermosa|Colonia|Maravatío|Michoacán de Ocampo|Maravatío de Ocampo|61251|16|61251||09|050|2960|Urbano|15
61254|Sabinos Del Valle|Fraccionamiento|Maravatío|Michoacán de Ocampo|Maravatío de Ocampo|61251|16|61251||21|050|2961|Urbano|15
61254|Diana Laura|Colonia|Maravatío|Michoacán de Ocampo|Maravatío de Ocampo|61251|16|61251||09|050|4181|Urbano|15
61254|El Arenal|Colonia|Maravatío|Michoacán de Ocampo|Maravatío de Ocampo|61251|16|61251||09|050|4182|Urbano|15
61254|El Carrizal|Colonia|Maravatío|Michoacán de Ocampo|Maravatío de Ocampo|61251|16|61251||09|050|4183|Urbano|15
61254|El Progreso|Colonia|Maravatío|Michoacán de Ocampo|Maravatío de Ocampo|61251|16|61251||09|050|4184|Urbano|15
61254|Los Colorines|Colonia|Maravatío|Michoacán de Ocampo|Maravatío de Ocampo|61251|16|61251||09|050|4190|Urbano|15
61254|Luis Donaldo Colosio|Colonia|Maravatío|Michoacán de Ocampo|Maravatío de Ocampo|61251|16|61251||09|050|4191|Urbano|15
61254|Victoria|Colonia|Maravatío|Michoacán de Ocampo|Maravatío de Ocampo|61251|16|61251||09|050|4196|Urbano|15
61254|Santa Cruz (Rancho Viejo)|Colonia|Maravatío|Michoacán de Ocampo|Maravatío de Ocampo|61251|16|61251||09|050|5555|Urbano|15
61255|Cebadillas Corral Falso|Rancho|Maravatío|Michoacán de Ocampo||61251|16|61251||48|050|0008|Rural|
61255|Cerro Azul|Rancho|Maravatío|Michoacán de Ocampo||61251|16|61251||48|050|0012|Rural|
61255|Cliserio Villafuerte el Grande|Ranchería|Maravatío|Michoacán de Ocampo||61251|16|61251||29|050|0013|Rural|
61255|Jesús del Monte|Ejido|Maravatío|Michoacán de Ocampo||61251|16|61251||15|050|0019|Rural|
61255|Jesús del Monte|Rancho|Maravatío|Michoacán de Ocampo||61251|16|61251||48|050|0036|Rural|
61255|La Lagunilla|Rancho|Maravatío|Michoacán de Ocampo||61251|16|61251||48|050|0043|Rural|
61255|Las Palomas|Ranchería|Maravatío|Michoacán de Ocampo||61251|16|61251||29|050|0052|Rural|
61255|Mesa del León|Ranchería|Maravatío|Michoacán de Ocampo||61251|16|61251||29|050|0057|Rural|
61255|San Vicente el Grande (San Vicente)|Pueblo|Maravatío|Michoacán de Ocampo||61251|16|61251||28|050|0070|Rural|
61255|Tecario Jesús del Monte|Ranchería|Maravatío|Michoacán de Ocampo||61251|16|61251||29|050|2262|Rural|
61255|Agua Rosada|Ranchería|Maravatío|Michoacán de Ocampo||61251|16|61251||29|050|2264|Rural|
61256|Cebadillas|Rancho|Maravatío|Michoacán de Ocampo||61251|16|61251||48|050|0007|Rural|
61256|Joyas del Pilar|Rancho|Maravatío|Michoacán de Ocampo||61251|16|61251||48|050|0037|Rural|
61256|Santa Rita|Rancho|Maravatío|Michoacán de Ocampo||61251|16|61251||48|050|0074|Rural|
61256|Bordo Nuevo|Rancho|Maravatío|Michoacán de Ocampo||61251|16|61251||48|050|0083|Rural|
61256|Cliserio Villafuerte el Chico|Ranchería|Maravatío|Michoacán de Ocampo||61251|16|61251||29|050|2263|Rural|
61256|Huajumbarito|Ranchería|Maravatío|Michoacán de Ocampo||61251|16|61251||29|050|2266|Rural|
61258|Santiago Puriatzicuaro|Pueblo|Maravatío|Michoacán de Ocampo||61251|16|61251||28|050|2267|Urbano|
61259|Congregación Las Pomas|Ranchería|Maravatío|Michoacán de Ocampo||61251|16|61251||29|050|0017|Rural|
61259|El Fresnal|Rancho|Maravatío|Michoacán de Ocampo||61251|16|61251||48|050|0025|Rural|
61259|Santa Rosa|Ranchería|Maravatío|Michoacán de Ocampo||61251|16|61251||29|050|0075|Rural|
61259|Torre Blanca (Guapamacátaro)|Ranchería|Maravatío|Michoacán de Ocampo||61251|16|61251||29|050|0079|Rural|
61259|Campo Hermoso|Ejido|Maravatío|Michoacán de Ocampo||61251|16|61251||15|050|2254|Rural|
61259|Casa Blanca|Ejido|Maravatío|Michoacán de Ocampo||61251|16|61251||15|050|2255|Rural|
61259|Ejido de Pomas (Poblado de Dolores)|Ejido|Maravatío|Michoacán de Ocampo||61251|16|61251||15|050|2257|Rural|
61259|Santa Elena|Ejido|Maravatío|Michoacán de Ocampo||61251|16|61251||15|050|2259|Rural|
61260|Agua Dulce|Rancho|Maravatío|Michoacán de Ocampo||61251|16|61251||48|050|0005|Rural|
61260|La Tuna Mansa|Rancho|Maravatío|Michoacán de Ocampo||61251|16|61251||48|050|0048|Rural|
61260|San Miguel Curinhuato|Pueblo|Maravatío|Michoacán de Ocampo||61251|16|61251||28|050|2269|Rural|
61261|Barrio de San Miguel|Ranchería|Maravatío|Michoacán de Ocampo||38791|16|38791||29|050|0006|Rural|
61261|Loma del Gallo|Ranchería|Maravatío|Michoacán de Ocampo||38791|16|38791||29|050|0054|Rural|
61261|Pueblo Nuevo|Ranchería|Maravatío|Michoacán de Ocampo||38791|16|38791||29|050|0060|Rural|
61261|Rosa Amarilla|Ranchería|Maravatío|Michoacán de Ocampo||38791|16|38791||29|050|0063|Rural|
61261|San Isidro|Ranchería|Maravatío|Michoacán de Ocampo||38791|16|38791||29|050|0065|Rural|
61261|San Juan Buenavista|Ranchería|Maravatío|Michoacán de Ocampo||38791|16|38791||29|050|0066|Rural|
61261|Uripitio|Pueblo|Maravatío|Michoacán de Ocampo||38791|16|38791||28|050|2270|Rural|
61262|Guadalupe|Colonia|Maravatío|Michoacán de Ocampo||61251|16|61251||09|050|0015|Rural|
61262|El Chupadero (San Miguel Chupadero)|Ranchería|Maravatío|Michoacán de Ocampo||61251|16|61251||29|050|0024|Rural|
61262|El Gigantito|Ranchería|Maravatío|Michoacán de Ocampo||61251|16|61251||29|050|0027|Rural|
61262|El Moral|Rancho|Maravatío|Michoacán de Ocampo||61251|16|61251||48|050|0028|Rural|
61262|La Granja|Ranchería|Maravatío|Michoacán de Ocampo||61251|16|61251||29|050|0040|Rural|
61262|La Mora|Rancho|Maravatío|Michoacán de Ocampo||61251|16|61251||48|050|0045|Rural|
61262|Loma de la Rosa (Torre del Jaral)|Ranchería|Maravatío|Michoacán de Ocampo||61251|16|61251||29|050|0053|Rural|
61262|San Lorenzo|Rancho|Maravatío|Michoacán de Ocampo||61251|16|61251||48|050|0061|Rural|
61262|El Gigante|Ejido|Maravatío|Michoacán de Ocampo||61251|16|61251||15|050|2271|Rural|
61262|Tziritzícuaro (Nativitas)|Pueblo|Maravatío|Michoacán de Ocampo||61251|16|61251||28|050|2272|Rural|
61262|Encinillas|Pueblo|Maravatío|Michoacán de Ocampo||61251|16|61251||28|050|4208|Rural|
61263|El Salitre|Rancho|Maravatío|Michoacán de Ocampo||61251|16|61251||48|050|0030|Rural|
61263|La Cuenca|Rancho|Maravatío|Michoacán de Ocampo||61251|16|61251||48|050|0039|Rural|
61263|Peña Blanca Pequeña Propiedad|Rancho|Maravatío|Michoacán de Ocampo||61251|16|61251||48|050|0059|Rural|
61263|San Juan Huaracha (Guaracha)|Rancho|Maravatío|Michoacán de Ocampo||61251|16|61251||48|050|0067|Rural|
61263|San Juanito|Rancho|Maravatío|Michoacán de Ocampo||61251|16|61251||48|050|0068|Rural|
61263|El Mirador|Ranchería|Maravatío|Michoacán de Ocampo||61251|16|61251||29|050|0082|Rural|
61263|Lomas de Maruati|Fraccionamiento|Maravatío|Michoacán de Ocampo||61251|16|61251||21|050|0084|Rural|
61263|Yurécuaro|Colonia|Maravatío|Michoacán de Ocampo||61251|16|61251||09|050|0085|Rural|
61263|Los Bancos|Ranchería|Maravatío|Michoacán de Ocampo||61251|16|61251||29|050|2273|Rural|
61263|San Nicolasito|Pueblo|Maravatío|Michoacán de Ocampo||61251|16|61251||28|050|2274|Rural|
61263|Peña Blanca|Ranchería|Maravatío|Michoacán de Ocampo||61251|16|61251||29|050|2282|Rural|
61263|Yurécuaro (San Juan Yurécuaro)|Pueblo|Maravatío|Michoacán de Ocampo||61251|16|61251||28|050|2283|Rural|
61264|San Pedro|Colonia|Maravatío|Michoacán de Ocampo||61251|16|61251||09|050|0001|Urbano|
61264|El Sabino|Colonia|Maravatío|Michoacán de Ocampo||61251|16|61251||09|050|0002|Urbano|
61264|La Tinaja|Colonia|Maravatío|Michoacán de Ocampo||61251|16|61251||09|050|0003|Urbano|
61264|Pueblo Nuevo|Colonia|Maravatío|Michoacán de Ocampo||61251|16|61251||09|050|0004|Urbano|
61264|San Pedro Tungareo|Pueblo|Maravatío|Michoacán de Ocampo||61251|16|61251||28|050|2261|Urbano|
61266|Laguna Seca (Ejido Pozo de Tres Piedras)|Ranchería|Maravatío|Michoacán de Ocampo||61251|16|61251||29|050|0049|Rural|
61266|Los Olivos|Ranchería|Maravatío|Michoacán de Ocampo||61251|16|61251||29|050|0056|Rural|
61266|Huanimoro|Ranchería|Maravatío|Michoacán de Ocampo||61251|16|61251||29|050|2275|Rural|
61266|San José del Rodeo|Pueblo|Maravatío|Michoacán de Ocampo||61251|16|61251||28|050|4207|Rural|
61267|El Tejocote|Ranchería|Maravatío|Michoacán de Ocampo||61251|16|61251||29|050|0031|Rural|
61267|Rincón de Huaraqueo|Ranchería|Maravatío|Michoacán de Ocampo||61251|16|61251||29|050|0062|Rural|
61267|Santa Cruz|Rancho|Maravatío|Michoacán de Ocampo||61251|16|61251||48|050|0072|Rural|
61267|Sianca|Ranchería|Maravatío|Michoacán de Ocampo||61251|16|61251||29|050|0077|Rural|
61267|Santa Mónica|Ranchería|Maravatío|Michoacán de Ocampo||61251|16|61251||29|050|2276|Rural|
61267|El Saucillo Primero|Ranchería|Maravatío|Michoacán de Ocampo||61251|16|61251||29|050|2277|Rural|
61267|Huaraqueo|Ranchería|Maravatío|Michoacán de Ocampo||61251|16|61251||29|050|2278|Rural|
61267|Melchor Ocampo|Ranchería|Maravatío|Michoacán de Ocampo||61251|16|61251||29|050|2279|Rural|
61270|Cebadillas Primeras|Ranchería|Maravatío|Michoacán de Ocampo||61251|16|61251||29|050|0009|Rural|
61270|Cebadillas Segundas|Ranchería|Maravatío|Michoacán de Ocampo||61251|16|61251||29|050|0010|Rural|
61270|La Mesa Chiquita (Las Mesitas)|Ranchería|Maravatío|Michoacán de Ocampo||61251|16|61251||29|050|0044|Rural|
61270|Las Mesas|Ranchería|Maravatío|Michoacán de Ocampo||61251|16|61251||29|050|0051|Rural|
61270|San Miguel el Alto (El Puerto)|Pueblo|Maravatío|Michoacán de Ocampo||61251|16|61251||28|050|2284|Rural|
61273|General Felipe Ángeles|Colonia|Maravatío|Michoacán de Ocampo||61251|16|61251||09|050|0014|Rural|
61273|El Aguaje (Cuartel Aguaje)|Ranchería|Maravatío|Michoacán de Ocampo||61251|16|61251||29|050|0020|Rural|
61273|La Huerta|Ranchería|Maravatío|Michoacán de Ocampo||61251|16|61251||29|050|0042|Rural|
61273|Lagunillas|Rancho|Maravatío|Michoacán de Ocampo||61251|16|61251||48|050|0050|Rural|
61273|San Ramón|Ranchería|Maravatío|Michoacán de Ocampo||61251|16|61251||29|050|0069|Rural|
61273|Sandi|Ranchería|Maravatío|Michoacán de Ocampo||61251|16|61251||29|050|0071|Rural|
61273|Santo Niño (Santa Ana)|Ranchería|Maravatío|Michoacán de Ocampo||61251|16|61251||29|050|0076|Rural|
61273|Toluquilla|Ranchería|Maravatío|Michoacán de Ocampo||61251|16|61251||29|050|0078|Rural|
61273|El Manzano|Ranchería|Maravatío|Michoacán de Ocampo||61251|16|61251||29|050|0081|Rural|
61273|La Laja|Ranchería|Maravatío|Michoacán de Ocampo||61251|16|61251||29|050|2287|Rural|
61273|El Colorado|Ranchería|Maravatío|Michoacán de Ocampo||61251|16|61251||29|050|2288|Rural|
61273|Santa Ana (Cuartel Segundo)|Ejido|Maravatío|Michoacán de Ocampo||61251|16|61251||15|050|2296|Rural|
61274|Huandishi (Las Chinches)|Colonia|Maravatío|Michoacán de Ocampo||61251|16|61251||09|050|0016|Rural|
61274|La Coyota|Rancho|Maravatío|Michoacán de Ocampo||61251|16|61251||48|050|0038|Rural|
61274|Los Ocotes (Ejido los Ocotes)|Ranchería|Maravatío|Michoacán de Ocampo||61251|16|61251||29|050|0055|Rural|
61274|Apeo|Pueblo|Maravatío|Michoacán de Ocampo||61251|16|61251||28|050|2289|Rural|
61275|El Bordo (Los Carrillos)|Rancho|Maravatío|Michoacán de Ocampo||61251|16|61251||48|050|0021|Rural|
61275|El Terrero|Rancho|Maravatío|Michoacán de Ocampo||61251|16|61251||48|050|0032|Rural|
61275|Estancia de San Miguel (El Capulín)|Pueblo|Maravatío|Michoacán de Ocampo||61251|16|61251||28|050|0034|Rural|
61275|La Laja|Ranchería|Maravatío|Michoacán de Ocampo||61251|16|61251||29|050|0089|Rural|
61275|Tenerías|Ranchería|Maravatío|Michoacán de Ocampo||61251|16|61251||29|050|2286|Rural|
61275|El Jagüey|Ranchería|Maravatío|Michoacán de Ocampo||61251|16|61251||29|050|2290|Rural|
61275|Estancia de Santa Elena|Ranchería|Maravatío|Michoacán de Ocampo||61251|16|61251||29|050|2291|Rural|
61275|Llano Grande|Ranchería|Maravatío|Michoacán de Ocampo||61251|16|61251||29|050|2292|Rural|
61275|Las Joyas|Pueblo|Maravatío|Michoacán de Ocampo||61251|16|61251||28|050|4210|Rural|
61276|El Puerto|Ranchería|Maravatío|Michoacán de Ocampo||61251|16|61251||29|050|0029|Rural|
61276|La Hormiga|Rancho|Maravatío|Michoacán de Ocampo||61251|16|61251||48|050|0041|Rural|
61276|Mina de San Vidal|Ranchería|Maravatío|Michoacán de Ocampo||61251|16|61251||29|050|0058|Rural|
61276|Pomoca|Pueblo|Maravatío|Michoacán de Ocampo||61251|16|61251||28|050|2293|Rural|
61276|El Tejocote (Presa Quebrada)|Pueblo|Maravatío|Michoacán de Ocampo||61251|16|61251||28|050|4209|Rural|
61277|El Centenario|Rancho|Maravatío|Michoacán de Ocampo||61251|16|61251||48|050|0023|Rural|
61277|El Zapote (Palo Seco)|Rancho|Maravatío|Michoacán de Ocampo||61251|16|61251||48|050|0033|Rural|
61277|Guapamacátaro|Exhacienda|Maravatío|Michoacán de Ocampo||61251|16|61251||18|050|0035|Rural|
61277|La Nopalera|Ranchería|Maravatío|Michoacán de Ocampo||61251|16|61251||29|050|0046|Rural|
61277|Guapamacátaro|Ejido|Maravatío|Michoacán de Ocampo||61251|16|61251||15|050|2285|Rural|
61277|El Tejero|Ejido|Maravatío|Michoacán de Ocampo||61251|16|61251||15|050|2294|Rural|
61277|Pomoquita|Ejido|Maravatío|Michoacán de Ocampo||61251|16|61251||15|050|2295|Rural|
61279|El Botín|Rancho|Maravatío|Michoacán de Ocampo||61251|16|61251||48|050|0022|Rural|
61279|El Fresnito|Rancho|Maravatío|Michoacán de Ocampo||61251|16|61251||48|050|0026|Rural|
61279|La Presita|Rancho|Maravatío|Michoacán de Ocampo||61251|16|61251||48|050|0047|Rural|
61279|San Isidrito|Rancho|Maravatío|Michoacán de Ocampo||61251|16|61251||48|050|0064|Rural|
61279|Palomas (La Presita)|Ranchería|Maravatío|Michoacán de Ocampo||61251|16|61251||29|050|2265|Rural|
61279|El Pedregal|Ejido|Maravatío|Michoacán de Ocampo||61251|16|61251||15|050|2297|Rural|
61279|Estancia de Paquisihuato|Pueblo|Maravatío|Michoacán de Ocampo||61251|16|61251||28|050|4029|Rural|
61280|Adolfo López Mateos|Colonia|Irimbo|Michoacán de Ocampo||61101|16|61101||09|041|0001|Urbano|
61280|Carlos Rojas|Colonia|Irimbo|Michoacán de Ocampo||61101|16|61101||09|041|0002|Urbano|
61280|Cristo Rey|Colonia|Irimbo|Michoacán de Ocampo||61101|16|61101||09|041|0003|Urbano|
61280|El Magisterio|Colonia|Irimbo|Michoacán de Ocampo||61101|16|61101||09|041|0004|Urbano|
61280|El Tinaco|Colonia|Irimbo|Michoacán de Ocampo||61101|16|61101||09|041|0005|Urbano|
61280|Guadalupe|Colonia|Irimbo|Michoacán de Ocampo||61101|16|61101||09|041|0006|Urbano|
61280|Jesús Sotelo|Colonia|Irimbo|Michoacán de Ocampo||61101|16|61101||09|041|0007|Urbano|
61280|La Lagunita|Colonia|Irimbo|Michoacán de Ocampo||61101|16|61101||09|041|0008|Urbano|
61280|Las Rosas|Colonia|Irimbo|Michoacán de Ocampo||61101|16|61101||09|041|0009|Urbano|
61280|Los Acebuches|Colonia|Irimbo|Michoacán de Ocampo||61101|16|61101||09|041|0010|Urbano|
61280|Los Ailes|Colonia|Irimbo|Michoacán de Ocampo||61101|16|61101||09|041|0011|Urbano|
61280|Los Olmos|Colonia|Irimbo|Michoacán de Ocampo||61101|16|61101||09|041|0012|Urbano|
61280|Pedro Cuini|Colonia|Irimbo|Michoacán de Ocampo||61101|16|61101||09|041|0013|Urbano|
61280|Siglo XX|Colonia|Irimbo|Michoacán de Ocampo||61101|16|61101||09|041|0014|Urbano|
61280|Simón Bolívar|Colonia|Irimbo|Michoacán de Ocampo||61101|16|61101||09|041|0015|Urbano|
61280|El Tejocote|Colonia|Irimbo|Michoacán de Ocampo||61101|16|61101||09|041|0043|Urbano|
61280|Irimbo|Pueblo|Irimbo|Michoacán de Ocampo||61101|16|61101||28|041|2298|Urbano|
61282|Ampliación las Joyas (Puente de Turundeo)|Ranchería|Irimbo|Michoacán de Ocampo||61101|16|61101||29|041|0016|Rural|
61282|Chupio|Ranchería|Irimbo|Michoacán de Ocampo||61101|16|61101||29|041|0018|Rural|
61282|El Azafrán|Ranchería|Irimbo|Michoacán de Ocampo||61101|16|61101||29|041|0022|Rural|
61282|Hacienda Jaripeo|Ranchería|Irimbo|Michoacán de Ocampo||61101|16|61101||29|041|0026|Rural|
61282|El Salitre|Ranchería|Irimbo|Michoacán de Ocampo||61101|16|61101||29|041|2300|Rural|
61282|Loma de Chupio|Ranchería|Irimbo|Michoacán de Ocampo||61101|16|61101||29|041|2302|Rural|
61282|San Lorenzo Queréndaro|Pueblo|Irimbo|Michoacán de Ocampo||61101|16|61101||28|041|2303|Rural|
61283|Tzintzingareo|Pueblo|Irimbo|Michoacán de Ocampo||61101|16|61101||28|041|2299|Urbano|
61284|Balvaneda|Ranchería|Irimbo|Michoacán de Ocampo||61101|16|61101||29|041|0017|Rural|
61284|Concharrás|Ranchería|Irimbo|Michoacán de Ocampo||61101|16|61101||29|041|0020|Rural|
61284|Cerrito Blanco|Ranchería|Irimbo|Michoacán de Ocampo||61101|16|61101||29|041|0041|Rural|
61284|La Cuajada|Pueblo|Irimbo|Michoacán de Ocampo||61101|16|61101||28|041|3976|Rural|
61285|Cristo Rey|Ranchería|Irimbo|Michoacán de Ocampo||61101|16|61101||29|041|0021|Rural|
61285|El Salto|Ranchería|Irimbo|Michoacán de Ocampo||61101|16|61101||29|041|0023|Rural|
61285|Estación Irimbo|Ranchería|Irimbo|Michoacán de Ocampo||61101|16|61101||29|041|0024|Rural|
61285|Garambullo|Ranchería|Irimbo|Michoacán de Ocampo||61101|16|61101||29|041|0025|Rural|
61285|Los Marzos Pequeña|Ranchería|Irimbo|Michoacán de Ocampo||61101|16|61101||29|041|0029|Rural|
61285|El Obraje|Ranchería|Irimbo|Michoacán de Ocampo||61101|16|61101||29|041|0030|Rural|
61285|San Miguel el Alto|Ranchería|Irimbo|Michoacán de Ocampo||61101|16|61101||29|041|0033|Rural|
61285|San Antonio Tarichado|Rancho|Irimbo|Michoacán de Ocampo||61101|16|61101||48|041|0037|Rural|
61285|San Francisco Epunguio|Pueblo|Irimbo|Michoacán de Ocampo||61101|16|61101||28|041|2304|Rural|
61286|El Colorín (Seis de Junio)|Colonia|Irimbo|Michoacán de Ocampo||61101|16|61101||09|041|0019|Rural|
61286|San José de Magallanes|Ranchería|Irimbo|Michoacán de Ocampo||61101|16|61101||29|041|0031|Rural|
61286|San Miguel la Virgen|Ranchería|Irimbo|Michoacán de Ocampo||61101|16|61101||29|041|0032|Rural|
61286|San Nicolás|Rancho|Irimbo|Michoacán de Ocampo||61101|16|61101||48|041|0038|Rural|
61286|Los Cedros|Colonia|Irimbo|Michoacán de Ocampo||61101|16|61101||09|041|0042|Rural|
61287|Las Surtadas (Las Hurtadas)|Ranchería|Irimbo|Michoacán de Ocampo||61101|16|61101||29|041|0027|Rural|
61287|Los Hoyos (El Tinaco)|Ranchería|Irimbo|Michoacán de Ocampo||61101|16|61101||29|041|0028|Rural|
61287|Los Mogotes|Ranchería|Irimbo|Michoacán de Ocampo||61101|16|61101||29|041|0034|Rural|
61287|Los Marzos (Los Marzos Ejido)|Ranchería|Irimbo|Michoacán de Ocampo||61101|16|61101||29|041|0035|Rural|
61287|La Frontera|Ranchería|Irimbo|Michoacán de Ocampo||61101|16|61101||29|041|2305|Rural|
61288|El Zorillo (Parícuaro Curimba)|Rancho|Irimbo|Michoacán de Ocampo||61101|16|61101||48|041|0036|Rural|
61288|San Vicente el Chico (Manzana de San Vicente)|Ranchería|Irimbo|Michoacán de Ocampo||61101|16|61101||29|041|2306|Rural|
61288|Llano Grande|Ranchería|Irimbo|Michoacán de Ocampo||61101|16|61101||29|041|5553|Rural|
61290|Senguio|Pueblo|Senguio|Michoacán de Ocampo||61251|16|61251||28|080|2309|Urbano|
61292|Cachivi|Ranchería|Senguio|Michoacán de Ocampo||61251|16|61251||29|080|0002|Rural|
61292|El Calabozo Segunda Fracción|Ranchería|Senguio|Michoacán de Ocampo||61251|16|61251||29|080|0010|Rural|
61292|El Puerto|Ranchería|Senguio|Michoacán de Ocampo||61251|16|61251||29|080|0012|Rural|
61292|Guadalupe Carindapaz|Rancho|Senguio|Michoacán de Ocampo||61251|16|61251||48|080|0017|Rural|
61292|San José Soto|Ranchería|Senguio|Michoacán de Ocampo||61251|16|61251||29|080|0031|Rural|
61292|San Pedro|Rancho|Senguio|Michoacán de Ocampo||61251|16|61251||48|080|0032|Rural|
61292|San Rafael|Rancho|Senguio|Michoacán de Ocampo||61251|16|61251||48|080|0038|Rural|
61292|Ampliación Ex-Hacienda de Soto|Ranchería|Senguio|Michoacán de Ocampo||61251|16|61251||29|080|0041|Rural|
61292|El Calabozo Primera Fracción|Ranchería|Senguio|Michoacán de Ocampo||61251|16|61251||29|080|2307|Rural|
61292|Ex-Hacienda de Soto|Ranchería|Senguio|Michoacán de Ocampo||61251|16|61251||29|080|2311|Rural|
61292|José María Morelos (Manzana Guadalupe)|Ejido|Senguio|Michoacán de Ocampo||61251|16|61251||15|080|2312|Rural|
61292|Los Sauces|Ejido|Senguio|Michoacán de Ocampo||61251|16|61251||15|080|2313|Rural|
61292|Manzana de Carindapaz Uno|Ejido|Senguio|Michoacán de Ocampo||61251|16|61251||15|080|2314|Rural|
61292|San Antonio Primera Fracción|Ranchería|Senguio|Michoacán de Ocampo||61251|16|61251||29|080|2315|Rural|
61293|Cerro del Tecomate|Ranchería|Senguio|Michoacán de Ocampo||61251|16|61251||29|080|0005|Rural|
61293|Cuartel Tercero (Tupátaro)|Ranchería|Senguio|Michoacán de Ocampo||61251|16|61251||29|080|0008|Rural|
61293|El Calabocito|Rancho|Senguio|Michoacán de Ocampo||61251|16|61251||48|080|0009|Rural|
61293|El Huérfano (Emiliano Zapata)|Ranchería|Senguio|Michoacán de Ocampo||61251|16|61251||29|080|0011|Rural|
61293|Milpillas|Ranchería|Senguio|Michoacán de Ocampo||61251|16|61251||29|080|0028|Rural|
61293|Segunda Manzana de Chincua|Ranchería|Senguio|Michoacán de Ocampo||61251|16|61251||29|080|0034|Rural|
61293|El Cuartel Quinto (Colegio del Cuartel)|Ranchería|Senguio|Michoacán de Ocampo||61251|16|61251||29|080|0037|Rural|
61293|Tupátaro|Ranchería|Senguio|Michoacán de Ocampo||61251|16|61251||29|080|2310|Rural|
61294|Cambaye|Rancho|Senguio|Michoacán de Ocampo||61251|16|61251||48|080|0003|Rural|
61294|Chamangareo|Rancho|Senguio|Michoacán de Ocampo||61251|16|61251||48|080|0007|Rural|
61294|Hacienda de San Antonio (Segunada de San Antonio)|Ranchería|Senguio|Michoacán de Ocampo||61251|16|61251||29|080|0018|Rural|
61294|La Torre|Rancho|Senguio|Michoacán de Ocampo||61251|16|61251||48|080|0022|Rural|
61294|Los Membrillos|Rancho|Senguio|Michoacán de Ocampo||61251|16|61251||48|080|0027|Rural|
61294|Segunda Manzana de Carindapaz|Ranchería|Senguio|Michoacán de Ocampo||61251|16|61251||29|080|0039|Rural|
61295|El Salitrillo|Ranchería|Senguio|Michoacán de Ocampo||61251|16|61251||29|080|0013|Rural|
61295|El Tejocote|Rancho|Senguio|Michoacán de Ocampo||61251|16|61251||48|080|0014|Rural|
61295|La Capilla de Ocotlán|Ranchería|Senguio|Michoacán de Ocampo||61251|16|61251||29|080|0019|Rural|
61295|La Lagunita|Rancho|Senguio|Michoacán de Ocampo||61251|16|61251||48|080|0020|Rural|
61295|La Loma|Ranchería|Senguio|Michoacán de Ocampo||61251|16|61251||29|080|0021|Rural|
61295|Las Cruces|Ranchería|Senguio|Michoacán de Ocampo||61251|16|61251||29|080|0024|Rural|
61295|Las Polvillas|Ranchería|Senguio|Michoacán de Ocampo||61251|16|61251||29|080|0025|Rural|
61295|Los Ailes (Río de los Ailes)|Ranchería|Senguio|Michoacán de Ocampo||61251|16|61251||29|080|0026|Rural|
61295|Peña Blanca|Rancho|Senguio|Michoacán de Ocampo||61251|16|61251||48|080|0029|Rural|
61295|Rosa Azul|Ranchería|Senguio|Michoacán de Ocampo||61251|16|61251||29|080|0030|Rural|
61295|Santa Ana|Ranchería|Senguio|Michoacán de Ocampo||61251|16|61251||29|080|0033|Rural|
61295|Puertecito|Ranchería|Senguio|Michoacán de Ocampo||61251|16|61251||29|080|0040|Rural|
61295|Chincua (Emiliano Zapata)|Colonia|Senguio|Michoacán de Ocampo||61251|16|61251||09|080|2316|Rural|
61295|Pichardo Peña Blanca|Pueblo|Senguio|Michoacán de Ocampo||61251|16|61251||28|080|4037|Rural|
61296|Guadalupe (Rancho de Guadalupe)|Rancho|Senguio|Michoacán de Ocampo||61251|16|61251||48|080|0016|Rural|
61296|Tarimoro|Ranchería|Senguio|Michoacán de Ocampo||61251|16|61251||29|080|0035|Rural|
61296|San Nicolás Tarimoro|Ranchería|Senguio|Michoacán de Ocampo||61251|16|61251||29|080|2308|Rural|
61297|Acebuches|Rancho|Senguio|Michoacán de Ocampo||61251|16|61251||48|080|0001|Rural|
61297|Canedo|Rancho|Senguio|Michoacán de Ocampo||61251|16|61251||48|080|0004|Rural|
61297|Cerro Pelón|Rancho|Senguio|Michoacán de Ocampo||61251|16|61251||48|080|0006|Rural|
61297|Emiliano Zapata (La Cuajada)|Ranchería|Senguio|Michoacán de Ocampo||61251|16|61251||29|080|0015|Rural|
61297|Tarimoro Villamar|Rancho|Senguio|Michoacán de Ocampo||61251|16|61251||48|080|0036|Rural|
61297|Huerta|Ranchería|Senguio|Michoacán de Ocampo||61251|16|61251||29|080|0042|Rural|
61297|San Juan Huerta|Ejido|Senguio|Michoacán de Ocampo||61251|16|61251||15|080|2317|Rural|
61300|Charo|Pueblo|Charo|Michoacán de Ocampo||58241|16|58241||28|022|2318|Urbano|
61303|La Goleta|Pueblo|Charo|Michoacán de Ocampo||58241|16|58241||28|022|2319|Urbano|
61304|El Cuervo|Ranchería|Charo|Michoacán de Ocampo||58241|16|58241||29|022|0010|Rural|
61304|El Pedregal|Ranchería|Charo|Michoacán de Ocampo||58241|16|58241||29|022|0016|Rural|
61304|El Vado|Ranchería|Charo|Michoacán de Ocampo||58241|16|58241||29|022|0018|Rural|
61304|La Mora|Ranchería|Charo|Michoacán de Ocampo||58241|16|58241||29|022|0048|Rural|
61304|El Zapote (El Zapotito)|Ranchería|Charo|Michoacán de Ocampo||58241|16|58241||29|022|6750|Rural|
61305|La Casa del Encanto|Ranchería|Charo|Michoacán de Ocampo||58241|16|58241||29|022|0023|Rural|
61305|Nuevo Coronillas|Ranchería|Charo|Michoacán de Ocampo||58241|16|58241||29|022|0055|Rural|
61305|San Antonio Corrales|Ranchería|Charo|Michoacán de Ocampo||58241|16|58241||29|022|2320|Rural|
61306|La Ciénega|Ranchería|Charo|Michoacán de Ocampo||58241|16|58241||29|022|0024|Rural|
61306|Las Encinillas|Ranchería|Charo|Michoacán de Ocampo||58241|16|58241||29|022|0033|Rural|
61307|Lavadero de Zanahoria|Ranchería|Charo|Michoacán de Ocampo||58241|16|58241||29|022|0036|Rural|
61310|Francisco I. Madero|Pueblo|Charo|Michoacán de Ocampo||58241|16|58241||28|022|2321|Rural|
61310|Irapeo|Ranchería|Charo|Michoacán de Ocampo||58241|16|58241||29|022|2322|Rural|
61311|Las Canoas|Ranchería|Charo|Michoacán de Ocampo||58241|16|58241||29|022|2323|Rural|
61311|Zurumbeneo|Pueblo|Charo|Michoacán de Ocampo||58241|16|58241||28|022|2324|Rural|
61312|Entrada a las Mesas (El Zapote)|Ranchería|Charo|Michoacán de Ocampo||58241|16|58241||29|022|0020|Rural|
61312|Los Girasoles|Ranchería|Charo|Michoacán de Ocampo||58241|16|58241||29|022|0021|Rural|
61312|Las Canteras|Ranchería|Charo|Michoacán de Ocampo||58241|16|58241||29|022|0032|Rural|
61312|Villas del Fresno|Ranchería|Charo|Michoacán de Ocampo||58241|16|58241||29|022|0047|Rural|
61312|Rosas de Guadalupe (Kilómetro Catorce)|Ranchería|Charo|Michoacán de Ocampo||58241|16|58241||29|022|0049|Rural|
61312|El Llano|Rancho|Charo|Michoacán de Ocampo||58241|16|58241||48|022|0051|Rural|
61312|Girasoles de Charo|Pueblo|Charo|Michoacán de Ocampo||58241|16|58241||28|022|0052|Rural|
61312|CERESO Lic. David Franco Rodríguez (Mil Cumbres)|Zona federal|Charo|Michoacán de Ocampo||58241|16|58241||34|022|0054|Rural|
61312|Jaripeo|Pueblo|Charo|Michoacán de Ocampo||58241|16|58241||28|022|2325|Rural|
61313|Las Mesas|Ranchería|Charo|Michoacán de Ocampo||58241|16|58241||29|022|2326|Rural|
61314|Puente Irapeo|Ranchería|Charo|Michoacán de Ocampo||58241|16|58241||29|022|0045|Rural|
61314|Crucero de Irapeo (Kilómetro Dieciséis)|Ranchería|Charo|Michoacán de Ocampo||58241|16|58241||29|022|0046|Rural|
61314|Pino Real|Ranchería|Charo|Michoacán de Ocampo||58241|16|58241||29|022|2327|Rural|
61314|Unión Progreso|Pueblo|Charo|Michoacán de Ocampo||58241|16|58241||28|022|2328|Rural|
61320|El Durazno|Ranchería|Charo|Michoacán de Ocampo||58241|16|58241||29|022|0011|Rural|
61320|El Guayabo|Ranchería|Charo|Michoacán de Ocampo||58241|16|58241||29|022|0013|Rural|
61320|El Mastranto|Ranchería|Charo|Michoacán de Ocampo||58241|16|58241||29|022|0015|Rural|
61320|La Mora|Ranchería|Charo|Michoacán de Ocampo||58241|16|58241||29|022|0026|Rural|
61320|Los Llanos (El Banco)|Ranchería|Charo|Michoacán de Ocampo||58241|16|58241||29|022|0040|Rural|
61320|Los Llanos|Ranchería|Charo|Michoacán de Ocampo||58241|16|58241||29|022|2329|Rural|
61320|Pie de la Mesa|Ranchería|Charo|Michoacán de Ocampo||58241|16|58241||29|022|2330|Rural|
61321|El Limoncito|Ranchería|Charo|Michoacán de Ocampo||58241|16|58241||29|022|0014|Rural|
61321|Arúmbaro|Ranchería|Charo|Michoacán de Ocampo||58241|16|58241||29|022|2331|Rural|
61321|La Escalera|Ranchería|Charo|Michoacán de Ocampo||58241|16|58241||29|022|2332|Rural|
61322|Carácuatas|Ranchería|Charo|Michoacán de Ocampo||58241|16|58241||29|022|0004|Rural|
61322|Las Majadas|Ranchería|Charo|Michoacán de Ocampo||58241|16|58241||29|022|0034|Rural|
61322|El Palmar|Pueblo|Charo|Michoacán de Ocampo||58241|16|58241||28|022|2333|Rural|
61323|Ailes Dos|Ranchería|Charo|Michoacán de Ocampo||58241|16|58241||29|022|0002|Rural|
61323|El Álamo|Ranchería|Charo|Michoacán de Ocampo||58241|16|58241||29|022|0005|Rural|
61323|El Arenal|Ranchería|Charo|Michoacán de Ocampo||58241|16|58241||29|022|0006|Rural|
61323|El Bosque|Ranchería|Charo|Michoacán de Ocampo||58241|16|58241||29|022|0007|Rural|
61323|El Temazcal|Ranchería|Charo|Michoacán de Ocampo||58241|16|58241||29|022|0017|Rural|
61323|La Polvilla|Ranchería|Charo|Michoacán de Ocampo||58241|16|58241||29|022|0027|Rural|
61323|La Yerbabuena|Ranchería|Charo|Michoacán de Ocampo||58241|16|58241||29|022|0030|Rural|
61323|Las Águilas|Ranchería|Charo|Michoacán de Ocampo||58241|16|58241||29|022|0031|Rural|
61323|Las Trojes|Colonia|Charo|Michoacán de Ocampo||58241|16|58241||09|022|0035|Rural|
61323|Los Cantiles|Ranchería|Charo|Michoacán de Ocampo||58241|16|58241||29|022|0037|Rural|
61323|Los Triguillos|Pueblo|Charo|Michoacán de Ocampo||58241|16|58241||28|022|2334|Rural|
61324|Kilómetro Veintitrés|Ranchería|Charo|Michoacán de Ocampo||58241|16|58241||29|022|0022|Rural|
61324|La Galera (La Resinera)|Ranchería|Charo|Michoacán de Ocampo||58241|16|58241||29|022|0028|Rural|
61324|Pontezuelas|Ranchería|Charo|Michoacán de Ocampo||58241|16|58241||29|022|0044|Rural|
61324|Uña de Gato|Ranchería|Charo|Michoacán de Ocampo||58241|16|58241||29|022|0050|Rural|
61324|El Vaquerito|Ranchería|Charo|Michoacán de Ocampo||58241|16|58241||29|022|2335|Rural|
61325|Peña Cargada|Ranchería|Charo|Michoacán de Ocampo||58241|16|58241||29|022|2336|Rural|
61326|Peña Blanca|Ranchería|Charo|Michoacán de Ocampo||58241|16|58241||29|022|0042|Rural|
61326|San Felipe|Ranchería|Charo|Michoacán de Ocampo||58241|16|58241||29|022|2337|Rural|
61327|Agua Fría|Ranchería|Charo|Michoacán de Ocampo||58241|16|58241||29|022|0001|Rural|
61327|El Café|Ranchería|Charo|Michoacán de Ocampo||58241|16|58241||29|022|0008|Rural|
61327|La Torre|Ranchería|Charo|Michoacán de Ocampo||58241|16|58241||29|022|0029|Rural|
61327|Los Fresnos (Santa Marillal)|Ranchería|Charo|Michoacán de Ocampo||58241|16|58241||29|022|0039|Rural|
61327|Ojo de Agua|Ranchería|Charo|Michoacán de Ocampo||58241|16|58241||29|022|0041|Rural|
61327|Puerto Pascual Ortíz Rubio|Rancho|Charo|Michoacán de Ocampo||58241|16|58241||48|022|0053|Rural|
61328|Barranca del Agua|Ranchería|Charo|Michoacán de Ocampo||58241|16|58241||29|022|0003|Rural|
61328|El Cuartel|Ranchería|Charo|Michoacán de Ocampo||58241|16|58241||29|022|0009|Rural|
61328|El Epazote|Ranchería|Charo|Michoacán de Ocampo||58241|16|58241||29|022|0012|Rural|
61328|El Violín|Ranchería|Charo|Michoacán de Ocampo||58241|16|58241||29|022|0019|Rural|
61328|La Loma|Ranchería|Charo|Michoacán de Ocampo||58241|16|58241||29|022|0025|Rural|
61328|Los Cimientos|Ranchería|Charo|Michoacán de Ocampo||58241|16|58241||29|022|0038|Rural|
61328|Platanito|Ranchería|Charo|Michoacán de Ocampo||58241|16|58241||29|022|0043|Rural|
61330|Tzitzio|Pueblo|Tzitzio|Michoacán de Ocampo||58241|16|58241||28|101|2338|Urbano|
61333|Cerro Mozo|Rancho|Tzitzio|Michoacán de Ocampo||58241|16|58241||48|101|0012|Rural|
61333|La Cofradía|Ranchería|Tzitzio|Michoacán de Ocampo||58241|16|58241||29|101|0075|Rural|
61333|La Herradura|Rancho|Tzitzio|Michoacán de Ocampo||58241|16|58241||48|101|0080|Rural|
61333|Las Juntas|Rancho|Tzitzio|Michoacán de Ocampo||58241|16|58241||48|101|0096|Rural|
61333|Los Timones|Pueblo|Tzitzio|Michoacán de Ocampo||58241|16|58241||28|101|0115|Rural|
61333|Rosa de Castilla|Rancho|Tzitzio|Michoacán de Ocampo||58241|16|58241||48|101|0135|Rural|
61334|Agua Caliente|Rancho|Tzitzio|Michoacán de Ocampo||58241|16|58241||48|101|0001|Rural|
61334|Cerritos|Rancho|Tzitzio|Michoacán de Ocampo||58241|16|58241||48|101|0010|Rural|
61334|El Inventario|Rancho|Tzitzio|Michoacán de Ocampo||58241|16|58241||48|101|0035|Rural|
61334|El Jagüey|Rancho|Tzitzio|Michoacán de Ocampo||58241|16|58241||48|101|0036|Rural|
61334|El Pino|Rancho|Tzitzio|Michoacán de Ocampo||58241|16|58241||48|101|0046|Rural|
61334|El Plan del Pino|Rancho|Tzitzio|Michoacán de Ocampo||58241|16|58241||48|101|0047|Rural|
61334|El Rincón|Rancho|Tzitzio|Michoacán de Ocampo||58241|16|58241||48|101|0054|Rural|
61334|La Mesa|Rancho|Tzitzio|Michoacán de Ocampo||58241|16|58241||48|101|0086|Rural|
61334|Las Corcomecas|Rancho|Tzitzio|Michoacán de Ocampo||58241|16|58241||48|101|0094|Rural|
61334|Los Llanitos (Los Pelillos)|Rancho|Tzitzio|Michoacán de Ocampo||58241|16|58241||48|101|0106|Rural|
61334|Los Parajes (El Pinal)|Rancho|Tzitzio|Michoacán de Ocampo||58241|16|58241||48|101|0108|Rural|
61334|Río Chiquito|Rancho|Tzitzio|Michoacán de Ocampo||58241|16|58241||48|101|0133|Rural|
61334|Santa Inés|Rancho|Tzitzio|Michoacán de Ocampo||58241|16|58241||48|101|0136|Rural|
61334|Trojitas (Las Trojas)|Rancho|Tzitzio|Michoacán de Ocampo||58241|16|58241||48|101|0141|Rural|
61335|Cruz de Ocote|Rancho|Tzitzio|Michoacán de Ocampo||58241|16|58241||48|101|0018|Rural|
61335|La Costillona (La Ceiba Costillona)|Rancho|Tzitzio|Michoacán de Ocampo||58241|16|58241||48|101|0078|Rural|
61335|Los Aguacates|Rancho|Tzitzio|Michoacán de Ocampo||58241|16|58241||48|101|0100|Rural|
61335|Manzana de Queretanillo|Pueblo|Tzitzio|Michoacán de Ocampo||58241|16|58241||28|101|0116|Rural|
61335|Patámbaro|Rancho|Tzitzio|Michoacán de Ocampo||58241|16|58241||48|101|0124|Rural|
61336|El Limón (El Limoncito)|Rancho|Tzitzio|Michoacán de Ocampo||58241|16|58241||48|101|0037|Rural|
61336|El Plan Zacatoso|Rancho|Tzitzio|Michoacán de Ocampo||58241|16|58241||48|101|0048|Rural|
61336|El Reparo|Rancho|Tzitzio|Michoacán de Ocampo||58241|16|58241||48|101|0053|Rural|
61336|La Calavera|Rancho|Tzitzio|Michoacán de Ocampo||58241|16|58241||48|101|0073|Rural|
61336|Palacio|Rancho|Tzitzio|Michoacán de Ocampo||58241|16|58241||48|101|0120|Rural|
61337|El Palmarito|Pueblo|Tzitzio|Michoacán de Ocampo||58241|16|58241||28|101|0043|Rural|
61337|Rosa de Campos (El Capire)|Rancho|Tzitzio|Michoacán de Ocampo||58241|16|58241||48|101|0134|Rural|
61340|La Cofradía (El Plan)|Rancho|Tzitzio|Michoacán de Ocampo||58241|16|58241||48|101|0077|Rural|
61340|Copuyo|Pueblo|Tzitzio|Michoacán de Ocampo||58241|16|58241||28|101|2339|Rural|
61340|Paso Ancho|Pueblo|Tzitzio|Michoacán de Ocampo||58241|16|58241||28|101|4058|Rural|
61341|Tafetán|Pueblo|Tzitzio|Michoacán de Ocampo||58241|16|58241||28|101|2340|Rural|
61343|El Mortero|Rancho|Tzitzio|Michoacán de Ocampo||58241|16|58241||48|101|0041|Rural|
61343|El Rodeo|Rancho|Tzitzio|Michoacán de Ocampo||58241|16|58241||48|101|0055|Rural|
61343|El Saucillo|Rancho|Tzitzio|Michoacán de Ocampo||58241|16|58241||48|101|0057|Rural|
61343|El Zapotito|Rancho|Tzitzio|Michoacán de Ocampo||58241|16|58241||48|101|0065|Rural|
61343|La Cofradía (El Cuervo)|Rancho|Tzitzio|Michoacán de Ocampo||58241|16|58241||48|101|0076|Rural|
61343|La Parrita|Rancho|Tzitzio|Michoacán de Ocampo||58241|16|58241||48|101|0088|Rural|
61344|Arroyo del Toro|Rancho|Tzitzio|Michoacán de Ocampo||58241|16|58241||48|101|0007|Rural|
61344|Ciruelos|Rancho|Tzitzio|Michoacán de Ocampo||58241|16|58241||48|101|0016|Rural|
61344|El Aguacate|Rancho|Tzitzio|Michoacán de Ocampo||58241|16|58241||48|101|0019|Rural|
61344|El Banco|Rancho|Tzitzio|Michoacán de Ocampo||58241|16|58241||48|101|0021|Rural|
61344|El Primer Rancho|Rancho|Tzitzio|Michoacán de Ocampo||58241|16|58241||48|101|0050|Rural|
61344|La Bufa|Rancho|Tzitzio|Michoacán de Ocampo||58241|16|58241||48|101|0072|Rural|
61344|La Jabonera (El Zapote)|Rancho|Tzitzio|Michoacán de Ocampo||58241|16|58241||48|101|0082|Rural|
61344|Los Pozos|Rancho|Tzitzio|Michoacán de Ocampo||58241|16|58241||48|101|0112|Rural|
61344|Los Sauces|Rancho|Tzitzio|Michoacán de Ocampo||58241|16|58241||48|101|0113|Rural|
61344|Puerto del Durazno|Rancho|Tzitzio|Michoacán de Ocampo||58241|16|58241||48|101|0132|Rural|
61345|Cablotera|Rancho|Tzitzio|Michoacán de Ocampo||58241|16|58241||48|101|0009|Rural|
61345|Chinapa (Puente de Chinapa)|Rancho|Tzitzio|Michoacán de Ocampo||58241|16|58241||48|101|0013|Rural|
61345|La Magdalena|Rancho|Tzitzio|Michoacán de Ocampo||58241|16|58241||48|101|0084|Rural|
61345|La Peña del Chivo|Rancho|Tzitzio|Michoacán de Ocampo||58241|16|58241||48|101|0089|Rural|
61345|Mejía|Rancho|Tzitzio|Michoacán de Ocampo||58241|16|58241||48|101|0117|Rural|
61345|Santa Rosa (La Desviación)|Rancho|Tzitzio|Michoacán de Ocampo||58241|16|58241||48|101|0137|Rural|
61346|Los Cajones|Rancho|Tzitzio|Michoacán de Ocampo||58241|16|58241||48|101|0103|Rural|
61346|Los Laurelitos|Rancho|Tzitzio|Michoacán de Ocampo||58241|16|58241||48|101|0105|Rural|
61346|Palos Verdes|Rancho|Tzitzio|Michoacán de Ocampo||58241|16|58241||48|101|0122|Rural|
61347|El Zapotillo|Ranchería|Tzitzio|Michoacán de Ocampo||58241|16|58241||29|101|0064|Rural|
61347|La Soledad|Rancho|Tzitzio|Michoacán de Ocampo||58241|16|58241||48|101|0090|Rural|
61347|La Torrecilla (Puerto de Cuicateo)|Rancho|Tzitzio|Michoacán de Ocampo||58241|16|58241||48|101|0091|Rural|
61347|Tiquihuitucha|Pueblo|Tzitzio|Michoacán de Ocampo||58241|16|58241||28|101|0140|Rural|
61350|El Ojo de Agua|Rancho|Tzitzio|Michoacán de Ocampo||58241|16|58241||48|101|0042|Rural|
61350|Devanador de Rivera|Pueblo|Tzitzio|Michoacán de Ocampo||58241|16|58241||28|101|2341|Rural|
61353|Agua Zarca Uno|Rancho|Tzitzio|Michoacán de Ocampo||58241|16|58241||48|101|0006|Rural|
61353|Las Abejas|Rancho|Tzitzio|Michoacán de Ocampo||58241|16|58241||48|101|0093|Rural|
61353|Los Azares|Rancho|Tzitzio|Michoacán de Ocampo||58241|16|58241||48|101|0102|Rural|
61353|Puerto Ancho|Rancho|Tzitzio|Michoacán de Ocampo||58241|16|58241||48|101|0131|Rural|
61354|El Manguito|Rancho|Tzitzio|Michoacán de Ocampo||58241|16|58241||48|101|0040|Rural|
61354|El Querengue|Rancho|Tzitzio|Michoacán de Ocampo||58241|16|58241||48|101|0052|Rural|
61354|Las Saibas|Rancho|Tzitzio|Michoacán de Ocampo||58241|16|58241||48|101|0098|Rural|
61354|Los Ciruelos|Rancho|Tzitzio|Michoacán de Ocampo||58241|16|58241||48|101|0104|Rural|
61354|Plan de Guadalupe (Las Iguanas)|Pueblo|Tzitzio|Michoacán de Ocampo||58241|16|58241||28|101|0129|Rural|
61354|Yranche|Ranchería|Tzitzio|Michoacán de Ocampo||58241|16|58241||29|101|0143|Rural|
61355|Barranca Honda|Rancho|Tzitzio|Michoacán de Ocampo||58241|16|58241||48|101|0008|Rural|
61355|El Anono Chino|Rancho|Tzitzio|Michoacán de Ocampo||58241|16|58241||48|101|0020|Rural|
61355|El Platanillo|Ranchería|Tzitzio|Michoacán de Ocampo||58241|16|58241||29|101|0049|Rural|
61355|El Roncador|Rancho|Tzitzio|Michoacán de Ocampo||58241|16|58241||48|101|0056|Rural|
61355|El Saucillo|Rancho|Tzitzio|Michoacán de Ocampo||58241|16|58241||48|101|0058|Rural|
61355|El Tepehuaje|Rancho|Tzitzio|Michoacán de Ocampo||58241|16|58241||48|101|0060|Rural|
61355|Irecha|Rancho|Tzitzio|Michoacán de Ocampo||58241|16|58241||48|101|0069|Rural|
61355|La Bolsa|Rancho|Tzitzio|Michoacán de Ocampo||58241|16|58241||48|101|0071|Rural|
61355|Puerta Vieja|Rancho|Tzitzio|Michoacán de Ocampo||58241|16|58241||48|101|0130|Rural|
61355|Uñas de Gato|Rancho|Tzitzio|Michoacán de Ocampo||58241|16|58241||48|101|0142|Rural|
61355|La Lagunilla|Ranchería|Tzitzio|Michoacán de Ocampo||58241|16|58241||29|101|5462|Rural|
61356|Agua Salada|Rancho|Tzitzio|Michoacán de Ocampo||58241|16|58241||48|101|0004|Rural|
61356|Cirián del Cascalote|Rancho|Tzitzio|Michoacán de Ocampo||58241|16|58241||48|101|0015|Rural|
61356|El Guajolote|Rancho|Tzitzio|Michoacán de Ocampo||58241|16|58241||48|101|0032|Rural|
61356|El Pantano|Rancho|Tzitzio|Michoacán de Ocampo||58241|16|58241||48|101|0044|Rural|
61356|El Puerto Colorado|Rancho|Tzitzio|Michoacán de Ocampo||58241|16|58241||48|101|0051|Rural|
61357|Chuparrosa|Rancho|Tzitzio|Michoacán de Ocampo||58241|16|58241||48|101|0014|Rural|
61357|Los Tepehuajes|Rancho|Tzitzio|Michoacán de Ocampo||58241|16|58241||48|101|0114|Rural|
61357|Pineda|Rancho|Tzitzio|Michoacán de Ocampo||58241|16|58241||48|101|0128|Rural|
61358|El Caimán|Rancho|Tzitzio|Michoacán de Ocampo||58241|16|58241||48|101|0023|Rural|
61358|El Charco|Rancho|Tzitzio|Michoacán de Ocampo||58241|16|58241||48|101|0024|Rural|
61358|El Huicumo|Rancho|Tzitzio|Michoacán de Ocampo||58241|16|58241||48|101|0034|Rural|
61358|El Limoncito|Rancho|Tzitzio|Michoacán de Ocampo||58241|16|58241||48|101|0038|Rural|
61360|La Huerta|Ranchería|Tzitzio|Michoacán de Ocampo||58241|16|58241||29|101|0081|Rural|
61360|Los Planes (El Plan)|Rancho|Tzitzio|Michoacán de Ocampo||58241|16|58241||48|101|0109|Rural|
61360|Piedra del Agua (Peña del Agua)|Rancho|Tzitzio|Michoacán de Ocampo||58241|16|58241||48|101|0126|Rural|
61363|Cerro de la Mula|Rancho|Tzitzio|Michoacán de Ocampo||58241|16|58241||48|101|0011|Rural|
61363|El Durazno|Rancho|Tzitzio|Michoacán de Ocampo||58241|16|58241||48|101|0028|Rural|
61363|El Durazno|Ejido|Tzitzio|Michoacán de Ocampo||58241|16|58241||15|101|0029|Rural|
61363|El Tepehuaje|Rancho|Tzitzio|Michoacán de Ocampo||58241|16|58241||48|101|0061|Rural|
61363|Las Mesas|Rancho|Tzitzio|Michoacán de Ocampo||58241|16|58241||48|101|0097|Rural|
61363|Los Llanos|Rancho|Tzitzio|Michoacán de Ocampo||58241|16|58241||48|101|0107|Rural|
61363|Mesa del Nopal|Rancho|Tzitzio|Michoacán de Ocampo||58241|16|58241||48|101|0118|Rural|
61363|Ojo de Agua|Rancho|Tzitzio|Michoacán de Ocampo||58241|16|58241||48|101|0119|Rural|
61364|Agua Zarca Dos|Rancho|Tzitzio|Michoacán de Ocampo||58241|16|58241||48|101|0005|Rural|
61364|Coronillas|Rancho|Tzitzio|Michoacán de Ocampo||58241|16|58241||48|101|0017|Rural|
61364|El Cirián de la Frontera|Rancho|Tzitzio|Michoacán de Ocampo||58241|16|58241||48|101|0026|Rural|
61364|El Fresno Uno|Rancho|Tzitzio|Michoacán de Ocampo||58241|16|58241||48|101|0030|Rural|
61364|El Garbanzal|Rancho|Tzitzio|Michoacán de Ocampo||58241|16|58241||48|101|0031|Rural|
61364|El Limoncito|Rancho|Tzitzio|Michoacán de Ocampo||58241|16|58241||48|101|0039|Rural|
61364|Jahuical|Rancho|Tzitzio|Michoacán de Ocampo||58241|16|58241||48|101|0070|Rural|
61364|La Laja|Rancho|Tzitzio|Michoacán de Ocampo||58241|16|58241||48|101|0083|Rural|
61364|Las Ánimas|Rancho|Tzitzio|Michoacán de Ocampo||58241|16|58241||48|101|0092|Rural|
61364|Los Arrayanes|Rancho|Tzitzio|Michoacán de Ocampo||58241|16|58241||48|101|0101|Rural|
61365|El Pantano (Los Pantanos)|Rancho|Tzitzio|Michoacán de Ocampo||58241|16|58241||48|101|0045|Rural|
61365|La Fragua (La Fraguita)|Rancho|Tzitzio|Michoacán de Ocampo||58241|16|58241||48|101|0079|Rural|
61365|La Palma|Rancho|Tzitzio|Michoacán de Ocampo||58241|16|58241||48|101|0087|Rural|
61365|Las Galleras|Rancho|Tzitzio|Michoacán de Ocampo||58241|16|58241||48|101|0095|Rural|
61365|La Guacamaya Uno|Ranchería|Tzitzio|Michoacán de Ocampo||58241|16|58241||29|101|2342|Rural|
61365|El Mezcal|Pueblo|Tzitzio|Michoacán de Ocampo||58241|16|58241||28|101|4059|Rural|
61365|El Conejo|Pueblo|Tzitzio|Michoacán de Ocampo||58241|16|58241||28|101|4060|Rural|
61366|Agua Fría|Rancho|Tzitzio|Michoacán de Ocampo||58241|16|58241||48|101|0003|Rural|
61366|El Derrumbadero|Rancho|Tzitzio|Michoacán de Ocampo||58241|16|58241||48|101|0027|Rural|
61366|El Tepamal|Rancho|Tzitzio|Michoacán de Ocampo||58241|16|58241||48|101|0059|Rural|
61366|El Tulillo de Abajo|Rancho|Tzitzio|Michoacán de Ocampo||58241|16|58241||48|101|0062|Rural|
61366|El Tulillo de Arriba|Rancho|Tzitzio|Michoacán de Ocampo||58241|16|58241||48|101|0063|Rural|
61366|Guayabas Agrias|Rancho|Tzitzio|Michoacán de Ocampo||58241|16|58241||48|101|0066|Rural|
61366|Guayabo de Derrumbadero (La Chatanicua)|Ranchería|Tzitzio|Michoacán de Ocampo||58241|16|58241||29|101|0067|Rural|
61366|Guayabo de Ruiz|Rancho|Tzitzio|Michoacán de Ocampo||58241|16|58241||48|101|0068|Rural|
61366|La Maroma|Rancho|Tzitzio|Michoacán de Ocampo||58241|16|58241||48|101|0085|Rural|
61366|Las Tamacuas|Rancho|Tzitzio|Michoacán de Ocampo||58241|16|58241||48|101|0099|Rural|
61366|Los Planes (La Pinzanera)|Rancho|Tzitzio|Michoacán de Ocampo||58241|16|58241||48|101|0110|Rural|
61366|Palo Quemado|Rancho|Tzitzio|Michoacán de Ocampo||58241|16|58241||48|101|0121|Rural|
61366|Santa Teresa|Rancho|Tzitzio|Michoacán de Ocampo||58241|16|58241||48|101|0138|Rural|
61366|Santas Marías|Rancho|Tzitzio|Michoacán de Ocampo||58241|16|58241||48|101|0139|Rural|
61367|El Buey|Ranchería|Tzitzio|Michoacán de Ocampo||58241|16|58241||29|101|0022|Rural|
61367|La Codorniz|Rancho|Tzitzio|Michoacán de Ocampo||58241|16|58241||48|101|0074|Rural|
61368|Agua Dulce|Rancho|Tzitzio|Michoacán de Ocampo||58241|16|58241||48|101|0002|Rural|
61368|El Chilar|Rancho|Tzitzio|Michoacán de Ocampo||58241|16|58241||48|101|0025|Rural|
61368|El Guayabito|Rancho|Tzitzio|Michoacán de Ocampo||58241|16|58241||48|101|0033|Rural|
61368|Los Potreros|Rancho|Tzitzio|Michoacán de Ocampo||58241|16|58241||48|101|0111|Rural|
61368|Páramo|Ranchería|Tzitzio|Michoacán de Ocampo||58241|16|58241||29|101|0123|Rural|
61368|Peña del Agua|Rancho|Tzitzio|Michoacán de Ocampo||58241|16|58241||48|101|0125|Rural|
61368|Piedras de Lumbre|Rancho|Tzitzio|Michoacán de Ocampo||58241|16|58241||48|101|0127|Rural|
61370|Bellavista del Río|Colonia|Tiquicheo de Nicolás Romero|Michoacán de Ocampo||61941|16|61941||09|092|0001|Urbano|
61370|Del Sol|Colonia|Tiquicheo de Nicolás Romero|Michoacán de Ocampo||61941|16|61941||09|092|0002|Urbano|
61370|Flores Magón|Colonia|Tiquicheo de Nicolás Romero|Michoacán de Ocampo||61941|16|61941||09|092|0003|Urbano|
61370|La Arboleda|Colonia|Tiquicheo de Nicolás Romero|Michoacán de Ocampo||61941|16|61941||09|092|0004|Urbano|
61370|La Cruz|Colonia|Tiquicheo de Nicolás Romero|Michoacán de Ocampo||61941|16|61941||09|092|0005|Urbano|
61370|Lázaro Cárdenas|Colonia|Tiquicheo de Nicolás Romero|Michoacán de Ocampo||61941|16|61941||09|092|0006|Urbano|
61370|Ricardo Flores Magón|Colonia|Tiquicheo de Nicolás Romero|Michoacán de Ocampo||61941|16|61941||09|092|0007|Urbano|
61370|Nuevo Albarrán|Colonia|Tiquicheo de Nicolás Romero|Michoacán de Ocampo||61941|16|61941||09|092|0124|Urbano|
61370|Tiquicheo|Pueblo|Tiquicheo de Nicolás Romero|Michoacán de Ocampo||61941|16|61941||28|092|2346|Urbano|
61373|Arroyo de las Vacas|Rancho|Tiquicheo de Nicolás Romero|Michoacán de Ocampo||61941|16|61941||48|092|0009|Rural|
61373|Arroyo Verde|Rancho|Tiquicheo de Nicolás Romero|Michoacán de Ocampo||61941|16|61941||48|092|0010|Rural|
61373|El Pinzán Morado|Rancho|Tiquicheo de Nicolás Romero|Michoacán de Ocampo||61941|16|61941||48|092|0041|Rural|
61373|El Timbe (El Timbre)|Ranchería|Tiquicheo de Nicolás Romero|Michoacán de Ocampo||61941|16|61941||29|092|0051|Rural|
61373|La Calera|Rancho|Tiquicheo de Nicolás Romero|Michoacán de Ocampo||61941|16|61941||48|092|0061|Rural|
61373|Los Cuachalalates|Rancho|Tiquicheo de Nicolás Romero|Michoacán de Ocampo||61941|16|61941||48|092|0096|Rural|
61373|Los Lampazos|Rancho|Tiquicheo de Nicolás Romero|Michoacán de Ocampo||61941|16|61941||48|092|0103|Rural|
61373|Paso Ancho|Rancho|Tiquicheo de Nicolás Romero|Michoacán de Ocampo||61941|16|61941||48|092|0111|Rural|
61373|El Zapote Chico|Ranchería|Tiquicheo de Nicolás Romero|Michoacán de Ocampo||61941|16|61941||29|092|2347|Rural|
61374|Caramécuaro|Ranchería|Tiquicheo de Nicolás Romero|Michoacán de Ocampo||61941|16|61941||29|092|0014|Rural|
61374|Copándaro|Ranchería|Tiquicheo de Nicolás Romero|Michoacán de Ocampo||61941|16|61941||29|092|0018|Rural|
61374|El Ushiel|Ranchería|Tiquicheo de Nicolás Romero|Michoacán de Ocampo||61941|16|61941||29|092|0052|Rural|
61374|Nuevo Copándaro|Ranchería|Tiquicheo de Nicolás Romero|Michoacán de Ocampo||61941|16|61941||29|092|0106|Rural|
61374|Riva Palacio (El Guajolote)|Pueblo|Tiquicheo de Nicolás Romero|Michoacán de Ocampo||61941|16|61941||28|092|2348|Rural|
61375|El Naranjo (La Hoya)|Rancho|Tiquicheo de Nicolás Romero|Michoacán de Ocampo||61941|16|61941||48|092|0037|Rural|
61375|El Zapote de Angua|Rancho|Tiquicheo de Nicolás Romero|Michoacán de Ocampo||61941|16|61941||48|092|0054|Rural|
61375|Los Cueros|Rancho|Tiquicheo de Nicolás Romero|Michoacán de Ocampo||61941|16|61941||48|092|0097|Rural|
61375|El Guayabo de Chapín|Ranchería|Tiquicheo de Nicolás Romero|Michoacán de Ocampo||61941|16|61941||29|092|2349|Rural|
61376|Agua Zarca|Rancho|Tiquicheo de Nicolás Romero|Michoacán de Ocampo||61941|16|61941||48|092|0008|Rural|
61376|El Caracol|Rancho|Tiquicheo de Nicolás Romero|Michoacán de Ocampo||61941|16|61941||48|092|0023|Rural|
61376|El Chilar|Rancho|Tiquicheo de Nicolás Romero|Michoacán de Ocampo||61941|16|61941||48|092|0024|Rural|
61376|El Guayabal (Paso del Guayabal)|Rancho|Tiquicheo de Nicolás Romero|Michoacán de Ocampo||61941|16|61941||48|092|0029|Rural|
61376|El Plan|Rancho|Tiquicheo de Nicolás Romero|Michoacán de Ocampo||61941|16|61941||48|092|0042|Rural|
61376|La Crucita|Rancho|Tiquicheo de Nicolás Romero|Michoacán de Ocampo||61941|16|61941||48|092|0064|Rural|
61376|Las Ceibillas (Pueblo Viejo)|Rancho|Tiquicheo de Nicolás Romero|Michoacán de Ocampo||61941|16|61941||48|092|0083|Rural|
61376|Las Paredes|Rancho|Tiquicheo de Nicolás Romero|Michoacán de Ocampo||61941|16|61941||48|092|0086|Rural|
61376|Los Carricitos|Rancho|Tiquicheo de Nicolás Romero|Michoacán de Ocampo||61941|16|61941||48|092|0094|Rural|
61376|Los Corongoros|Rancho|Tiquicheo de Nicolás Romero|Michoacán de Ocampo||61941|16|61941||48|092|0095|Rural|
61376|Palos Mochos (La Crucita)|Rancho|Tiquicheo de Nicolás Romero|Michoacán de Ocampo||61941|16|61941||48|092|0109|Rural|
61376|Santa Rita|Rancho|Tiquicheo de Nicolás Romero|Michoacán de Ocampo||61941|16|61941||48|092|0120|Rural|
61376|El Terrero|Ranchería|Tiquicheo de Nicolás Romero|Michoacán de Ocampo||61941|16|61941||29|092|2344|Rural|
61377|El Añil|Rancho|Tiquicheo de Nicolás Romero|Michoacán de Ocampo||61941|16|61941||48|092|0020|Rural|
61377|El Paso del Limón|Ranchería|Tiquicheo de Nicolás Romero|Michoacán de Ocampo||61941|16|61941||29|092|0039|Rural|
61377|La Anonera|Rancho|Tiquicheo de Nicolás Romero|Michoacán de Ocampo||61941|16|61941||48|092|0059|Rural|
61377|Las Piñas|Rancho|Tiquicheo de Nicolás Romero|Michoacán de Ocampo||61941|16|61941||48|092|0087|Rural|
61377|Ceibas de Trujillo|Ranchería|Tiquicheo de Nicolás Romero|Michoacán de Ocampo||61941|16|61941||29|092|2343|Rural|
61377|Huahuasco|Ranchería|Tiquicheo de Nicolás Romero|Michoacán de Ocampo||61941|16|61941||29|092|2345|Rural|
61378|El Entronque|Rancho|Tiquicheo de Nicolás Romero|Michoacán de Ocampo||61941|16|61941||48|092|0025|Rural|
61378|Papatzindán de Romero (El Limón)|Pueblo|Tiquicheo de Nicolás Romero|Michoacán de Ocampo||61941|16|61941||28|092|2350|Rural|
61380|Purungueo|Pueblo|Tiquicheo de Nicolás Romero|Michoacán de Ocampo||61941|16|61941||28|092|2351|Rural|
61383|Panguaro|Rancho|Tiquicheo de Nicolás Romero|Michoacán de Ocampo||61941|16|61941||48|092|0110|Rural|
61384|Buenavista|Rancho|Tiquicheo de Nicolás Romero|Michoacán de Ocampo||61941|16|61941||48|092|0013|Rural|
61384|Charco el Ansia|Rancho|Tiquicheo de Nicolás Romero|Michoacán de Ocampo||61941|16|61941||48|092|0016|Rural|
61384|La Bermeja|Rancho|Tiquicheo de Nicolás Romero|Michoacán de Ocampo||61941|16|61941||48|092|0060|Rural|
61384|Puerto del Changungo|Rancho|Tiquicheo de Nicolás Romero|Michoacán de Ocampo||61941|16|61941||48|092|0117|Rural|
61384|El Cirián Grande|Pueblo|Tiquicheo de Nicolás Romero|Michoacán de Ocampo||61941|16|61941||28|092|3990|Rural|
61385|Monte Grande|Rancho|Tiquicheo de Nicolás Romero|Michoacán de Ocampo||61941|16|61941||48|092|0105|Rural|
61386|El Pinzán|Rancho|Tiquicheo de Nicolás Romero|Michoacán de Ocampo||61941|16|61941||48|092|0040|Rural|
61386|El Rodeo|Ranchería|Tiquicheo de Nicolás Romero|Michoacán de Ocampo||61941|16|61941||29|092|0046|Rural|
61386|Piedra China|Ranchería|Tiquicheo de Nicolás Romero|Michoacán de Ocampo||61941|16|61941||29|092|0112|Rural|
61387|El Guayabito|Rancho|Tiquicheo de Nicolás Romero|Michoacán de Ocampo||61941|16|61941||48|092|0030|Rural|
61387|El Puertecito (El Puertecito de las Lagunas)|Rancho|Tiquicheo de Nicolás Romero|Michoacán de Ocampo||61941|16|61941||48|092|0043|Rural|
61387|El Tecolote|Rancho|Tiquicheo de Nicolás Romero|Michoacán de Ocampo||61941|16|61941||48|092|0048|Rural|
61387|Guayabo Zancón|Rancho|Tiquicheo de Nicolás Romero|Michoacán de Ocampo||61941|16|61941||48|092|0057|Rural|
61387|La Ceibita|Rancho|Tiquicheo de Nicolás Romero|Michoacán de Ocampo||61941|16|61941||48|092|0063|Rural|
61387|La Escondida|Ranchería|Tiquicheo de Nicolás Romero|Michoacán de Ocampo||61941|16|61941||29|092|0068|Rural|
61387|La Jabonera|Rancho|Tiquicheo de Nicolás Romero|Michoacán de Ocampo||61941|16|61941||48|092|0071|Rural|
61387|Las Juntas (Las Juntas del Naranjo)|Rancho|Tiquicheo de Nicolás Romero|Michoacán de Ocampo||61941|16|61941||48|092|0084|Rural|
61387|Los Cuitases|Ranchería|Tiquicheo de Nicolás Romero|Michoacán de Ocampo||61941|16|61941||29|092|0098|Rural|
61390|El Llano (San Miguel Canario)|Pueblo|Tiquicheo de Nicolás Romero|Michoacán de Ocampo||61941|16|61941||28|092|0035|Rural|
61390|La Escurana|Rancho|Tiquicheo de Nicolás Romero|Michoacán de Ocampo||61941|16|61941||48|092|0069|Rural|
61390|Puerto de las Canoas|Rancho|Tiquicheo de Nicolás Romero|Michoacán de Ocampo||61941|16|61941||48|092|0116|Rural|
61393|Cuarangueo|Ranchería|Tiquicheo de Nicolás Romero|Michoacán de Ocampo||61941|16|61941||29|092|0019|Rural|
61393|El Limón de los Negros|Rancho|Tiquicheo de Nicolás Romero|Michoacán de Ocampo||61941|16|61941||48|092|0034|Rural|
61393|El Respaldo|Rancho|Tiquicheo de Nicolás Romero|Michoacán de Ocampo||61941|16|61941||48|092|0045|Rural|
61393|Los Hornos|Rancho|Tiquicheo de Nicolás Romero|Michoacán de Ocampo||61941|16|61941||48|092|0099|Rural|
61393|Las Anonas|Ranchería|Tiquicheo de Nicolás Romero|Michoacán de Ocampo||61941|16|61941||29|092|2352|Rural|
61393|Ojo de Agua|Ranchería|Tiquicheo de Nicolás Romero|Michoacán de Ocampo||61941|16|61941||29|092|2353|Rural|
61393|San Pedro|Ranchería|Tiquicheo de Nicolás Romero|Michoacán de Ocampo||61941|16|61941||29|092|2354|Rural|
61393|Tzentzénguaro|Ranchería|Tiquicheo de Nicolás Romero|Michoacán de Ocampo||61941|16|61941||29|092|2355|Rural|
61393|Zirúcuaro|Ranchería|Tiquicheo de Nicolás Romero|Michoacán de Ocampo||61941|16|61941||29|092|2356|Rural|
61394|El Manguito|Rancho|Tiquicheo de Nicolás Romero|Michoacán de Ocampo||61941|16|61941||48|092|0036|Rural|
61394|El Queretano|Rancho|Tiquicheo de Nicolás Romero|Michoacán de Ocampo||61941|16|61941||48|092|0044|Rural|
61394|El Zapién|Rancho|Tiquicheo de Nicolás Romero|Michoacán de Ocampo||61941|16|61941||48|092|0053|Rural|
61394|Gallitos (Siete Carreras)|Rancho|Tiquicheo de Nicolás Romero|Michoacán de Ocampo||61941|16|61941||48|092|0056|Rural|
61394|La Minita|Rancho|Tiquicheo de Nicolás Romero|Michoacán de Ocampo||61941|16|61941||48|092|0074|Rural|
61394|La Parrita|Rancho|Tiquicheo de Nicolás Romero|Michoacán de Ocampo||61941|16|61941||48|092|0077|Rural|
61394|La Pastoría|Rancho|Tiquicheo de Nicolás Romero|Michoacán de Ocampo||61941|16|61941||48|092|0078|Rural|
61394|La Torrecilla|Rancho|Tiquicheo de Nicolás Romero|Michoacán de Ocampo||61941|16|61941||48|092|0080|Rural|
61394|Los Hoyos|Rancho|Tiquicheo de Nicolás Romero|Michoacán de Ocampo||61941|16|61941||48|092|0100|Rural|
61394|Puerto Metates|Ranchería|Tiquicheo de Nicolás Romero|Michoacán de Ocampo||61941|16|61941||29|092|0118|Rural|
61395|El Algodón|Rancho|Tiquicheo de Nicolás Romero|Michoacán de Ocampo||61941|16|61941||48|092|0022|Rural|
61395|El Guayabo|Rancho|Tiquicheo de Nicolás Romero|Michoacán de Ocampo||61941|16|61941||48|092|0032|Rural|
61395|La Carrerita|Rancho|Tiquicheo de Nicolás Romero|Michoacán de Ocampo||61941|16|61941||48|092|0062|Rural|
61395|Loma de las Yeguas|Rancho|Tiquicheo de Nicolás Romero|Michoacán de Ocampo||61941|16|61941||48|092|0092|Rural|
61395|Loma García|Rancho|Tiquicheo de Nicolás Romero|Michoacán de Ocampo||61941|16|61941||48|092|0093|Rural|
61395|Plan del Salmerón|Rancho|Tiquicheo de Nicolás Romero|Michoacán de Ocampo||61941|16|61941||48|092|0115|Rural|
61395|El Palmar|Pueblo|Tiquicheo de Nicolás Romero|Michoacán de Ocampo||61941|16|61941||28|092|3991|Rural|
61396|El Aguacate|Rancho|Tiquicheo de Nicolás Romero|Michoacán de Ocampo||61941|16|61941||48|092|0021|Rural|
61396|El Guanil|Rancho|Tiquicheo de Nicolás Romero|Michoacán de Ocampo||61941|16|61941||48|092|0028|Rural|
61396|La Dibujada|Rancho|Tiquicheo de Nicolás Romero|Michoacán de Ocampo||61941|16|61941||48|092|0066|Rural|
61396|La Maestranza|Rancho|Tiquicheo de Nicolás Romero|Michoacán de Ocampo||61941|16|61941||48|092|0073|Rural|
61396|Las Tocuseras|Rancho|Tiquicheo de Nicolás Romero|Michoacán de Ocampo||61941|16|61941||48|092|0089|Rural|
61396|Las Trojas|Rancho|Tiquicheo de Nicolás Romero|Michoacán de Ocampo||61941|16|61941||48|092|0090|Rural|
61396|Los Huérfanos (La Esmeralda)|Rancho|Tiquicheo de Nicolás Romero|Michoacán de Ocampo||61941|16|61941||48|092|0101|Rural|
61396|Los Jazmines|Rancho|Tiquicheo de Nicolás Romero|Michoacán de Ocampo||61941|16|61941||48|092|0102|Rural|
61396|Palmeros|Rancho|Tiquicheo de Nicolás Romero|Michoacán de Ocampo||61941|16|61941||48|092|0107|Rural|
61396|Palmo Real|Rancho|Tiquicheo de Nicolás Romero|Michoacán de Ocampo||61941|16|61941||48|092|0108|Rural|
61396|Pionías|Rancho|Tiquicheo de Nicolás Romero|Michoacán de Ocampo||61941|16|61941||48|092|0113|Rural|
61397|Boca de León|Rancho|Tiquicheo de Nicolás Romero|Michoacán de Ocampo||61941|16|61941||48|092|0011|Rural|
61397|El Frijolar|Rancho|Tiquicheo de Nicolás Romero|Michoacán de Ocampo||61941|16|61941||48|092|0026|Rural|
61397|El Tejocote|Rancho|Tiquicheo de Nicolás Romero|Michoacán de Ocampo||61941|16|61941||48|092|0049|Rural|
61397|La Despensa|Rancho|Tiquicheo de Nicolás Romero|Michoacán de Ocampo||61941|16|61941||48|092|0065|Rural|
61397|La Dispersa (El Nopalito)|Rancho|Tiquicheo de Nicolás Romero|Michoacán de Ocampo||61941|16|61941||48|092|0067|Rural|
61397|La Gobernadora|Rancho|Tiquicheo de Nicolás Romero|Michoacán de Ocampo||61941|16|61941||48|092|0070|Rural|
61397|La Joya|Rancho|Tiquicheo de Nicolás Romero|Michoacán de Ocampo||61941|16|61941||48|092|0072|Rural|
61397|Las Ceibas|Rancho|Tiquicheo de Nicolás Romero|Michoacán de Ocampo||61941|16|61941||48|092|0082|Rural|
61397|Las Palmas|Rancho|Tiquicheo de Nicolás Romero|Michoacán de Ocampo||61941|16|61941||48|092|0085|Rural|
61397|Las Soromutas|Rancho|Tiquicheo de Nicolás Romero|Michoacán de Ocampo||61941|16|61941||48|092|0088|Rural|
61397|Las Trojas|Rancho|Tiquicheo de Nicolás Romero|Michoacán de Ocampo||61941|16|61941||48|092|0091|Rural|
61397|Los Pinos|Rancho|Tiquicheo de Nicolás Romero|Michoacán de Ocampo||61941|16|61941||48|092|0104|Rural|
61397|Plan de Bautista|Rancho|Tiquicheo de Nicolás Romero|Michoacán de Ocampo||61941|16|61941||48|092|0114|Rural|
61397|Talayote|Rancho|Tiquicheo de Nicolás Romero|Michoacán de Ocampo||61941|16|61941||48|092|0121|Rural|
61397|Triguitos|Rancho|Tiquicheo de Nicolás Romero|Michoacán de Ocampo||61941|16|61941||48|092|0122|Rural|
61398|Buenavista|Rancho|Tiquicheo de Nicolás Romero|Michoacán de Ocampo||61941|16|61941||48|092|0012|Rural|
61398|El Güinduri|Rancho|Tiquicheo de Nicolás Romero|Michoacán de Ocampo||61941|16|61941||48|092|0027|Rural|
61398|El Guayabito (Los Jazmincitos)|Rancho|Tiquicheo de Nicolás Romero|Michoacán de Ocampo||61941|16|61941||48|092|0031|Rural|
61398|El Pantano|Rancho|Tiquicheo de Nicolás Romero|Michoacán de Ocampo||61941|16|61941||48|092|0038|Rural|
61398|La Orejana|Rancho|Tiquicheo de Nicolás Romero|Michoacán de Ocampo||61941|16|61941||48|092|0075|Rural|
61398|La Parota|Rancho|Tiquicheo de Nicolás Romero|Michoacán de Ocampo||61941|16|61941||48|092|0076|Rural|
61398|La Saladera|Rancho|Tiquicheo de Nicolás Romero|Michoacán de Ocampo||61941|16|61941||48|092|0079|Rural|
61398|Yostio|Rancho|Tiquicheo de Nicolás Romero|Michoacán de Ocampo||61941|16|61941||48|092|0123|Rural|
61399|El Jabalí|Rancho|Tiquicheo de Nicolás Romero|Michoacán de Ocampo||61941|16|61941||48|092|0033|Rural|
61399|El Tamarindo (La Curva)|Ranchería|Tiquicheo de Nicolás Romero|Michoacán de Ocampo||61941|16|61941||29|092|0047|Rural|
61399|El Zapote Grande|Ranchería|Tiquicheo de Nicolás Romero|Michoacán de Ocampo||61941|16|61941||29|092|0055|Rural|
61399|La Yerbabuena|Rancho|Tiquicheo de Nicolás Romero|Michoacán de Ocampo||61941|16|61941||48|092|0081|Rural|
61399|Mojarras (San Carlos)|Ranchería|Tiquicheo de Nicolás Romero|Michoacán de Ocampo||61941|16|61941||29|092|2357|Rural|
61399|El Llano de Zapote Grande|Pueblo|Tiquicheo de Nicolás Romero|Michoacán de Ocampo||61941|16|61941||28|092|2358|Rural|
61400|Aserradero|Colonia|Aporo|Michoacán de Ocampo||61101|16|61101||09|007|0001|Urbano|
61400|Aporo|Pueblo|Aporo|Michoacán de Ocampo||61101|16|61101||28|007|2360|Urbano|
61402|Arroyo Seco|Ranchería|Aporo|Michoacán de Ocampo||61101|16|61101||29|007|2362|Rural|
61403|Rincón de Soto (El Oyamel)|Ranchería|Aporo|Michoacán de Ocampo||61101|16|61101||29|007|2363|Rural|
61404|Alvarado|Ranchería|Aporo|Michoacán de Ocampo||61101|16|61101||29|007|0002|Rural|
61404|Zarzamora|Rancho|Aporo|Michoacán de Ocampo||61101|16|61101||48|007|0004|Rural|
61404|Martinillos Juan Pérez|Ranchería|Aporo|Michoacán de Ocampo||61101|16|61101||29|007|2361|Rural|
61405|Ojo de Agua|Ranchería|Aporo|Michoacán de Ocampo||61101|16|61101||29|007|0003|Rural|
61410|Las Mesas|Barrio|Angangueo|Michoacán de Ocampo||61501|16|61501||02|005|0001|Urbano|
61410|Carrillos|Colonia|Angangueo|Michoacán de Ocampo||61501|16|61501||09|005|0002|Urbano|
61410|Catingon|Colonia|Angangueo|Michoacán de Ocampo||61501|16|61501||09|005|0003|Urbano|
61410|El Monumento|Colonia|Angangueo|Michoacán de Ocampo||61501|16|61501||09|005|0004|Urbano|
61410|El Rescate|Colonia|Angangueo|Michoacán de Ocampo||61501|16|61501||09|005|0005|Urbano|
61410|El Sauz|Colonia|Angangueo|Michoacán de Ocampo||61501|16|61501||09|005|0006|Urbano|
61410|La Mina|Colonia|Angangueo|Michoacán de Ocampo||61501|16|61501||09|005|0007|Urbano|
61410|Las Colonias|Colonia|Angangueo|Michoacán de Ocampo||61501|16|61501||09|005|0008|Urbano|
61410|Morelos|Colonia|Angangueo|Michoacán de Ocampo||61501|16|61501||09|005|0009|Urbano|
61410|Pareceres|Colonia|Angangueo|Michoacán de Ocampo||61501|16|61501||09|005|0010|Urbano|
61410|San Marcial|Colonia|Angangueo|Michoacán de Ocampo||61501|16|61501||09|005|0011|Urbano|
61410|San Pedro|Colonia|Angangueo|Michoacán de Ocampo||61501|16|61501||09|005|0012|Urbano|
61410|Sustentable Monarca (Las Casitas)|Barrio|Angangueo|Michoacán de Ocampo||61501|16|61501||02|005|0023|Urbano|
61410|Mineral de Angangueo|Pueblo|Angangueo|Michoacán de Ocampo||61501|16|61501||28|005|2364|Urbano|
61410|La Estación|Colonia|Angangueo|Michoacán de Ocampo||61501|16|61501||09|005|2365|Urbano|
61413|Barrio de San Pedro|Rancho|Angangueo|Michoacán de Ocampo||61501|16|61501||48|005|0013|Rural|
61413|Cerro del Melón|Rancho|Angangueo|Michoacán de Ocampo||61501|16|61501||48|005|0014|Rural|
61413|El Tigre (Nueva Comunidad el Tigre)|Ranchería|Angangueo|Michoacán de Ocampo||61501|16|61501||29|005|0017|Rural|
61413|La Salud|Ranchería|Angangueo|Michoacán de Ocampo||61501|16|61501||29|005|2368|Rural|
61414|Manzana de la Trinidad (La Junta)|Ranchería|Angangueo|Michoacán de Ocampo||61501|16|61501||29|005|0019|Rural|
61414|El Puerto|Ranchería|Angangueo|Michoacán de Ocampo||61501|16|61501||29|005|0024|Rural|
61414|San Antonio|Pueblo|Angangueo|Michoacán de Ocampo||61501|16|61501||28|005|4001|Rural|
61415|Ampliación Nueva el Pedregal|Rancho|Angangueo|Michoacán de Ocampo||61501|16|61501||48|005|0025|Rural|
61415|La Calera|Ranchería|Angangueo|Michoacán de Ocampo||61501|16|61501||29|005|0026|Rural|
61415|Independencia|Colonia|Angangueo|Michoacán de Ocampo||61501|16|61501||09|005|2366|Rural|
61415|La Rondanilla (Primer Cuartel)|Ranchería|Angangueo|Michoacán de Ocampo||61501|16|61501||29|005|2367|Rural|
61415|Jesús de Nazareno (La Hacienda)|Ranchería|Angangueo|Michoacán de Ocampo||61501|16|61501||29|005|2369|Rural|
61416|Primera Manzana de Nicolás Romero (Los Mimbres)|Ranchería|Angangueo|Michoacán de Ocampo||61501|16|61501||29|005|0020|Rural|
61416|Segunda Manzana de Nicolás Romero (Cañada del Muer|Ranchería|Angangueo|Michoacán de Ocampo||61501|16|61501||29|005|0021|Rural|
61416|Segundo Cuartel de Rondanilla|Ranchería|Angangueo|Michoacán de Ocampo||61501|16|61501||29|005|0022|Rural|
61417|Dolores|Ranchería|Angangueo|Michoacán de Ocampo||61501|16|61501||29|005|0015|Rural|
61417|El Llano de las Papas|Rancho|Angangueo|Michoacán de Ocampo||61501|16|61501||48|005|0016|Rural|
61417|Las Jaras|Ranchería|Angangueo|Michoacán de Ocampo||61501|16|61501||29|005|0018|Rural|
61420|Tuxpan Centro|Colonia|Tuxpan|Michoacán de Ocampo|Tuxpan|61421|16|61421||09|098|2375|Urbano|24
61423|Los Milagros|Colonia|Tuxpan|Michoacán de Ocampo|Tuxpan|61421|16|61421||09|098|3933|Urbano|24
61423|El Chamizal|Colonia|Tuxpan|Michoacán de Ocampo|Tuxpan|61421|16|61421||09|098|3934|Urbano|24
61424|Luis Donaldo Colosio|Colonia|Tuxpan|Michoacán de Ocampo|Tuxpan|61421|16|61421||09|098|3936|Urbano|24
61424|Vista del Valle|Colonia|Tuxpan|Michoacán de Ocampo|Tuxpan|61421|16|61421||09|098|3937|Urbano|24
61425|El Salitre|Colonia|Tuxpan|Michoacán de Ocampo|Tuxpan|61421|16|61421||09|098|3938|Urbano|24
61425|San Victoriano|Colonia|Tuxpan|Michoacán de Ocampo|Tuxpan|61421|16|61421||09|098|3939|Urbano|24
61426|El Malacate|Colonia|Tuxpan|Michoacán de Ocampo|Tuxpan|61421|16|61421||09|098|3940|Urbano|24
61426|El Pedregal|Colonia|Tuxpan|Michoacán de Ocampo|Tuxpan|61421|16|61421||09|098|3941|Urbano|24
61426|El Tambor|Colonia|Tuxpan|Michoacán de Ocampo|Tuxpan|61421|16|61421||09|098|3942|Urbano|24
61426|Santa Catarina|Colonia|Tuxpan|Michoacán de Ocampo|Tuxpan|61421|16|61421||09|098|3943|Urbano|24
61427|Río Grande|Colonia|Tuxpan|Michoacán de Ocampo|Tuxpan|61421|16|61421||09|098|3944|Urbano|24
61427|Valle del Jornal|Colonia|Tuxpan|Michoacán de Ocampo|Tuxpan|61421|16|61421||09|098|3945|Urbano|24
61428|Pueblita|Colonia|Tuxpan|Michoacán de Ocampo|Tuxpan|61421|16|61421||09|098|3946|Urbano|24
61428|Santa Ana|Colonia|Tuxpan|Michoacán de Ocampo|Tuxpan|61421|16|61421||09|098|3947|Urbano|24
61428|El Rincón de Sánchez|Pueblo|Tuxpan|Michoacán de Ocampo|Tuxpan|61421|16|61421||28|098|4269|Urbano|24
61430|Rincón de Cofradía|Ranchería|Tuxpan|Michoacán de Ocampo||61421|16|61421||29|098|0040|Rural|
61430|Crucero de Cofradía|Fraccionamiento|Tuxpan|Michoacán de Ocampo||61421|16|61421||21|098|3948|Rural|
61430|Cofradía de Guadalupe (Manzana de Cofradía)|Ranchería|Tuxpan|Michoacán de Ocampo||61421|16|61421||29|098|3949|Rural|
61430|Cofradía de San José|Pueblo|Tuxpan|Michoacán de Ocampo||61421|16|61421||28|098|3950|Rural|
61434|El Salitre|Rancho|Tuxpan|Michoacán de Ocampo||61421|16|61421||48|098|0020|Rural|
61434|Moro Chico|Rancho|Tuxpan|Michoacán de Ocampo||61421|16|61421||48|098|0036|Rural|
61434|La Mesa de San Isidro|Pueblo|Tuxpan|Michoacán de Ocampo||61421|16|61421||28|098|4211|Rural|
61434|Milpillas (El Capulín)|Pueblo|Tuxpan|Michoacán de Ocampo||61421|16|61421||28|098|4212|Rural|
61435|Jaripito (Jaripitio)|Ranchería|Tuxpan|Michoacán de Ocampo||61421|16|61421||29|098|0024|Rural|
61435|La Ciénega|Rancho|Tuxpan|Michoacán de Ocampo||61421|16|61421||48|098|0025|Rural|
61435|La Herradura|Ranchería|Tuxpan|Michoacán de Ocampo||61421|16|61421||29|098|0027|Rural|
61435|Palo Blanco|Ranchería|Tuxpan|Michoacán de Ocampo||61421|16|61421||29|098|0038|Rural|
61435|Laguna Seca|Ranchería|Tuxpan|Michoacán de Ocampo||61421|16|61421||29|098|2373|Rural|
61435|Jacuarillo|Ranchería|Tuxpan|Michoacán de Ocampo||61421|16|61421||29|098|3951|Rural|
61436|Laguna Seca|Colonia|Tuxpan|Michoacán de Ocampo||61421|16|61421||09|098|0005|Rural|
61436|Puerto del Obispo|Colonia|Tuxpan|Michoacán de Ocampo||61421|16|61421||09|098|0007|Rural|
61436|Vista Hermosa|Colonia|Tuxpan|Michoacán de Ocampo||61421|16|61421||09|098|0008|Rural|
61436|Corucha|Rancho|Tuxpan|Michoacán de Ocampo||61421|16|61421||48|098|0009|Rural|
61436|Las Canoas|Ranchería|Tuxpan|Michoacán de Ocampo||61421|16|61421||29|098|0032|Rural|
61436|Rincón de Corucha|Ranchería|Tuxpan|Michoacán de Ocampo||61421|16|61421||29|098|0041|Rural|
61436|Benito Juárez|Colonia|Tuxpan|Michoacán de Ocampo||61421|16|61421||09|098|0044|Rural|
61436|Segunda Manzana del Tambor|Ranchería|Tuxpan|Michoacán de Ocampo||61421|16|61421||29|098|0045|Rural|
61436|Puerto del Obispo|Rancho|Tuxpan|Michoacán de Ocampo||61421|16|61421||48|098|3953|Rural|
61437|Ampliación la Soledad (Lindavista)|Rancho|Tuxpan|Michoacán de Ocampo||61421|16|61421||48|098|0002|Rural|
61437|Nueva Mariel [Radio Difusora]|Colonia|Tuxpan|Michoacán de Ocampo||61421|16|61421||09|098|0006|Rural|
61437|El Malacate|Pueblo|Tuxpan|Michoacán de Ocampo||61421|16|61421||28|098|0016|Rural|
61437|La Presa|Ranchería|Tuxpan|Michoacán de Ocampo||61421|16|61421||29|098|0031|Rural|
61437|Los Lobos|Ranchería|Tuxpan|Michoacán de Ocampo||61421|16|61421||29|098|0035|Rural|
61437|La Soledad|Ranchería|Tuxpan|Michoacán de Ocampo||61421|16|61421||29|098|2377|Rural|
61438|Acúmbaro|Ranchería|Tuxpan|Michoacán de Ocampo||61421|16|61421||29|098|0001|Rural|
61438|El Potrero del Paso|Ranchería|Tuxpan|Michoacán de Ocampo||61421|16|61421||29|098|0018|Rural|
61438|Huanimoro|Ranchería|Tuxpan|Michoacán de Ocampo||61421|16|61421||29|098|0023|Rural|
61438|Los Ailes|Ranchería|Tuxpan|Michoacán de Ocampo||61421|16|61421||29|098|0047|Rural|
61438|El Jazmín|Ranchería|Tuxpan|Michoacán de Ocampo||61421|16|61421||29|098|2371|Rural|
61438|Turundeo|Pueblo|Tuxpan|Michoacán de Ocampo||61421|16|61421||28|098|2378|Rural|
61438|Puerto de la Cantera (Las Palmitas)|Ranchería|Tuxpan|Michoacán de Ocampo||61421|16|61421||29|098|3952|Rural|
61440|Cerrito Colorado|Ranchería|Tuxpan|Michoacán de Ocampo||61421|16|61421||29|098|0003|Rural|
61440|El Aguacate (Primera Manzana)|Ranchería|Tuxpan|Michoacán de Ocampo||61421|16|61421||29|098|0010|Rural|
61440|El Paraíso|Ranchería|Tuxpan|Michoacán de Ocampo||61421|16|61421||29|098|0017|Rural|
61440|La Providencia|Ranchería|Tuxpan|Michoacán de Ocampo||61421|16|61421||29|098|2374|Rural|
61443|El Aguacate (Segunda Manzana Casa Blanca)|Ranchería|Tuxpan|Michoacán de Ocampo||61421|16|61421||29|098|0011|Rural|
61443|La Ororicua|Ranchería|Tuxpan|Michoacán de Ocampo||61421|16|61421||29|098|0028|Rural|
61443|Los Fresnos|Ranchería|Tuxpan|Michoacán de Ocampo||61421|16|61421||29|098|0034|Rural|
61443|Rincón de Sánchez|Ranchería|Tuxpan|Michoacán de Ocampo||61421|16|61421||29|098|0042|Rural|
61443|Santa Ana|Colonia|Tuxpan|Michoacán de Ocampo||61421|16|61421||09|098|0043|Rural|
61444|Cuauhtémoc|Colonia|Tuxpan|Michoacán de Ocampo||61421|16|61421||09|098|0004|Rural|
61444|El Descolgadero|Rancho|Tuxpan|Michoacán de Ocampo||61421|16|61421||48|098|0013|Rural|
61444|El Terrero (Paso del Muerto)|Rancho|Tuxpan|Michoacán de Ocampo||61421|16|61421||48|098|0022|Rural|
61444|La Palma|Rancho|Tuxpan|Michoacán de Ocampo||61421|16|61421||48|098|0029|Rural|
61444|Ortiga de la Reforma|Rancho|Tuxpan|Michoacán de Ocampo||61421|16|61421||48|098|0037|Rural|
61445|El Gallo|Rancho|Tuxpan|Michoacán de Ocampo||61421|16|61421||48|098|0014|Rural|
61445|El Llano|Ranchería|Tuxpan|Michoacán de Ocampo||61421|16|61421||29|098|0015|Rural|
61445|La Pitaya|Rancho|Tuxpan|Michoacán de Ocampo||61421|16|61421||48|098|0030|Rural|
61445|Villa de las Flores|Fraccionamiento|Tuxpan|Michoacán de Ocampo||61421|16|61421||21|098|0046|Rural|
61446|El Sabinal|Ranchería|Tuxpan|Michoacán de Ocampo||61421|16|61421||29|098|0019|Rural|
61446|El Salitre|Rancho|Tuxpan|Michoacán de Ocampo||61421|16|61421||48|098|0021|Rural|
61446|La Era|Rancho|Tuxpan|Michoacán de Ocampo||61421|16|61421||48|098|0026|Rural|
61446|Laurelitos|Ranchería|Tuxpan|Michoacán de Ocampo||61421|16|61421||29|098|0033|Rural|
61446|Patámbaro|Pueblo|Tuxpan|Michoacán de Ocampo||61421|16|61421||28|098|4052|Rural|
61447|El Carrizal (El Ailar)|Rancho|Tuxpan|Michoacán de Ocampo||61421|16|61421||48|098|0012|Rural|
61447|Puerto de la Ardilla|Rancho|Tuxpan|Michoacán de Ocampo||61421|16|61421||48|098|0039|Rural|
61447|El Ailar|Pueblo|Tuxpan|Michoacán de Ocampo||61421|16|61421||28|098|4053|Rural|
61450|Ampliación Remedios|Colonia|Ocampo|Michoacán de Ocampo||61501|16|61501||09|061|0001|Urbano|
61450|Damaso Cárdenas|Colonia|Ocampo|Michoacán de Ocampo||61501|16|61501||09|061|0002|Urbano|
61450|El Capulín|Colonia|Ocampo|Michoacán de Ocampo||61501|16|61501||09|061|0003|Urbano|
61450|La Mora|Colonia|Ocampo|Michoacán de Ocampo||61501|16|61501||09|061|0004|Urbano|
61450|Ocampo|Pueblo|Ocampo|Michoacán de Ocampo||61501|16|61501||28|061|2383|Urbano|
61453|Hervidero y Plancha (Cuauhtémoc)|Ranchería|Ocampo|Michoacán de Ocampo||61501|16|61501||29|061|0008|Rural|
61453|Corral Falso|Rancho|Ocampo|Michoacán de Ocampo||61501|16|61501||48|061|0013|Rural|
61453|El Soldado Anónimo|Ejido|Ocampo|Michoacán de Ocampo||61501|16|61501||15|061|2380|Rural|
61453|El Llano (Cerro de la Cocina)|Pueblo|Ocampo|Michoacán de Ocampo||61501|16|61501||28|061|4030|Rural|
61454|Hernández (El Paso)|Rancho|Ocampo|Michoacán de Ocampo||61501|16|61501||48|061|0007|Rural|
61454|Dolores|Rancho|Ocampo|Michoacán de Ocampo||61501|16|61501||48|061|0014|Rural|
61454|El Paso de San Cristóbal|Rancho|Ocampo|Michoacán de Ocampo||61501|16|61501||48|061|0017|Rural|
61454|El Paso|Ranchería|Ocampo|Michoacán de Ocampo||61501|16|61501||29|061|2384|Rural|
61454|San Juan|Ranchería|Ocampo|Michoacán de Ocampo||61501|16|61501||29|061|2387|Rural|
61455|Las Joyas|Rancho|Ocampo|Michoacán de Ocampo||61501|16|61501||48|061|0011|Rural|
61455|El Fresno|Rancho|Ocampo|Michoacán de Ocampo||61501|16|61501||48|061|0015|Rural|
61455|La Ciénega|Rancho|Ocampo|Michoacán de Ocampo||61501|16|61501||48|061|0021|Rural|
61455|Santa Ana|Ranchería|Ocampo|Michoacán de Ocampo||61501|16|61501||29|061|0026|Rural|
61455|Los Remedios|Ranchería|Ocampo|Michoacán de Ocampo||61501|16|61501||29|061|2388|Rural|
61458|Del Tejocote|Ranchería|Ocampo|Michoacán de Ocampo||61501|16|61501||29|061|0018|Rural|
61458|La Barbacoa|Ranchería|Ocampo|Michoacán de Ocampo||61501|16|61501||29|061|0019|Rural|
61458|Laguna Verde|Pueblo|Ocampo|Michoacán de Ocampo||61501|16|61501||28|061|2389|Rural|
61460|Manzana de San Luis|Pueblo|Ocampo|Michoacán de Ocampo||61501|16|61501||28|061|2381|Urbano|
61464|El Grasero|Ranchería|Ocampo|Michoacán de Ocampo||61501|16|61501||29|061|0016|Rural|
61464|Los Cedros|Ranchería|Ocampo|Michoacán de Ocampo||61501|16|61501||29|061|0022|Rural|
61465|La Manzana de Santa Cruz|Rancho|Ocampo|Michoacán de Ocampo||61501|16|61501||48|061|0009|Rural|
61465|La Cofradía|Ranchería|Ocampo|Michoacán de Ocampo||61501|16|61501||29|061|2385|Rural|
61465|El Mortero de San Cristóbal|Ranchería|Ocampo|Michoacán de Ocampo||61501|16|61501||29|061|2390|Rural|
61465|El Tejocote|Ejido|Ocampo|Michoacán de Ocampo||61501|16|61501||15|061|2391|Rural|
61465|San Cristóbal|Pueblo|Ocampo|Michoacán de Ocampo||61501|16|61501||28|061|2392|Rural|
61467|Cuartel las Palmas|Ranchería|Ocampo|Michoacán de Ocampo||61501|16|61501||29|061|0006|Rural|
61467|La Cantera|Ranchería|Ocampo|Michoacán de Ocampo||61501|16|61501||29|061|0020|Rural|
61467|Rancho Escondido|Ranchería|Ocampo|Michoacán de Ocampo||61501|16|61501||29|061|0023|Rural|
61467|El Rosario|Ejido|Ocampo|Michoacán de Ocampo||61501|16|61501||15|061|2382|Rural|
61467|Cerro Prieto|Ranchería|Ocampo|Michoacán de Ocampo||61501|16|61501||29|061|2393|Rural|
61468|Cieneguillas|Ranchería|Ocampo|Michoacán de Ocampo||61501|16|61501||29|061|0005|Rural|
61468|La Volante|Rancho|Ocampo|Michoacán de Ocampo||61501|16|61501||48|061|0010|Rural|
61468|Los Tepetates|Ranchería|Ocampo|Michoacán de Ocampo||61501|16|61501||29|061|0012|Rural|
61468|Mesa el Arenal|Ranchería|Ocampo|Michoacán de Ocampo||61501|16|61501||29|061|0024|Rural|
61468|Ojo de Agua|Ranchería|Ocampo|Michoacán de Ocampo||61501|16|61501||29|061|0025|Rural|
61468|Cuartel la Mesa (El Asoleadero)|Ejido|Ocampo|Michoacán de Ocampo||61501|16|61501||15|061|2379|Rural|
61468|Cuartel de Emiliano Zapata|Ejido|Ocampo|Michoacán de Ocampo||61501|16|61501||15|061|2394|Rural|
61468|Las Trojes|Ejido|Ocampo|Michoacán de Ocampo||61501|16|61501||15|061|2396|Rural|
61470|El Alemán|Colonia|Jungapeo|Michoacán de Ocampo||61476|16|61476||09|047|0001|Urbano|
61470|El Guayabal|Colonia|Jungapeo|Michoacán de Ocampo||61476|16|61476||09|047|0002|Urbano|
61470|El Rosal (Los Hornos)|Colonia|Jungapeo|Michoacán de Ocampo||61476|16|61476||09|047|0003|Urbano|
61470|El Zapotal|Colonia|Jungapeo|Michoacán de Ocampo||61476|16|61476||09|047|0004|Urbano|
61470|La Cruz|Colonia|Jungapeo|Michoacán de Ocampo||61476|16|61476||09|047|0005|Urbano|
61470|La Escalera|Colonia|Jungapeo|Michoacán de Ocampo||61476|16|61476||09|047|0006|Urbano|
61470|Los Almendros|Colonia|Jungapeo|Michoacán de Ocampo||61476|16|61476||09|047|0007|Urbano|
61470|Los Viveros|Colonia|Jungapeo|Michoacán de Ocampo||61476|16|61476||09|047|0008|Urbano|
61470|Los Naranjos|Colonia|Jungapeo|Michoacán de Ocampo||61476|16|61476||09|047|0009|Urbano|
61470|Los Solares|Colonia|Jungapeo|Michoacán de Ocampo||61476|16|61476||09|047|0010|Urbano|
61470|San Pedro|Colonia|Jungapeo|Michoacán de Ocampo||61476|16|61476||09|047|0011|Urbano|
61470|Tepangareo|Colonia|Jungapeo|Michoacán de Ocampo||61476|16|61476||09|047|0012|Urbano|
61470|Vistabella|Colonia|Jungapeo|Michoacán de Ocampo||61476|16|61476||09|047|0013|Urbano|
61470|Jungapeo de Juárez|Pueblo|Jungapeo|Michoacán de Ocampo||61476|16|61476||28|047|2398|Urbano|
61472|La Camelina|Rancho|Jungapeo|Michoacán de Ocampo||61476|16|61476||48|047|0030|Rural|
61472|La Miel|Rancho|Jungapeo|Michoacán de Ocampo||61476|16|61476||48|047|0036|Rural|
61472|Las Canoas|Ranchería|Jungapeo|Michoacán de Ocampo||61476|16|61476||29|047|0042|Rural|
61472|Cerrito del Muerto|Ranchería|Jungapeo|Michoacán de Ocampo||61476|16|61476||29|047|2401|Rural|
61472|Lázaro Cárdenas|Pueblo|Jungapeo|Michoacán de Ocampo||61476|16|61476||28|047|2402|Rural|
61473|El Carrizo|Rancho|Jungapeo|Michoacán de Ocampo||61476|16|61476||48|047|0021|Rural|
61473|El Mezquite|Ranchería|Jungapeo|Michoacán de Ocampo||61476|16|61476||29|047|0025|Rural|
61473|Las Pilas|Ranchería|Jungapeo|Michoacán de Ocampo||61476|16|61476||29|047|0046|Rural|
61473|Los Núñez|Rancho|Jungapeo|Michoacán de Ocampo||61476|16|61476||48|047|0049|Rural|
61473|Los Salas|Rancho|Jungapeo|Michoacán de Ocampo||61476|16|61476||48|047|0051|Rural|
61473|Piedras de Lumbre|Pueblo|Jungapeo|Michoacán de Ocampo||61476|16|61476||28|047|0054|Rural|
61473|Agua Salada|Ejido|Jungapeo|Michoacán de Ocampo||61476|16|61476||15|047|2397|Rural|
61473|El Puerto de Jungapeo|Ejido|Jungapeo|Michoacán de Ocampo||61476|16|61476||15|047|2403|Rural|
61473|20 de Noviembre|Ejido|Jungapeo|Michoacán de Ocampo||61476|16|61476||15|047|2405|Rural|
61474|Colonia Nueva|Pueblo|Jungapeo|Michoacán de Ocampo||61476|16|61476||28|047|0017|Rural|
61474|Puerto de la Miel|Rancho|Jungapeo|Michoacán de Ocampo||61476|16|61476||48|047|0057|Rural|
61474|El Mango|Ranchería|Jungapeo|Michoacán de Ocampo||61476|16|61476||29|047|2406|Rural|
61475|Agua Amarilla|Rancho|Jungapeo|Michoacán de Ocampo||61476|16|61476||48|047|0014|Rural|
61475|El Tepeguaje|Rancho|Jungapeo|Michoacán de Ocampo||61476|16|61476||48|047|0029|Rural|
61475|La Granja|Pueblo|Jungapeo|Michoacán de Ocampo||61476|16|61476||28|047|0033|Rural|
61475|Las Anonas|Pueblo|Jungapeo|Michoacán de Ocampo||61476|16|61476||28|047|0041|Rural|
61475|San José Purúa|Pueblo|Jungapeo|Michoacán de Ocampo||61476|16|61476||28|047|2400|Rural|
61475|La Garita|Ejido|Jungapeo|Michoacán de Ocampo||61476|16|61476||15|047|2407|Rural|
61475|La Tinaja|Ejido|Jungapeo|Michoacán de Ocampo||61476|16|61476||15|047|2408|Rural|
61477|El Tamarindo|Rancho|Jungapeo|Michoacán de Ocampo||61476|16|61476||48|047|0028|Rural|
61477|La Soledad|Pueblo|Jungapeo|Michoacán de Ocampo||61476|16|61476||28|047|0038|Rural|
61477|Ojo Seco|Rancho|Jungapeo|Michoacán de Ocampo||61476|16|61476||48|047|0053|Rural|
61477|Púcuaro|Ranchería|Jungapeo|Michoacán de Ocampo||61476|16|61476||29|047|2404|Rural|
61480|El Cirián|Rancho|Jungapeo|Michoacán de Ocampo||61476|16|61476||48|047|0022|Rural|
61480|El Carrizal|Ranchería|Jungapeo|Michoacán de Ocampo||61476|16|61476||29|047|2410|Rural|
61483|El Barro|Ranchería|Jungapeo|Michoacán de Ocampo||61476|16|61476||29|047|0020|Rural|
61483|El Espinal|Ranchería|Jungapeo|Michoacán de Ocampo||61476|16|61476||29|047|0024|Rural|
61483|Las Cuchillas|Ranchería|Jungapeo|Michoacán de Ocampo||61476|16|61476||29|047|0043|Rural|
61483|Los Nogales|Rancho|Jungapeo|Michoacán de Ocampo||61476|16|61476||48|047|0050|Rural|
61483|Pino Solo|Rancho|Jungapeo|Michoacán de Ocampo||61476|16|61476||48|047|0055|Rural|
61483|Pueblo Viejo|Ranchería|Jungapeo|Michoacán de Ocampo||61476|16|61476||29|047|0056|Rural|
61484|La Yerbabuena|Rancho|Jungapeo|Michoacán de Ocampo||61476|16|61476||48|047|0040|Rural|
61485|Las Escobas|Ranchería|Jungapeo|Michoacán de Ocampo||61476|16|61476||29|047|0044|Rural|
61486|El Cirián|Ranchería|Jungapeo|Michoacán de Ocampo||61476|16|61476||29|047|0023|Rural|
61486|El Salitre|Rancho|Jungapeo|Michoacán de Ocampo||61476|16|61476||48|047|0027|Rural|
61486|La Ciénega|Rancho|Jungapeo|Michoacán de Ocampo||61476|16|61476||48|047|0031|Rural|
61486|La Vega|Ranchería|Jungapeo|Michoacán de Ocampo||61476|16|61476||29|047|0039|Rural|
61486|Puerto Itziapo|Ranchería|Jungapeo|Michoacán de Ocampo||61476|16|61476||29|047|0058|Rural|
61487|Barbecho Colorado|Rancho|Jungapeo|Michoacán de Ocampo||61476|16|61476||48|047|0015|Rural|
61487|Cóporo|Rancho|Jungapeo|Michoacán de Ocampo||61476|16|61476||48|047|0016|Rural|
61487|Cuatro Ojos|Rancho|Jungapeo|Michoacán de Ocampo||61476|16|61476||48|047|0018|Rural|
61487|El Arenal|Rancho|Jungapeo|Michoacán de Ocampo||61476|16|61476||48|047|0019|Rural|
61487|La Copalera|Rancho|Jungapeo|Michoacán de Ocampo||61476|16|61476||48|047|0032|Rural|
61487|La Mina|Ranchería|Jungapeo|Michoacán de Ocampo||61476|16|61476||29|047|0037|Rural|
61487|Las Guásimas|Ranchería|Jungapeo|Michoacán de Ocampo||61476|16|61476||29|047|0045|Rural|
61487|Las Suertes|Rancho|Jungapeo|Michoacán de Ocampo||61476|16|61476||48|047|0047|Rural|
61490|La Laja|Ranchería|Jungapeo|Michoacán de Ocampo||61476|16|61476||29|047|0034|Rural|
61490|La Mora|Ejido|Jungapeo|Michoacán de Ocampo||61476|16|61476||15|047|2411|Rural|
61493|El Paso|Ranchería|Jungapeo|Michoacán de Ocampo||61476|16|61476||29|047|0026|Rural|
61493|Toluquilla|Rancho|Jungapeo|Michoacán de Ocampo||61476|16|61476||48|047|0059|Rural|
61493|La Florida|Ejido|Jungapeo|Michoacán de Ocampo||61476|16|61476||15|047|2399|Rural|
61498|La Mesa del Campo|Rancho|Jungapeo|Michoacán de Ocampo||61476|16|61476||48|047|0035|Rural|
61498|Huanguitío|Ejido|Jungapeo|Michoacán de Ocampo||61476|16|61476||15|047|2412|Rural|
61500|Zitacuaro Centro|Colonia|Zitácuaro|Michoacán de Ocampo|Heróica Zitácuaro|61501|16|61501||09|112|2413|Urbano|12
61502|El Aguacate|Colonia|Zitácuaro|Michoacán de Ocampo|Heróica Zitácuaro|61501|16|61501||09|112|0100|Urbano|12
61502|Barandillas|Fraccionamiento|Zitácuaro|Michoacán de Ocampo|Heróica Zitácuaro|61501|16|61501||21|112|3103|Urbano|12
61503|El Paraíso|Fraccionamiento|Zitácuaro|Michoacán de Ocampo|Heróica Zitácuaro|61501|16|61501||21|112|3109|Urbano|12
61505|Loma Linda|Colonia|Zitácuaro|Michoacán de Ocampo|Heróica Zitácuaro|61501|16|61501||09|112|2415|Urbano|12
61505|Moctezuma|Colonia|Zitácuaro|Michoacán de Ocampo|Heróica Zitácuaro|61501|16|61501||09|112|3122|Urbano|12
61505|La Palma|Colonia|Zitácuaro|Michoacán de Ocampo|Heróica Zitácuaro|61501|16|61501||09|112|3129|Urbano|12
61506|Mariano Matamoros|Colonia|Zitácuaro|Michoacán de Ocampo|Heróica Zitácuaro|61501|16|61501||09|112|2416|Urbano|12
61506|Cuauhtémoc|Colonia|Zitácuaro|Michoacán de Ocampo|Heróica Zitácuaro|61501|16|61501||09|112|3105|Urbano|12
61506|El Cerrito|Colonia|Zitácuaro|Michoacán de Ocampo|Heróica Zitácuaro|61501|16|61501||09|112|3108|Urbano|12
61506|Melchor Ocampo|Colonia|Zitácuaro|Michoacán de Ocampo|Heróica Zitácuaro|61501|16|61501||09|112|3120|Urbano|12
61507|El Plan|Colonia|Zitácuaro|Michoacán de Ocampo|Heróica Zitácuaro|61501|16|61501||09|112|2417|Urbano|12
61507|Poetas|Colonia|Zitácuaro|Michoacán de Ocampo|Heróica Zitácuaro|61501|16|61501||09|112|3126|Urbano|12
61508|La Palma de Cedano|Colonia|Zitácuaro|Michoacán de Ocampo|Heróica Zitácuaro|61501|16|61501||09|112|0098|Urbano|12
61508|La Estación|Fraccionamiento|Zitácuaro|Michoacán de Ocampo|Heróica Zitácuaro|61501|16|61501||21|112|2418|Urbano|12
61508|Héroes Ferrocarrileros|Colonia|Zitácuaro|Michoacán de Ocampo|Heróica Zitácuaro|61501|16|61501||09|112|3110|Urbano|12
61508|Mora del Cañonazo|Colonia|Zitácuaro|Michoacán de Ocampo|Heróica Zitácuaro|61501|16|61501||09|112|3123|Urbano|12
61508|Villa Reforma|Fraccionamiento|Zitácuaro|Michoacán de Ocampo|Heróica Zitácuaro|61501|16|61501||21|112|3132|Urbano|12
61508|Vista Hermosa|Fraccionamiento|Zitácuaro|Michoacán de Ocampo|Heróica Zitácuaro|61501|16|61501||21|112|3134|Urbano|12
61509|Las Lomas|Fraccionamiento|Zitácuaro|Michoacán de Ocampo|Heróica Zitácuaro|61501|16|61501||21|112|0099|Urbano|12
61509|Fuentes de La Estación FOVISSSTE|Colonia|Zitácuaro|Michoacán de Ocampo|Heróica Zitácuaro|61501|16|61501||09|112|2419|Urbano|12
61509|Flor de Liz|Colonia|Zitácuaro|Michoacán de Ocampo|Heróica Zitácuaro|61501|16|61501||09|112|2424|Urbano|12
61509|Lomas de Oriente|Colonia|Zitácuaro|Michoacán de Ocampo|Heróica Zitácuaro|61501|16|61501||09|112|3115|Urbano|12
61509|1 de Mayo|Fraccionamiento|Zitácuaro|Michoacán de Ocampo|Heróica Zitácuaro|61501|16|61501||21|112|3127|Urbano|12
61509|Villa Monarca|Fraccionamiento|Zitácuaro|Michoacán de Ocampo|Heróica Zitácuaro|61501|16|61501||21|112|3131|Urbano|12
61509|Vista Hermosa|Colonia|Zitácuaro|Michoacán de Ocampo|Heróica Zitácuaro|61501|16|61501||09|112|3133|Urbano|12
61509|Mirador de Oriente|Fraccionamiento|Zitácuaro|Michoacán de Ocampo|Heróica Zitácuaro|61501|16|61501||21|112|4391|Urbano|12
61510|Curungueo las Palmas|Colonia|Zitácuaro|Michoacán de Ocampo|Heróica Zitácuaro|61501|16|61501||09|112|0101|Urbano|12
61510|Coatepec de Morelos|Colonia|Zitácuaro|Michoacán de Ocampo|Heróica Zitácuaro|61501|16|61501||09|112|0102|Urbano|12
61510|Vasco de Quiroga FOVISSSTE|Unidad habitacional|Zitácuaro|Michoacán de Ocampo|Heróica Zitácuaro|61501|16|61501||31|112|2420|Urbano|12
61510|Nuevo Amanecer|Fraccionamiento|Zitácuaro|Michoacán de Ocampo|Heróica Zitácuaro|61501|16|61501||21|112|3125|Urbano|12
61510|Melchor Ocampo|Fraccionamiento|Zitácuaro|Michoacán de Ocampo|Heróica Zitácuaro|61501|16|61501||21|112|4390|Urbano|12
61510|Mirador San Juan|Fraccionamiento|Zitácuaro|Michoacán de Ocampo|Heróica Zitácuaro|61501|16|61501||21|112|4394|Urbano|12
61511|La Mangana Infonavit|Unidad habitacional|Zitácuaro|Michoacán de Ocampo|Heróica Zitácuaro|61501|16|61501||31|112|2421|Urbano|12
61512|La Garita|Colonia|Zitácuaro|Michoacán de Ocampo|Heróica Zitácuaro|61501|16|61501||09|112|0103|Urbano|12
61512|INFONAVIT Jacarandas|Unidad habitacional|Zitácuaro|Michoacán de Ocampo|Heróica Zitácuaro|61501|16|61501||31|112|2422|Urbano|12
61512|La Cuesta|Colonia|Zitácuaro|Michoacán de Ocampo|Heróica Zitácuaro|61501|16|61501||09|112|2423|Urbano|12
61512|Morelos 1ra Etapa|Colonia|Zitácuaro|Michoacán de Ocampo|Heróica Zitácuaro|61501|16|61501||09|112|2427|Urbano|12
61512|Coatepec de Morelos|Colonia|Zitácuaro|Michoacán de Ocampo|Heróica Zitácuaro|61501|16|61501||09|112|2435|Urbano|12
61512|San Miguel Chichimequillas de Escobedo|Colonia|Zitácuaro|Michoacán de Ocampo|Heróica Zitácuaro|61501|16|61501||09|112|2438|Urbano|12
61512|Independencia|Colonia|Zitácuaro|Michoacán de Ocampo|Heróica Zitácuaro|61501|16|61501||09|112|3112|Urbano|12
61512|Morelos|Colonia|Zitácuaro|Michoacán de Ocampo|Heróica Zitácuaro|61501|16|61501||09|112|3124|Urbano|12
61512|Villa Bonita|Fraccionamiento|Zitácuaro|Michoacán de Ocampo|Heróica Zitácuaro|61501|16|61501||21|112|3130|Urbano|12
61512|Paraíso de Cristal|Fraccionamiento|Zitácuaro|Michoacán de Ocampo|Heróica Zitácuaro|61501|16|61501||21|112|4395|Urbano|12
61514|El Moral|Colonia|Zitácuaro|Michoacán de Ocampo|Heróica Zitácuaro|61501|16|61501||09|112|2425|Urbano|12
61514|19 de Abril|Colonia|Zitácuaro|Michoacán de Ocampo|Heróica Zitácuaro|61501|16|61501||09|112|2426|Urbano|12
61514|Lomas de La Carolina|Fraccionamiento|Zitácuaro|Michoacán de Ocampo|Heróica Zitácuaro|61501|16|61501||21|112|3114|Urbano|12
61514|Los Ailes|Fraccionamiento|Zitácuaro|Michoacán de Ocampo|Heróica Zitácuaro|61501|16|61501||21|112|3116|Urbano|12
61514|Manantiales de La Carolina|Fraccionamiento|Zitácuaro|Michoacán de Ocampo|Heróica Zitácuaro|61501|16|61501||21|112|3118|Urbano|12
61514|Quintas de La Carolina|Colonia|Zitácuaro|Michoacán de Ocampo|Heróica Zitácuaro|61501|16|61501||09|112|3128|Urbano|12
61514|Las Rosas|Colonia|Zitácuaro|Michoacán de Ocampo|Heróica Zitácuaro|61501|16|61501||09|112|3559|Urbano|12
61515|El Calvario|Colonia|Zitácuaro|Michoacán de Ocampo|Heróica Zitácuaro|61501|16|61501||09|112|2428|Urbano|12
61516|Lázaro Cárdenas|Colonia|Zitácuaro|Michoacán de Ocampo|Heróica Zitácuaro|61501|16|61501||09|112|2429|Urbano|12
61516|Dámaso Cárdenas|Colonia|Zitácuaro|Michoacán de Ocampo|Heróica Zitácuaro|61501|16|61501||09|112|3106|Urbano|12
61516|Ignacio Zaragoza|Colonia|Zitácuaro|Michoacán de Ocampo|Heróica Zitácuaro|61501|16|61501||09|112|3111|Urbano|12
61516|Los Fresnos|Colonia|Zitácuaro|Michoacán de Ocampo|Heróica Zitácuaro|61501|16|61501||09|112|3117|Urbano|12
61516|INFONAVIT Circuito Revolución|Fraccionamiento|Zitácuaro|Michoacán de Ocampo|Heróica Zitácuaro|61501|16|61501||21|112|4388|Urbano|12
61516|INFONAVIT|Colonia|Zitácuaro|Michoacán de Ocampo|Heróica Zitácuaro|61501|16|61501||09|112|4389|Urbano|12
61516|Mirador El Fresno|Fraccionamiento|Zitácuaro|Michoacán de Ocampo|Heróica Zitácuaro|61501|16|61501||21|112|4392|Urbano|12
61516|Mirador El Fresno 2a. Etapa|Fraccionamiento|Zitácuaro|Michoacán de Ocampo|Heróica Zitácuaro|61501|16|61501||21|112|4393|Urbano|12
61517|Las Palmas|Colonia|Zitácuaro|Michoacán de Ocampo|Heróica Zitácuaro|61501|16|61501||09|112|2430|Urbano|12
61517|Benito Juárez|Colonia|Zitácuaro|Michoacán de Ocampo|Heróica Zitácuaro|61501|16|61501||09|112|3104|Urbano|12
61517|Las Palmas|Fraccionamiento|Zitácuaro|Michoacán de Ocampo|Heróica Zitácuaro|61501|16|61501||21|112|3135|Urbano|12
61517|6 de Junio|Colonia|Zitácuaro|Michoacán de Ocampo|Heróica Zitácuaro|61501|16|61501||09|112|4387|Urbano|12
61518|Miguel Hidalgo|Colonia|Zitácuaro|Michoacán de Ocampo|Heróica Zitácuaro|61501|16|61501||09|112|2431|Urbano|12
61518|Jose Maria Morelos|Colonia|Zitácuaro|Michoacán de Ocampo|Heróica Zitácuaro|61501|16|61501||09|112|3113|Urbano|12
61519|Carabanchel|Colonia|Zitácuaro|Michoacán de Ocampo|Heróica Zitácuaro|61501|16|61501||09|112|2432|Urbano|12
61519|Educación|Colonia|Zitácuaro|Michoacán de Ocampo|Heróica Zitácuaro|61501|16|61501||09|112|3107|Urbano|12
61519|Manga de Clavo|Colonia|Zitácuaro|Michoacán de Ocampo|Heróica Zitácuaro|61501|16|61501||09|112|3119|Urbano|12
61519|México 68|Colonia|Zitácuaro|Michoacán de Ocampo|Heróica Zitácuaro|61501|16|61501||09|112|3121|Urbano|12
61520|Loma de Aparicio|Ranchería|Zitácuaro|Michoacán de Ocampo||61501|16|61501||29|112|0070|Rural|
61520|Crescencio Morales (San Mateo)|Pueblo|Zitácuaro|Michoacán de Ocampo||61501|16|61501||28|112|2454|Rural|
61524|La Capilla (Tercera Manzana de Francisco Serrato)|Ranchería|Zitácuaro|Michoacán de Ocampo||61501|16|61501||29|112|0041|Rural|
61524|Francisco Serrato (San Bartolo)|Pueblo|Zitácuaro|Michoacán de Ocampo||61501|16|61501||28|112|2442|Rural|
61525|Agua de la Rosa|Rancho|Zitácuaro|Michoacán de Ocampo||61501|16|61501||48|112|0006|Rural|
61525|Adolfo López Mateos|Colonia|Zitácuaro|Michoacán de Ocampo||61501|16|61501||09|112|0011|Rural|
61525|El Capulín|Rancho|Zitácuaro|Michoacán de Ocampo||61501|16|61501||48|112|0018|Rural|
61525|El Capulín (Tercera Manzana de Crescencio Morales)|Ranchería|Zitácuaro|Michoacán de Ocampo||61501|16|61501||29|112|0019|Rural|
61525|El Lindero (Segunda Manzana de Crescencio Morales)|Ranchería|Zitácuaro|Michoacán de Ocampo||61501|16|61501||29|112|0026|Rural|
61525|El Tigrito (Segunda Manzana de Crescencio Morales)|Ranchería|Zitácuaro|Michoacán de Ocampo||61501|16|61501||29|112|0035|Rural|
61525|La Cumbre (Quinta Manzana de Crescencio Morales)|Ranchería|Zitácuaro|Michoacán de Ocampo||61501|16|61501||29|112|0046|Rural|
61525|La Dieta (Segunda Manzana de Crescencio Morales)|Ranchería|Zitácuaro|Michoacán de Ocampo||61501|16|61501||29|112|0047|Rural|
61525|La Viguita (Cuarta Manzana de Crescencio Morales)|Ranchería|Zitácuaro|Michoacán de Ocampo||61501|16|61501||29|112|0061|Rural|
61525|Río de Guadalupe (Cuarta Manz. Crescencio Morales)|Ranchería|Zitácuaro|Michoacán de Ocampo||61501|16|61501||29|112|0087|Rural|
61525|Tercera Manzana de Manzanillos (El Rancho)|Ranchería|Zitácuaro|Michoacán de Ocampo||61501|16|61501||29|112|0091|Rural|
61525|Parque Industrial Zitácuaro|Zona industrial|Zitácuaro|Michoacán de Ocampo||61501|16|61501||37|112|0092|Rural|
61525|El Espinal (Los Espinales)|Ranchería|Zitácuaro|Michoacán de Ocampo||61501|16|61501||29|112|0094|Rural|
61525|El Santísimo (Quinta Manzana de Crescencio Morales|Ranchería|Zitácuaro|Michoacán de Ocampo||61501|16|61501||29|112|0096|Rural|
61525|El Tigre (Segunda Manzana de Crescencio Morales)|Ranchería|Zitácuaro|Michoacán de Ocampo||61501|16|61501||29|112|2441|Rural|
61525|Macho de Agua (Quinta Manz. de Crescencio Morales)|Ranchería|Zitácuaro|Michoacán de Ocampo||61501|16|61501||29|112|2447|Rural|
61525|La Soledad (Cuarta Manzana de Francisco Serrato)|Ranchería|Zitácuaro|Michoacán de Ocampo||61501|16|61501||29|112|4621|Rural|
61525|La Barranca (Quinta Manzana Crescencio Morales)|Ranchería|Zitácuaro|Michoacán de Ocampo||61501|16|61501||29|112|4622|Rural|
61525|El Polvorín|Ranchería|Zitácuaro|Michoacán de Ocampo||61501|16|61501||29|112|4623|Rural|
61525|Los Escobales (Quinta Manz. de Crescencio Morales)|Ranchería|Zitácuaro|Michoacán de Ocampo||61501|16|61501||29|112|4624|Rural|
61525|Boca de la Cañada|Ranchería|Zitácuaro|Michoacán de Ocampo||61501|16|61501||29|112|4625|Rural|
61526|Chimusdá (Cuarta Manzana de Donaciano Ojeda)|Ranchería|Zitácuaro|Michoacán de Ocampo||61501|16|61501||29|112|0010|Rural|
61526|El Maguey|Rancho|Zitácuaro|Michoacán de Ocampo||61501|16|61501||48|112|0028|Rural|
61526|La Gironda (Hacienda la Gironda)|Ranchería|Zitácuaro|Michoacán de Ocampo||61501|16|61501||29|112|0048|Rural|
61526|Santa Rita (Segunda Manzana de Curungueo)|Ranchería|Zitácuaro|Michoacán de Ocampo||61501|16|61501||29|112|0090|Rural|
61526|San Francisco Curungueo|Ranchería|Zitácuaro|Michoacán de Ocampo||61501|16|61501||29|112|2437|Rural|
61526|La Fundición (Quinta Manzana)|Ranchería|Zitácuaro|Michoacán de Ocampo||61501|16|61501||29|112|2444|Rural|
61526|Rincón de Curungueo (Segunada Manz. de Curungueo)|Ranchería|Zitácuaro|Michoacán de Ocampo||61501|16|61501||29|112|2450|Rural|
61526|El Sombrerete (Tercera Manzana de Curungueo)|Ranchería|Zitácuaro|Michoacán de Ocampo||61501|16|61501||29|112|4619|Rural|
61526|La Mesa (La Mesa de Cedano)|Ranchería|Zitácuaro|Michoacán de Ocampo||61501|16|61501||29|112|4620|Rural|
61527|Cerrito de los Magueyes|Rancho|Zitácuaro|Michoacán de Ocampo||61501|16|61501||48|112|0009|Rural|
61527|El Granjeno|Ranchería|Zitácuaro|Michoacán de Ocampo||61501|16|61501||29|112|0023|Rural|
61527|El Hortelano (Puerto de Santa María)|Ranchería|Zitácuaro|Michoacán de Ocampo||61501|16|61501||29|112|0024|Rural|
61527|El Llano de Curungueo|Rancho|Zitácuaro|Michoacán de Ocampo||61501|16|61501||48|112|0027|Rural|
61527|El Puerto de Valle Verde|Rancho|Zitácuaro|Michoacán de Ocampo||61501|16|61501||48|112|0032|Rural|
61527|El Tiradero (El Tianguis)|Rancho|Zitácuaro|Michoacán de Ocampo||61501|16|61501||48|112|0036|Rural|
61527|Loma Larga|Ranchería|Zitácuaro|Michoacán de Ocampo||61501|16|61501||29|112|0071|Rural|
61527|Los Polvillos (El Crucero)|Ranchería|Zitácuaro|Michoacán de Ocampo||61501|16|61501||29|112|0074|Rural|
61527|Mesa de Loma Larga (Loma Bonita)|Ranchería|Zitácuaro|Michoacán de Ocampo||61501|16|61501||29|112|0079|Rural|
61527|Puerto de San Felipe (El Trébol)|Ranchería|Zitácuaro|Michoacán de Ocampo||61501|16|61501||29|112|0084|Rural|
61527|Puerto Azul (Quinta Manzana de San Felipe)|Ranchería|Zitácuaro|Michoacán de Ocampo||61501|16|61501||29|112|4617|Rural|
61527|Valle Verde|Ranchería|Zitácuaro|Michoacán de Ocampo||61501|16|61501||29|112|4618|Rural|
61527|Camémbaro|Ranchería|Zitácuaro|Michoacán de Ocampo||61501|16|61501||29|112|4637|Rural|
61528|Agua Nueva|Rancho|Zitácuaro|Michoacán de Ocampo||61501|16|61501||48|112|0007|Rural|
61528|El Bordo|Ranchería|Zitácuaro|Michoacán de Ocampo||61501|16|61501||29|112|0016|Rural|
61528|La Mesa|Ranchería|Zitácuaro|Michoacán de Ocampo||61501|16|61501||29|112|0053|Rural|
61528|La Presa (Segunda Manzana Barrio de Santa Cruz)|Ranchería|Zitácuaro|Michoacán de Ocampo||61501|16|61501||29|112|0059|Rural|
61528|Las Pilas|Rancho|Zitácuaro|Michoacán de Ocampo||61501|16|61501||48|112|0066|Rural|
61528|Ojo de Agua (Tercera Manzana de Zirahuato)|Ranchería|Zitácuaro|Michoacán de Ocampo||61501|16|61501||29|112|0080|Rural|
61528|Puentecillas (Tercera Manzana de Zirahuato)|Ranchería|Zitácuaro|Michoacán de Ocampo||61501|16|61501||29|112|2455|Rural|
61528|Zirahuato de los Bernal|Pueblo|Zitácuaro|Michoacán de Ocampo||61501|16|61501||28|112|2456|Rural|
61528|Ocurio|Ranchería|Zitácuaro|Michoacán de Ocampo||61501|16|61501||29|112|4616|Rural|
61529|Agua Bendita (El Pocito)|Rancho|Zitácuaro|Michoacán de Ocampo||61501|16|61501||48|112|0004|Rural|
61529|Agua Blanca (La Palma)|Rancho|Zitácuaro|Michoacán de Ocampo||61501|16|61501||48|112|0005|Rural|
61529|El Callejón|Rancho|Zitácuaro|Michoacán de Ocampo||61501|16|61501||48|112|0017|Rural|
61529|El Derrumbadero|Ranchería|Zitácuaro|Michoacán de Ocampo||61501|16|61501||29|112|0020|Rural|
61529|El Kilómetro (Llano de San Felipe)|Ranchería|Zitácuaro|Michoacán de Ocampo||61501|16|61501||29|112|0025|Rural|
61529|El Rincón de Vechi|Rancho|Zitácuaro|Michoacán de Ocampo||61501|16|61501||48|112|0033|Rural|
61529|La Carne Hedionda|Rancho|Zitácuaro|Michoacán de Ocampo||61501|16|61501||48|112|0042|Rural|
61529|La Mesa del Rincón de Curungueo|Ranchería|Zitácuaro|Michoacán de Ocampo||61501|16|61501||29|112|0056|Rural|
61529|La Miel (Primera Manzana de San Felipe)|Rancho|Zitácuaro|Michoacán de Ocampo||61501|16|61501||48|112|0057|Rural|
61529|La Resistol (Segunda Manzana de San Felipe)|Rancho|Zitácuaro|Michoacán de Ocampo||61501|16|61501||48|112|0060|Rural|
61529|La Ziranda (El Fresno)|Rancho|Zitácuaro|Michoacán de Ocampo||61501|16|61501||48|112|0063|Rural|
61529|Ojo de Agua de San Felipe (Primera Manzana)|Ranchería|Zitácuaro|Michoacán de Ocampo||61501|16|61501||29|112|0081|Rural|
61529|Puentecillas (Tercera Manzana de Donaciano Ojeda)|Ranchería|Zitácuaro|Michoacán de Ocampo||61501|16|61501||29|112|0082|Rural|
61529|Puentezuelas (Tercera Manzana de Curungueo)|Ranchería|Zitácuaro|Michoacán de Ocampo||61501|16|61501||29|112|0083|Rural|
61529|San Alejandro|Ranchería|Zitácuaro|Michoacán de Ocampo||61501|16|61501||29|112|0097|Rural|
61529|Carpinteros|Ranchería|Zitácuaro|Michoacán de Ocampo||61501|16|61501||29|112|2434|Rural|
61529|Donaciano Ojeda (San Francisco)|Pueblo|Zitácuaro|Michoacán de Ocampo||61501|16|61501||28|112|2439|Rural|
61529|Macutzio|Ranchería|Zitácuaro|Michoacán de Ocampo||61501|16|61501||29|112|2446|Rural|
61529|El Rincón de San Felipe (Tercera Manz. San Felipe)|Pueblo|Zitácuaro|Michoacán de Ocampo||61501|16|61501||28|112|2452|Rural|
61529|Mesa de los Alzati (Mesa de San Felipe)|Ranchería|Zitácuaro|Michoacán de Ocampo||61501|16|61501||29|112|2453|Rural|
61529|San Felipe los Alzati (Colonia Nueva)|Ranchería|Zitácuaro|Michoacán de Ocampo||61501|16|61501||29|112|5526|Rural|
61530|Barranca Seca|Colonia|Zitácuaro|Michoacán de Ocampo||61501|16|61501||09|112|0001|Urbano|
61530|Canoas|Colonia|Zitácuaro|Michoacán de Ocampo||61501|16|61501||09|112|0002|Urbano|
61530|Primera Manzana|Colonia|Zitácuaro|Michoacán de Ocampo||61501|16|61501||09|112|0003|Urbano|
61530|La Mojonera|Fraccionamiento|Zitácuaro|Michoacán de Ocampo||61501|16|61501||21|112|0093|Urbano|
61530|Cerro Ancho (Segunda Manzana de Nicolás Romero)|Colonia|Zitácuaro|Michoacán de Ocampo||61501|16|61501||09|112|0095|Urbano|
61530|Rincón de Nicolás Romero (Cedros Tercera Manzana)|Colonia|Zitácuaro|Michoacán de Ocampo||61501|16|61501||09|112|2451|Urbano|
61533|La Colonia de Aputzio|Ranchería|Zitácuaro|Michoacán de Ocampo||61501|16|61501||29|112|0043|Rural|
61533|La Pera (La Mora el Aguacate)|Ranchería|Zitácuaro|Michoacán de Ocampo||61501|16|61501||29|112|0058|Rural|
61533|Las Tilias (La Haciendita)|Rancho|Zitácuaro|Michoacán de Ocampo||61501|16|61501||48|112|0068|Rural|
61533|Aputzio de Juárez (Santa María)|Pueblo|Zitácuaro|Michoacán de Ocampo||61501|16|61501||28|112|2433|Rural|
61534|La Joya de Manzanillo (Segunda Manzana)|Ranchería|Zitácuaro|Michoacán de Ocampo||61501|16|61501||29|112|0050|Rural|
61534|La Lomita|Ranchería|Zitácuaro|Michoacán de Ocampo||61501|16|61501||29|112|0052|Rural|
61534|Manzanillos (Primera Manzana)|Ranchería|Zitácuaro|Michoacán de Ocampo||61501|16|61501||29|112|2448|Rural|
61534|Emiliano Zapata (San Juan Zitácuaro)|Ranchería|Zitácuaro|Michoacán de Ocampo||61501|16|61501||29|112|4626|Rural|
61534|Toma de Agua|Ranchería|Zitácuaro|Michoacán de Ocampo||61501|16|61501||29|112|4627|Rural|
61534|El Campamento (Sexta Manzana de Nicolás Romero)|Ranchería|Zitácuaro|Michoacán de Ocampo||61501|16|61501||29|112|4628|Rural|
61535|El Pedregal|Ranchería|Zitácuaro|Michoacán de Ocampo||61501|16|61501||29|112|0030|Rural|
61535|Rincón del Ahorcado|Ranchería|Zitácuaro|Michoacán de Ocampo||61501|16|61501||29|112|0086|Rural|
61535|Rosa Santa|Ranchería|Zitácuaro|Michoacán de Ocampo||61501|16|61501||29|112|0088|Rural|
61535|El Aguacate|Ranchería|Zitácuaro|Michoacán de Ocampo||61501|16|61501||29|112|2440|Rural|
61535|Kilómetro Once|Ranchería|Zitácuaro|Michoacán de Ocampo||61501|16|61501||29|112|4629|Rural|
61535|Silva de Abajo|Ranchería|Zitácuaro|Michoacán de Ocampo||61501|16|61501||29|112|4630|Rural|
61535|Silva de Arriba (El Chorrito)|Ranchería|Zitácuaro|Michoacán de Ocampo||61501|16|61501||29|112|4631|Rural|
61536|Dos Ríos (Barbechos)|Ranchería|Zitácuaro|Michoacán de Ocampo||61501|16|61501||29|112|0012|Rural|
61536|El Álamo|Rancho|Zitácuaro|Michoacán de Ocampo||61501|16|61501||48|112|0013|Rural|
61536|La Comunidad|Rancho|Zitácuaro|Michoacán de Ocampo||61501|16|61501||48|112|0044|Rural|
61536|La Mesa Chiquita (La Mesita Chiquita)|Ranchería|Zitácuaro|Michoacán de Ocampo||61501|16|61501||29|112|0054|Rural|
61536|Las Lomas de Aputzio (Las Lomas)|Ranchería|Zitácuaro|Michoacán de Ocampo||61501|16|61501||29|112|0064|Rural|
61536|Los Zapotes (Puerto los Zapotes)|Ranchería|Zitácuaro|Michoacán de Ocampo||61501|16|61501||29|112|0077|Rural|
61536|Mesa de Dos Ríos (La Mesa Octava Manzana)|Ranchería|Zitácuaro|Michoacán de Ocampo||61501|16|61501||29|112|0078|Rural|
61536|Rosas de Zícata|Rancho|Zitácuaro|Michoacán de Ocampo||61501|16|61501||48|112|0089|Rural|
61536|Las Pilas|Ranchería|Zitácuaro|Michoacán de Ocampo||61501|16|61501||29|112|4636|Rural|
61537|Armadillos (Tercera Manzana de Timbineo)|Ranchería|Zitácuaro|Michoacán de Ocampo||61501|16|61501||29|112|0008|Rural|
61537|El Asoleadero|Rancho|Zitácuaro|Michoacán de Ocampo||61501|16|61501||48|112|0014|Rural|
61537|El Puerto (Tercera Manzana)|Rancho|Zitácuaro|Michoacán de Ocampo||61501|16|61501||48|112|0031|Rural|
61537|El Sauz (Tercera Manzana)|Rancho|Zitácuaro|Michoacán de Ocampo||61501|16|61501||48|112|0034|Rural|
61537|La Cortina|Ranchería|Zitácuaro|Michoacán de Ocampo||61501|16|61501||29|112|0045|Rural|
61537|La Mesa de Abajo|Rancho|Zitácuaro|Michoacán de Ocampo||61501|16|61501||48|112|0055|Rural|
61537|Las Pilitas|Rancho|Zitácuaro|Michoacán de Ocampo||61501|16|61501||48|112|0067|Rural|
61537|Los Lampazos (Tercera Manzana)|Rancho|Zitácuaro|Michoacán de Ocampo||61501|16|61501||48|112|0072|Rural|
61537|Los Mejía|Rancho|Zitácuaro|Michoacán de Ocampo||61501|16|61501||48|112|0073|Rural|
61537|Los Reyes (Quinta Manzana)|Rancho|Zitácuaro|Michoacán de Ocampo||61501|16|61501||48|112|0075|Rural|
61537|Los Romerillos (Tercera Manzana)|Rancho|Zitácuaro|Michoacán de Ocampo||61501|16|61501||48|112|0076|Rural|
61537|Ignacio López Rayón (Coyota Primera Manzana)|Pueblo|Zitácuaro|Michoacán de Ocampo||61501|16|61501||28|112|2436|Rural|
61537|Timbineo los Contreras|Pueblo|Zitácuaro|Michoacán de Ocampo||61501|16|61501||28|112|2445|Rural|
61537|Mesas de Enandio (Cuarta Manzana)|Pueblo|Zitácuaro|Michoacán de Ocampo||61501|16|61501||28|112|4063|Rural|
61537|Las Majadas (Rancho de Guadalupe)|Ranchería|Zitácuaro|Michoacán de Ocampo||61501|16|61501||29|112|4639|Rural|
61538|La Garita de Coatepec|Ranchería|Zitácuaro|Michoacán de Ocampo||61501|16|61501||29|112|4638|Urbano|
61539|El Banco|Rancho|Zitácuaro|Michoacán de Ocampo||61501|16|61501||48|112|0015|Rural|
61539|El Escobal (Tercera Manzana de San Miguel)|Ranchería|Zitácuaro|Michoacán de Ocampo||61501|16|61501||29|112|0021|Rural|
61539|El Gigante|Rancho|Zitácuaro|Michoacán de Ocampo||61501|16|61501||48|112|0022|Rural|
61539|El Ojo de Agua|Rancho|Zitácuaro|Michoacán de Ocampo||61501|16|61501||48|112|0029|Rural|
61539|Aguacatera del Monte|Fraccionamiento|Zitácuaro|Michoacán de Ocampo||61501|16|61501||21|112|0038|Rural|
61539|La Angostura (La Vuelta)|Ranchería|Zitácuaro|Michoacán de Ocampo||61501|16|61501||29|112|0039|Rural|
61539|La Calera|Rancho|Zitácuaro|Michoacán de Ocampo||61501|16|61501||48|112|0040|Rural|
61539|La Guásima (Séptima Manzana de San Miguel)|Ranchería|Zitácuaro|Michoacán de Ocampo||61501|16|61501||29|112|0049|Rural|
61539|La Loma (Tercera Manzana de San Miguel)|Ranchería|Zitácuaro|Michoacán de Ocampo||61501|16|61501||29|112|0051|Rural|
61539|La Y Griega|Ranchería|Zitácuaro|Michoacán de Ocampo||61501|16|61501||29|112|0062|Rural|
61539|Las Peras|Ranchería|Zitácuaro|Michoacán de Ocampo||61501|16|61501||29|112|0065|Rural|
61539|Lechuguillas|Rancho|Zitácuaro|Michoacán de Ocampo||61501|16|61501||48|112|0069|Rural|
61539|Puerto del Aire|Rancho|Zitácuaro|Michoacán de Ocampo||61501|16|61501||48|112|0085|Rural|
61539|La Encarnación|Ranchería|Zitácuaro|Michoacán de Ocampo||61501|16|61501||29|112|2443|Rural|
61539|El Naranjo|Ranchería|Zitácuaro|Michoacán de Ocampo||61501|16|61501||29|112|4632|Rural|
61539|La Palma|Ranchería|Zitácuaro|Michoacán de Ocampo||61501|16|61501||29|112|4633|Rural|
61539|Linda Vista (El Bosque)|Ranchería|Zitácuaro|Michoacán de Ocampo||61501|16|61501||29|112|4634|Rural|
61539|Seis Palos (Quinta Manzana de San Miguel)|Ranchería|Zitácuaro|Michoacán de Ocampo||61501|16|61501||29|112|4635|Rural|
61540|Benito Juárez|Colonia|Tuzantla|Michoacán de Ocampo||61501|16|61501||09|099|0001|Urbano|
61540|Morelos I|Colonia|Tuzantla|Michoacán de Ocampo||61501|16|61501||09|099|0002|Urbano|
61540|Morelos II|Colonia|Tuzantla|Michoacán de Ocampo||61501|16|61501||09|099|0003|Urbano|
61540|Vista Bella|Colonia|Tuzantla|Michoacán de Ocampo||61501|16|61501||09|099|0004|Urbano|
61540|Tuzantla|Pueblo|Tuzantla|Michoacán de Ocampo||61501|16|61501||28|099|2458|Urbano|
61543|Acuicho|Rancho|Tuzantla|Michoacán de Ocampo||61501|16|61501||48|099|0006|Rural|
61543|Agua Fría|Rancho|Tuzantla|Michoacán de Ocampo||61501|16|61501||48|099|0007|Rural|
61543|Buenavista (El Zancudo)|Rancho|Tuzantla|Michoacán de Ocampo||61501|16|61501||48|099|0012|Rural|
61543|Ceiba Prieta|Rancho|Tuzantla|Michoacán de Ocampo||61501|16|61501||48|099|0018|Rural|
61543|El Brasil|Rancho|Tuzantla|Michoacán de Ocampo||61501|16|61501||48|099|0027|Rural|
61543|La Parota|Rancho|Tuzantla|Michoacán de Ocampo||61501|16|61501||48|099|0065|Rural|
61543|Las Anonas|Rancho|Tuzantla|Michoacán de Ocampo||61501|16|61501||48|099|0076|Rural|
61543|Las Ceibillas|Rancho|Tuzantla|Michoacán de Ocampo||61501|16|61501||48|099|0079|Rural|
61543|Las Cruces|Rancho|Tuzantla|Michoacán de Ocampo||61501|16|61501||48|099|0080|Rural|
61543|Las Juntas|Rancho|Tuzantla|Michoacán de Ocampo||61501|16|61501||48|099|0086|Rural|
61543|Las Lechuguillas|Rancho|Tuzantla|Michoacán de Ocampo||61501|16|61501||48|099|0088|Rural|
61543|Mesa de las Ánimas|Rancho|Tuzantla|Michoacán de Ocampo||61501|16|61501||48|099|0103|Rural|
61543|Mesa Rica|Rancho|Tuzantla|Michoacán de Ocampo||61501|16|61501||48|099|0106|Rural|
61543|La Guacamaya|Ranchería|Tuzantla|Michoacán de Ocampo||61501|16|61501||29|099|2459|Rural|
61544|Ceibas del Pilón Chico|Rancho|Tuzantla|Michoacán de Ocampo||61501|16|61501||48|099|0019|Rural|
61544|El Manzano|Rancho|Tuzantla|Michoacán de Ocampo||61501|16|61501||48|099|0036|Rural|
61544|Las Anonas|Ranchería|Tuzantla|Michoacán de Ocampo||61501|16|61501||29|099|0077|Rural|
61544|Las Lajas del Bosque|Ranchería|Tuzantla|Michoacán de Ocampo||61501|16|61501||29|099|0087|Rural|
61544|Los Guajes de Terán|Rancho|Tuzantla|Michoacán de Ocampo||61501|16|61501||48|099|0096|Rural|
61544|Palo Verde|Rancho|Tuzantla|Michoacán de Ocampo||61501|16|61501||48|099|0109|Rural|
61544|Chiragangueo|Ejido|Tuzantla|Michoacán de Ocampo||61501|16|61501||15|099|2460|Rural|
61545|Caña Quemada|Pueblo|Tuzantla|Michoacán de Ocampo||61501|16|61501||28|099|0013|Rural|
61545|El Paso de la Virgen|Pueblo|Tuzantla|Michoacán de Ocampo||61501|16|61501||28|099|0042|Rural|
61545|La Yerbabuena|Rancho|Tuzantla|Michoacán de Ocampo||61501|16|61501||48|099|0074|Rural|
61545|Los Guajes de Teamaro|Ranchería|Tuzantla|Michoacán de Ocampo||61501|16|61501||29|099|0095|Rural|
61545|Los Libres|Rancho|Tuzantla|Michoacán de Ocampo||61501|16|61501||48|099|0097|Rural|
61545|Organista y Potrerillos|Ranchería|Tuzantla|Michoacán de Ocampo||61501|16|61501||29|099|0108|Rural|
61545|Tiripetío|Pueblo|Tuzantla|Michoacán de Ocampo||61501|16|61501||28|099|0129|Rural|
61545|Los Pinzanes|Ranchería|Tuzantla|Michoacán de Ocampo||61501|16|61501||29|099|2461|Rural|
61546|El Ciriancito (El Cirián)|Rancho|Tuzantla|Michoacán de Ocampo||61501|16|61501||48|099|0029|Rural|
61546|El Guayabo|Rancho|Tuzantla|Michoacán de Ocampo||61501|16|61501||48|099|0034|Rural|
61546|El Manguito|Rancho|Tuzantla|Michoacán de Ocampo||61501|16|61501||48|099|0035|Rural|
61546|El Rancho|Rancho|Tuzantla|Michoacán de Ocampo||61501|16|61501||48|099|0044|Rural|
61546|La Turicata|Rancho|Tuzantla|Michoacán de Ocampo||61501|16|61501||48|099|0072|Rural|
61546|La Víbora|Rancho|Tuzantla|Michoacán de Ocampo||61501|16|61501||48|099|0073|Rural|
61546|Las Juntas|Rancho|Tuzantla|Michoacán de Ocampo||61501|16|61501||48|099|0085|Rural|
61546|Los Anonos|Rancho|Tuzantla|Michoacán de Ocampo||61501|16|61501||48|099|0092|Rural|
61546|Mesa el Encinal|Ranchería|Tuzantla|Michoacán de Ocampo||61501|16|61501||29|099|0105|Rural|
61546|Palominos|Rancho|Tuzantla|Michoacán de Ocampo||61501|16|61501||48|099|0110|Rural|
61546|Plan de los Coyotes (El Coyote)|Rancho|Tuzantla|Michoacán de Ocampo||61501|16|61501||48|099|0115|Rural|
61546|Puerto del Pilón|Rancho|Tuzantla|Michoacán de Ocampo||61501|16|61501||48|099|0121|Rural|
61547|Agua Fría Dos|Rancho|Tuzantla|Michoacán de Ocampo||61501|16|61501||48|099|0008|Rural|
61547|Barranca la Minilla (El Salitrillo)|Rancho|Tuzantla|Michoacán de Ocampo||61501|16|61501||48|099|0010|Rural|
61547|El Pantano|Rancho|Tuzantla|Michoacán de Ocampo||61501|16|61501||48|099|0040|Rural|
61547|El Panteoncito|Rancho|Tuzantla|Michoacán de Ocampo||61501|16|61501||48|099|0041|Rural|
61547|El Timbiriche|Rancho|Tuzantla|Michoacán de Ocampo||61501|16|61501||48|099|0050|Rural|
61547|La Carbonera|Rancho|Tuzantla|Michoacán de Ocampo||61501|16|61501||48|099|0055|Rural|
61547|La Laja Uno|Rancho|Tuzantla|Michoacán de Ocampo||61501|16|61501||48|099|0060|Rural|
61547|La Lajita|Rancho|Tuzantla|Michoacán de Ocampo||61501|16|61501||48|099|0061|Rural|
61547|La Sierrita|Rancho|Tuzantla|Michoacán de Ocampo||61501|16|61501||48|099|0070|Rural|
61547|Las Crucitas|Rancho|Tuzantla|Michoacán de Ocampo||61501|16|61501||48|099|0081|Rural|
61547|Los Tepehuajes|Rancho|Tuzantla|Michoacán de Ocampo||61501|16|61501||48|099|0100|Rural|
61547|Puerto Colorado|Rancho|Tuzantla|Michoacán de Ocampo||61501|16|61501||48|099|0119|Rural|
61547|El Olivo|Ejido|Tuzantla|Michoacán de Ocampo||61501|16|61501||15|099|2457|Rural|
61547|El Reventón Uno|Pueblo|Tuzantla|Michoacán de Ocampo||61501|16|61501||28|099|4056|Rural|
61548|Arroyo Seco|Pueblo|Tuzantla|Michoacán de Ocampo||61501|16|61501||28|099|0009|Rural|
61548|Cañas Viejas|Rancho|Tuzantla|Michoacán de Ocampo||61501|16|61501||48|099|0014|Rural|
61548|Calicanto|Rancho|Tuzantla|Michoacán de Ocampo||61501|16|61501||48|099|0015|Rural|
61548|Canoas|Rancho|Tuzantla|Michoacán de Ocampo||61501|16|61501||48|099|0016|Rural|
61548|Cuaulote|Rancho|Tuzantla|Michoacán de Ocampo||61501|16|61501||48|099|0022|Rural|
61548|El Agua Grande|Ranchería|Tuzantla|Michoacán de Ocampo||61501|16|61501||29|099|0024|Rural|
61548|El Balseadero|Ranchería|Tuzantla|Michoacán de Ocampo||61501|16|61501||29|099|0025|Rural|
61548|El Mezquite|Rancho|Tuzantla|Michoacán de Ocampo||61501|16|61501||48|099|0037|Rural|
61548|El Timbinal|Ranchería|Tuzantla|Michoacán de Ocampo||61501|16|61501||29|099|0049|Rural|
61548|La Papaya|Ranchería|Tuzantla|Michoacán de Ocampo||61501|16|61501||29|099|0063|Rural|
61548|La Pinzanera|Ranchería|Tuzantla|Michoacán de Ocampo||61501|16|61501||29|099|0066|Rural|
61548|Paso Ancho|Ranchería|Tuzantla|Michoacán de Ocampo||61501|16|61501||29|099|0111|Rural|
61548|San Juan de Dios|Ranchería|Tuzantla|Michoacán de Ocampo||61501|16|61501||29|099|0124|Rural|
61548|San Miguel|Rancho|Tuzantla|Michoacán de Ocampo||61501|16|61501||48|099|0125|Rural|
61549|El Cuajilote|Ranchería|Tuzantla|Michoacán de Ocampo||61501|16|61501||29|099|0030|Rural|
61549|Los Cuitaces|Ranchería|Tuzantla|Michoacán de Ocampo||61501|16|61501||29|099|0094|Rural|
61549|San Alejo|Rancho|Tuzantla|Michoacán de Ocampo||61501|16|61501||48|099|0123|Rural|
61549|Tamata|Ranchería|Tuzantla|Michoacán de Ocampo||61501|16|61501||29|099|0128|Rural|
61549|Taracatío|Ejido|Tuzantla|Michoacán de Ocampo||61501|16|61501||15|099|2462|Rural|
61550|Cerrillal|Rancho|Tuzantla|Michoacán de Ocampo||61501|16|61501||48|099|0020|Rural|
61550|Cimientillos|Rancho|Tuzantla|Michoacán de Ocampo||61501|16|61501||48|099|0021|Rural|
61550|El Encinal|Rancho|Tuzantla|Michoacán de Ocampo||61501|16|61501||48|099|0032|Rural|
61550|El Pantano|Ranchería|Tuzantla|Michoacán de Ocampo||61501|16|61501||29|099|0039|Rural|
61550|Las Juntas|Rancho|Tuzantla|Michoacán de Ocampo||61501|16|61501||48|099|0084|Rural|
61553|El Tepeguaje|Rancho|Tuzantla|Michoacán de Ocampo||61501|16|61501||48|099|0048|Rural|
61553|La Escondida|Rancho|Tuzantla|Michoacán de Ocampo||61501|16|61501||48|099|0058|Rural|
61553|Los Otates|Rancho|Tuzantla|Michoacán de Ocampo||61501|16|61501||48|099|0098|Rural|
61553|Mesa de Teco|Rancho|Tuzantla|Michoacán de Ocampo||61501|16|61501||48|099|0104|Rural|
61553|Mesa del Aire|Ranchería|Tuzantla|Michoacán de Ocampo||61501|16|61501||29|099|2463|Rural|
61553|La Parota del Brasil|Pueblo|Tuzantla|Michoacán de Ocampo||61501|16|61501||28|099|4055|Rural|
61553|Los Bancos|Rancho|Tuzantla|Michoacán de Ocampo||61501|16|61501||48|099|6623|Rural|
61554|Las Joyas de Miranda|Rancho|Tuzantla|Michoacán de Ocampo||61501|16|61501||48|099|0082|Rural|
61554|Los Cimientos|Rancho|Tuzantla|Michoacán de Ocampo||61501|16|61501||48|099|0093|Rural|
61554|Los Planes|Rancho|Tuzantla|Michoacán de Ocampo||61501|16|61501||48|099|0099|Rural|
61554|Noverón|Rancho|Tuzantla|Michoacán de Ocampo||61501|16|61501||48|099|0107|Rural|
61554|Francisco Villa (Potrerillos)|Ejido|Tuzantla|Michoacán de Ocampo||61501|16|61501||15|099|2464|Rural|
61554|El Ranchito|Pueblo|Tuzantla|Michoacán de Ocampo||61501|16|61501||28|099|4057|Rural|
61555|Casas Viejas|Ranchería|Tuzantla|Michoacán de Ocampo||61501|16|61501||29|099|0017|Rural|
61555|El Bonete|Rancho|Tuzantla|Michoacán de Ocampo||61501|16|61501||48|099|0026|Rural|
61555|El Fresno (Los Fresnos)|Ranchería|Tuzantla|Michoacán de Ocampo||61501|16|61501||29|099|0033|Rural|
61555|El Rodeo de Soledad Grande|Ranchería|Tuzantla|Michoacán de Ocampo||61501|16|61501||29|099|0046|Rural|
61555|La Calera|Rancho|Tuzantla|Michoacán de Ocampo||61501|16|61501||48|099|0053|Rural|
61555|La Ordeñita|Rancho|Tuzantla|Michoacán de Ocampo||61501|16|61501||48|099|0062|Rural|
61555|La Parota|Rancho|Tuzantla|Michoacán de Ocampo||61501|16|61501||48|099|0064|Rural|
61555|Playitas|Rancho|Tuzantla|Michoacán de Ocampo||61501|16|61501||48|099|0116|Rural|
61555|Soledad Grande|Ranchería|Tuzantla|Michoacán de Ocampo||61501|16|61501||29|099|0127|Rural|
61556|La Corcomeca|Rancho|Tuzantla|Michoacán de Ocampo||61501|16|61501||48|099|0057|Rural|
61556|La Jarilla|Rancho|Tuzantla|Michoacán de Ocampo||61501|16|61501||48|099|0059|Rural|
61556|Las Canoas|Rancho|Tuzantla|Michoacán de Ocampo||61501|16|61501||48|099|0078|Rural|
61556|Providencia (Puerto de la Hoya)|Rancho|Tuzantla|Michoacán de Ocampo||61501|16|61501||48|099|0117|Rural|
61556|Puerto de la Naranja|Rancho|Tuzantla|Michoacán de Ocampo||61501|16|61501||48|099|0120|Rural|
61556|Río Colorado|Rancho|Tuzantla|Michoacán de Ocampo||61501|16|61501||48|099|0122|Rural|
61556|San Patricio Buenavista|Rancho|Tuzantla|Michoacán de Ocampo||61501|16|61501||48|099|0126|Rural|
61557|El Durazno|Rancho|Tuzantla|Michoacán de Ocampo||61501|16|61501||48|099|0031|Rural|
61557|El Molinito|Rancho|Tuzantla|Michoacán de Ocampo||61501|16|61501||48|099|0038|Rural|
61557|El Puerto del Durazno|Rancho|Tuzantla|Michoacán de Ocampo||61501|16|61501||48|099|0043|Rural|
61557|El Tejocote|Rancho|Tuzantla|Michoacán de Ocampo||61501|16|61501||48|099|0047|Rural|
61557|Joyas de Vigas|Rancho|Tuzantla|Michoacán de Ocampo||61501|16|61501||48|099|0052|Rural|
61557|La Camelina|Rancho|Tuzantla|Michoacán de Ocampo||61501|16|61501||48|099|0054|Rural|
61557|La Rayuela|Rancho|Tuzantla|Michoacán de Ocampo||61501|16|61501||48|099|0069|Rural|
61557|La Soledad Chiquita|Rancho|Tuzantla|Michoacán de Ocampo||61501|16|61501||48|099|0071|Rural|
61557|Las Presitas|Rancho|Tuzantla|Michoacán de Ocampo||61501|16|61501||48|099|0090|Rural|
61557|Lomas de la Carrera|Rancho|Tuzantla|Michoacán de Ocampo||61501|16|61501||48|099|0091|Rural|
61557|Piedras Boludas|Rancho|Tuzantla|Michoacán de Ocampo||61501|16|61501||48|099|0113|Rural|
61557|Puerto Ancho|Rancho|Tuzantla|Michoacán de Ocampo||61501|16|61501||48|099|0118|Rural|
61560|Bejucalillos|Pueblo|Tuzantla|Michoacán de Ocampo||61501|16|61501||28|099|0011|Rural|
61560|La Playa|Ranchería|Tuzantla|Michoacán de Ocampo||61501|16|61501||29|099|0067|Rural|
61560|Mendoza y Cuirindales|Ranchería|Tuzantla|Michoacán de Ocampo||61501|16|61501||29|099|0102|Rural|
61560|La Loma Bonita|Pueblo|Tuzantla|Michoacán de Ocampo||61501|16|61501||28|099|0130|Rural|
61560|Melchor Ocampo (Paso de Tierra Caliente)|Pueblo|Tuzantla|Michoacán de Ocampo||61501|16|61501||28|099|2465|Rural|
61563|Curigineo|Ranchería|Tuzantla|Michoacán de Ocampo||61501|16|61501||29|099|0023|Rural|
61563|La Quiringuca|Ranchería|Tuzantla|Michoacán de Ocampo||61501|16|61501||29|099|0068|Rural|
61563|Las Parotas (Parota de Terrero)|Rancho|Tuzantla|Michoacán de Ocampo||61501|16|61501||48|099|0089|Rural|
61564|Acucha de Cajoncitos|Pueblo|Tuzantla|Michoacán de Ocampo||61501|16|61501||28|099|0005|Rural|
61564|El Cascalote del Salitre (El Salitre)|Pueblo|Tuzantla|Michoacán de Ocampo||61501|16|61501||28|099|0028|Rural|
61564|El Rodeo|Rancho|Tuzantla|Michoacán de Ocampo||61501|16|61501||48|099|0045|Rural|
61564|Huacaz (Pueblo Nuevo)|Pueblo|Tuzantla|Michoacán de Ocampo||61501|16|61501||28|099|0051|Rural|
61564|La Colonia|Pueblo|Tuzantla|Michoacán de Ocampo||61501|16|61501||28|099|0056|Rural|
61564|Las Juntas|Ranchería|Tuzantla|Michoacán de Ocampo||61501|16|61501||29|099|0083|Rural|
61564|Pinzanera|Rancho|Tuzantla|Michoacán de Ocampo||61501|16|61501||48|099|0114|Rural|
61564|Las Juntas del Tanque|Pueblo|Tuzantla|Michoacán de Ocampo||61501|16|61501||28|099|4054|Rural|
61565|Lampazo|Rancho|Tuzantla|Michoacán de Ocampo||61501|16|61501||48|099|0075|Rural|
61565|Maguey Acuitzio (La Polilla)|Pueblo|Tuzantla|Michoacán de Ocampo||61501|16|61501||28|099|0101|Rural|
61565|Paso Nicolás Romero (Las Puercas)|Ranchería|Tuzantla|Michoacán de Ocampo||61501|16|61501||29|099|0112|Rural|
61570|Buenos Aires|Colonia|Juárez|Michoacán de Ocampo||61501|16|61501||09|046|0001|Urbano|
61570|El Tanque|Colonia|Juárez|Michoacán de Ocampo||61501|16|61501||09|046|0002|Urbano|
61570|Jardines del Rincón|Colonia|Juárez|Michoacán de Ocampo||61501|16|61501||09|046|0003|Urbano|
61570|Las Canchas|Colonia|Juárez|Michoacán de Ocampo||61501|16|61501||09|046|0004|Urbano|
61570|Las Carretas|Colonia|Juárez|Michoacán de Ocampo||61501|16|61501||09|046|0005|Urbano|
61570|Las Charcas|Colonia|Juárez|Michoacán de Ocampo||61501|16|61501||09|046|0006|Urbano|
61570|Lázaro Cárdenas|Colonia|Juárez|Michoacán de Ocampo||61501|16|61501||09|046|0007|Urbano|
61570|Los Tepetates|Colonia|Juárez|Michoacán de Ocampo||61501|16|61501||09|046|0008|Urbano|
61570|Los Viveros|Colonia|Juárez|Michoacán de Ocampo||61501|16|61501||09|046|0009|Urbano|
61570|Benito Juárez|Pueblo|Juárez|Michoacán de Ocampo||61501|16|61501||28|046|2466|Urbano|
61573|Agua de la Piedra|Ranchería|Juárez|Michoacán de Ocampo||61501|16|61501||29|046|0010|Rural|
61573|El Aguaje|Ranchería|Juárez|Michoacán de Ocampo||61501|16|61501||29|046|0012|Rural|
61573|El Limoncito|Ranchería|Juárez|Michoacán de Ocampo||61501|16|61501||29|046|0014|Rural|
61573|López Ríos (Casa de Piedra Dos)|Rancho|Juárez|Michoacán de Ocampo||61501|16|61501||48|046|0026|Rural|
61573|El CBTA|Equipamiento|Juárez|Michoacán de Ocampo||61501|16|61501||17|046|0029|Rural|
61573|Loma Linda|Rancho|Juárez|Michoacán de Ocampo||61501|16|61501||48|046|0031|Rural|
61573|Santa Ana de Guerrero (El Cascabel)|Ranchería|Juárez|Michoacán de Ocampo||61501|16|61501||29|046|2469|Rural|
61575|Ojo de Agua|Rancho|Juárez|Michoacán de Ocampo||61501|16|61501||48|046|0022|Rural|
61575|Las Carretas|Rancho|Juárez|Michoacán de Ocampo||61501|16|61501||48|046|0028|Rural|
61575|Santa Cruz|Ranchería|Juárez|Michoacán de Ocampo||61501|16|61501||29|046|0032|Rural|
61575|La Empacadora|Rancho|Juárez|Michoacán de Ocampo||61501|16|61501||48|046|0033|Rural|
61575|Cerro Colorado|Ranchería|Juárez|Michoacán de Ocampo||61501|16|61501||29|046|2467|Rural|
61575|Buenavista de Zapata (El Atorón)|Ranchería|Juárez|Michoacán de Ocampo||61501|16|61501||29|046|2470|Rural|
61577|El Aventurero|Rancho|Juárez|Michoacán de Ocampo||61501|16|61501||48|046|0013|Rural|
61577|El Llano|Rancho|Juárez|Michoacán de Ocampo||61501|16|61501||48|046|0015|Rural|
61577|Landero|Ranchería|Juárez|Michoacán de Ocampo||61501|16|61501||29|046|2471|Rural|
61577|Zicata Chico (Zicata Chico de Morelos)|Ranchería|Juárez|Michoacán de Ocampo||61501|16|61501||29|046|2472|Rural|
61578|Dos Ríos|Rancho|Juárez|Michoacán de Ocampo||61501|16|61501||48|046|0011|Rural|
61578|La Escondida|Rancho|Juárez|Michoacán de Ocampo||61501|16|61501||48|046|0017|Rural|
61578|Las Mesitas|Ranchería|Juárez|Michoacán de Ocampo||61501|16|61501||29|046|0021|Rural|
61578|Puerto de los Laureles|Colonia|Juárez|Michoacán de Ocampo||61501|16|61501||09|046|0024|Rural|
61578|Trincheras|Ranchería|Juárez|Michoacán de Ocampo||61501|16|61501||29|046|0027|Rural|
61578|Enandio|Pueblo|Juárez|Michoacán de Ocampo||61501|16|61501||28|046|2473|Rural|
61578|Guanoro|Pueblo|Juárez|Michoacán de Ocampo||61501|16|61501||28|046|2474|Rural|
61578|Zicata de Morelos (Zicata Grande de Morelos)|Ranchería|Juárez|Michoacán de Ocampo||61501|16|61501||29|046|2475|Rural|
61580|La Parota|Ranchería|Juárez|Michoacán de Ocampo||61501|16|61501||29|046|0018|Rural|
61580|Parícuaro|Ranchería|Juárez|Michoacán de Ocampo||61501|16|61501||29|046|2468|Rural|
61583|Las Ceibillas|Rancho|Juárez|Michoacán de Ocampo||61501|16|61501||48|046|0020|Rural|
61583|Orocutín de Serdán|Ranchería|Juárez|Michoacán de Ocampo||61501|16|61501||29|046|0023|Rural|
61583|Puerto de Timbuscatío (La Alcantarilla)|Ranchería|Juárez|Michoacán de Ocampo||61501|16|61501||29|046|0025|Rural|
61583|Santa María|Rancho|Juárez|Michoacán de Ocampo||61501|16|61501||48|046|0030|Rural|
61585|Timbuscatío|Ranchería|Juárez|Michoacán de Ocampo||61501|16|61501||29|046|2476|Rural|
61586|Irapeo de Madero|Ranchería|Juárez|Michoacán de Ocampo||61501|16|61501||29|046|0016|Rural|
61587|Rodeo|Ranchería|Juárez|Michoacán de Ocampo||61501|16|61501||29|046|2477|Rural|
61590|Susupuato de Guerrero|Pueblo|Susupuato|Michoacán de Ocampo||61501|16|61501||28|081|2480|Urbano|
61592|Ciranda Blanca|Rancho|Susupuato|Michoacán de Ocampo||61501|16|61501||48|081|0005|Rural|
61592|La Pluma|Ranchería|Susupuato|Michoacán de Ocampo||61501|16|61501||29|081|0006|Rural|
61592|El Bonete|Rancho|Susupuato|Michoacán de Ocampo||61501|16|61501||48|081|0009|Rural|
61592|El Hondable|Ranchería|Susupuato|Michoacán de Ocampo||61501|16|61501||29|081|0015|Rural|
61592|El Plátano|Rancho|Susupuato|Michoacán de Ocampo||61501|16|61501||48|081|0021|Rural|
61592|La Colmena|Rancho|Susupuato|Michoacán de Ocampo||61501|16|61501||48|081|0030|Rural|
61592|La Pluma|Rancho|Susupuato|Michoacán de Ocampo||61501|16|61501||48|081|0035|Rural|
61592|Pungarancho|Rancho|Susupuato|Michoacán de Ocampo||61501|16|61501||48|081|0049|Rural|
61592|Corral Viejo|Ranchería|Susupuato|Michoacán de Ocampo||61501|16|61501||29|081|2481|Rural|
61592|El Naranjo (Los Limones)|Pueblo|Susupuato|Michoacán de Ocampo||61501|16|61501||28|081|2482|Rural|
61593|Cerro de Guadalupe (Lampazos)|Ranchería|Susupuato|Michoacán de Ocampo||61501|16|61501||29|081|0004|Rural|
61593|El Capire|Rancho|Susupuato|Michoacán de Ocampo||61501|16|61501||48|081|0011|Rural|
61593|El Tular|Rancho|Susupuato|Michoacán de Ocampo||61501|16|61501||48|081|0025|Rural|
61593|La Cañadita|Rancho|Susupuato|Michoacán de Ocampo||61501|16|61501||48|081|0028|Rural|
61593|La Fragua|Rancho|Susupuato|Michoacán de Ocampo||61501|16|61501||48|081|0031|Rural|
61593|La Lagunilla|Rancho|Susupuato|Michoacán de Ocampo||61501|16|61501||48|081|0032|Rural|
61593|Laja Lisa|Rancho|Susupuato|Michoacán de Ocampo||61501|16|61501||48|081|0037|Rural|
61593|Las Lajas|Rancho|Susupuato|Michoacán de Ocampo||61501|16|61501||48|081|0038|Rural|
61593|Limoncito|Rancho|Susupuato|Michoacán de Ocampo||61501|16|61501||48|081|0040|Rural|
61593|Manzanillo|Rancho|Susupuato|Michoacán de Ocampo||61501|16|61501||48|081|0043|Rural|
61593|El Tremesino|Ranchería|Susupuato|Michoacán de Ocampo||61501|16|61501||29|081|2478|Rural|
61593|El Salitre|Ranchería|Susupuato|Michoacán de Ocampo||61501|16|61501||29|081|2483|Rural|
61593|Guayabo Chico|Ranchería|Susupuato|Michoacán de Ocampo||61501|16|61501||29|081|2484|Rural|
61594|El Aguacate|Rancho|Susupuato|Michoacán de Ocampo||61501|16|61501||48|081|0007|Rural|
61594|El Estanco|Ranchería|Susupuato|Michoacán de Ocampo||61501|16|61501||29|081|0014|Rural|
61594|La Cañada|Rancho|Susupuato|Michoacán de Ocampo||61501|16|61501||48|081|0027|Rural|
61594|Las Maravillas|Pueblo|Susupuato|Michoacán de Ocampo||61501|16|61501||28|081|0039|Rural|
61594|Mesa Rica|Ranchería|Susupuato|Michoacán de Ocampo||61501|16|61501||29|081|0045|Rural|
61594|Puerto del Cerro Pelón (Puerto de Susupuato)|Ranchería|Susupuato|Michoacán de Ocampo||61501|16|61501||29|081|0048|Rural|
61594|Rancho Viejo|Ranchería|Susupuato|Michoacán de Ocampo||61501|16|61501||29|081|2479|Rural|
61594|Vicente Guerrero (El Salitre)|Colonia|Susupuato|Michoacán de Ocampo||61501|16|61501||09|081|2485|Rural|
61595|El Limoncito|Colonia|Susupuato|Michoacán de Ocampo||61501|16|61501||09|081|0001|Rural|
61595|El Cangrejo|Rancho|Susupuato|Michoacán de Ocampo||61501|16|61501||48|081|0010|Rural|
61595|El Carrizal|Ranchería|Susupuato|Michoacán de Ocampo||61501|16|61501||29|081|0012|Rural|
61595|El Llano del Conejo|Rancho|Susupuato|Michoacán de Ocampo||61501|16|61501||48|081|0018|Rural|
61595|El Salto|Ranchería|Susupuato|Michoacán de Ocampo||61501|16|61501||29|081|0024|Rural|
61595|Los Guajes|Pueblo|Susupuato|Michoacán de Ocampo||61501|16|61501||28|081|0041|Rural|
61595|San Malaquías|Rancho|Susupuato|Michoacán de Ocampo||61501|16|61501||48|081|0050|Rural|
61595|San Pedro|Rancho|Susupuato|Michoacán de Ocampo||61501|16|61501||48|081|0051|Rural|
61595|Santa Inés (La Haciendita)|Ranchería|Susupuato|Michoacán de Ocampo||61501|16|61501||29|081|0052|Rural|
61595|Santa Rosa|Ranchería|Susupuato|Michoacán de Ocampo||61501|16|61501||29|081|0053|Rural|
61596|Arroyo Salado|Rancho|Susupuato|Michoacán de Ocampo||61501|16|61501||48|081|0002|Rural|
61596|Arroyo Salado Dos|Rancho|Susupuato|Michoacán de Ocampo||61501|16|61501||48|081|0003|Rural|
61596|El Aguacate|Rancho|Susupuato|Michoacán de Ocampo||61501|16|61501||48|081|0008|Rural|
61596|El Llano|Ranchería|Susupuato|Michoacán de Ocampo||61501|16|61501||29|081|0016|Rural|
61596|El Rincón|Ranchería|Susupuato|Michoacán de Ocampo||61501|16|61501||29|081|0023|Rural|
61596|La Ciranda|Ranchería|Susupuato|Michoacán de Ocampo||61501|16|61501||29|081|0029|Rural|
61596|La Loma (Los Hoyos)|Ranchería|Susupuato|Michoacán de Ocampo||61501|16|61501||29|081|0033|Rural|
61596|Dolores (Ex-Hacienda de Dolores)|Exhacienda|Susupuato|Michoacán de Ocampo||61501|16|61501||18|081|2486|Rural|
61596|El Tanque|Ranchería|Susupuato|Michoacán de Ocampo||61501|16|61501||29|081|2487|Rural|
61596|La Loma|Ranchería|Susupuato|Michoacán de Ocampo||61501|16|61501||29|081|2488|Rural|
61597|El Escobetillo|Rancho|Susupuato|Michoacán de Ocampo||61501|16|61501||48|081|0013|Rural|
61597|El Ocote Torcido|Rancho|Susupuato|Michoacán de Ocampo||61501|16|61501||48|081|0019|Rural|
61597|El Paso|Rancho|Susupuato|Michoacán de Ocampo||61501|16|61501||48|081|0020|Rural|
61597|El Potrero|Rancho|Susupuato|Michoacán de Ocampo||61501|16|61501||48|081|0022|Rural|
61597|Genguaro|Ranchería|Susupuato|Michoacán de Ocampo||61501|16|61501||29|081|0026|Rural|
61597|La Palma|Ranchería|Susupuato|Michoacán de Ocampo||61501|16|61501||29|081|0034|Rural|
61597|Lagunilla|Rancho|Susupuato|Michoacán de Ocampo||61501|16|61501||48|081|0036|Rural|
61597|Los Teposanes|Rancho|Susupuato|Michoacán de Ocampo||61501|16|61501||48|081|0042|Rural|
61597|Mesa Grande (Mesa del Zacatón)|Ranchería|Susupuato|Michoacán de Ocampo||61501|16|61501||29|081|0044|Rural|
61597|Paso Ancho|Rancho|Susupuato|Michoacán de Ocampo||61501|16|61501||48|081|0046|Rural|
61597|Chilacayote (Landeros)|Ranchería|Susupuato|Michoacán de Ocampo||61501|16|61501||29|081|2489|Rural|
61597|Copándaro (Santiago)|Pueblo|Susupuato|Michoacán de Ocampo||61501|16|61501||28|081|4038|Rural|
61600|Pátzcuaro Centro|Colonia|Pátzcuaro|Michoacán de Ocampo|Pátzcuaro|61601|16|61601||09|066|2491|Urbano|07
61600|España|Condominio|Pátzcuaro|Michoacán de Ocampo|Pátzcuaro|61601|16|61601||10|066|4323|Urbano|07
61600|Pátzcuaro|Fraccionamiento|Pátzcuaro|Michoacán de Ocampo|Pátzcuaro|61601|16|61601||21|066|4326|Urbano|07
61604|La Pilita|Colonia|Pátzcuaro|Michoacán de Ocampo|Pátzcuaro|61601|16|61601||09|066|0018|Urbano|07
61604|Vista Bella|Colonia|Pátzcuaro|Michoacán de Ocampo|Pátzcuaro|61601|16|61601||09|066|1017|Urbano|07
61604|Gertrudis Bocanegra|Colonia|Pátzcuaro|Michoacán de Ocampo|Pátzcuaro|61601|16|61601||09|066|2494|Urbano|07
61604|La Era|Colonia|Pátzcuaro|Michoacán de Ocampo|Pátzcuaro|61601|16|61601||09|066|2495|Urbano|07
61604|Lázaro Cárdenas|Colonia|Pátzcuaro|Michoacán de Ocampo|Pátzcuaro|61601|16|61601||09|066|2496|Urbano|07
61604|El Pedregal|Colonia|Pátzcuaro|Michoacán de Ocampo|Pátzcuaro|61601|16|61601||09|066|2497|Urbano|07
61604|Popular Vasco de Quiroga|Colonia|Pátzcuaro|Michoacán de Ocampo|Pátzcuaro|61601|16|61601||09|066|2498|Urbano|07
61604|Potrero del Agua|Colonia|Pátzcuaro|Michoacán de Ocampo|Pátzcuaro|61601|16|61601||09|066|3174|Urbano|07
61604|Joya de los Molinos|Colonia|Pátzcuaro|Michoacán de Ocampo|Pátzcuaro|61601|16|61601||09|066|3175|Urbano|07
61604|Loma Bonita|Colonia|Pátzcuaro|Michoacán de Ocampo|Pátzcuaro|61601|16|61601||09|066|3178|Urbano|07
61604|Corazón de Durazno|Fraccionamiento|Pátzcuaro|Michoacán de Ocampo|Pátzcuaro|61601|16|61601||21|066|4313|Urbano|07
61604|Kercus|Fraccionamiento|Pátzcuaro|Michoacán de Ocampo|Pátzcuaro|61601|16|61601||21|066|4317|Urbano|07
61604|Monarcas|Fraccionamiento|Pátzcuaro|Michoacán de Ocampo|Pátzcuaro|61601|16|61601||21|066|4325|Urbano|07
61604|Pátzcuaro|Colonia|Pátzcuaro|Michoacán de Ocampo|Pátzcuaro|61601|16|61601||09|066|4755|Urbano|07
61605|El Ciprés|Fraccionamiento|Pátzcuaro|Michoacán de Ocampo|Pátzcuaro|61601|16|61601||21|066|2499|Urbano|07
61605|Erendira I|Colonia|Pátzcuaro|Michoacán de Ocampo|Pátzcuaro|61601|16|61601||09|066|2500|Urbano|07
61605|Erendira II|Colonia|Pátzcuaro|Michoacán de Ocampo|Pátzcuaro|61601|16|61601||09|066|2501|Urbano|07
61605|Erendira III|Colonia|Pátzcuaro|Michoacán de Ocampo|Pátzcuaro|61601|16|61601||09|066|2502|Urbano|07
61605|Erendira IV|Colonia|Pátzcuaro|Michoacán de Ocampo|Pátzcuaro|61601|16|61601||09|066|2503|Urbano|07
61605|INFONAVIT I Alfredo Salce|Unidad habitacional|Pátzcuaro|Michoacán de Ocampo|Pátzcuaro|61601|16|61601||31|066|2504|Urbano|07
61605|INFONAVIT II Fray Alonso de La Veracruz|Unidad habitacional|Pátzcuaro|Michoacán de Ocampo|Pátzcuaro|61601|16|61601||31|066|2505|Urbano|07
61605|Jamuquen|Colonia|Pátzcuaro|Michoacán de Ocampo|Pátzcuaro|61601|16|61601||09|066|2506|Urbano|07
61605|Jamuquen|Fraccionamiento|Pátzcuaro|Michoacán de Ocampo|Pátzcuaro|61601|16|61601||21|066|2507|Urbano|07
61605|Juventino Rosas|Colonia|Pátzcuaro|Michoacán de Ocampo|Pátzcuaro|61601|16|61601||09|066|2508|Urbano|07
61605|Las Palmas|Fraccionamiento|Pátzcuaro|Michoacán de Ocampo|Pátzcuaro|61601|16|61601||21|066|2509|Urbano|07
61605|Llano de La Virgen|Colonia|Pátzcuaro|Michoacán de Ocampo|Pátzcuaro|61601|16|61601||09|066|2510|Urbano|07
61605|Marcos M. Jiménez|Fraccionamiento|Pátzcuaro|Michoacán de Ocampo|Pátzcuaro|61601|16|61601||21|066|2511|Urbano|07
61605|San Lázaro|Colonia|Pátzcuaro|Michoacán de Ocampo|Pátzcuaro|61601|16|61601||09|066|2513|Urbano|07
61605|Magisterial|Fraccionamiento|Pátzcuaro|Michoacán de Ocampo|Pátzcuaro|61601|16|61601||21|066|3171|Urbano|07
61605|Agua Escondida|Colonia|Pátzcuaro|Michoacán de Ocampo|Pátzcuaro|61601|16|61601||09|066|3172|Urbano|07
61605|Vida Purembe|Colonia|Pátzcuaro|Michoacán de Ocampo|Pátzcuaro|61601|16|61601||09|066|3182|Urbano|07
61605|Villas de La Esperanza|Fraccionamiento|Pátzcuaro|Michoacán de Ocampo|Pátzcuaro|61601|16|61601||21|066|3552|Urbano|07
61605|El Triángulo|Fraccionamiento|Pátzcuaro|Michoacán de Ocampo|Pátzcuaro|61601|16|61601||21|066|4314|Urbano|07
61605|Habitacional 2000|Fraccionamiento|Pátzcuaro|Michoacán de Ocampo|Pátzcuaro|61601|16|61601||21|066|4316|Urbano|07
61605|La Ilusión|Fraccionamiento|Pátzcuaro|Michoacán de Ocampo|Pátzcuaro|61601|16|61601||21|066|4319|Urbano|07
61605|Mercado de Abastos Tariácuri|Fraccionamiento|Pátzcuaro|Michoacán de Ocampo|Pátzcuaro|61601|16|61601||21|066|4324|Urbano|07
61605|Paz del Progreso|Fraccionamiento|Pátzcuaro|Michoacán de Ocampo|Pátzcuaro|61601|16|61601||21|066|4327|Urbano|07
61605|San Miguel|Fraccionamiento|Pátzcuaro|Michoacán de Ocampo|Pátzcuaro|61601|16|61601||21|066|4331|Urbano|07
61606|Mirador del Paraíso|Fraccionamiento|Pátzcuaro|Michoacán de Ocampo|Pátzcuaro|61601|16|61601||21|066|0012|Urbano|07
61606|Huertas del Mirador|Fraccionamiento|Pátzcuaro|Michoacán de Ocampo|Pátzcuaro|61601|16|61601||21|066|0013|Urbano|07
61606|Ampliación Los Cedros|Fraccionamiento|Pátzcuaro|Michoacán de Ocampo|Pátzcuaro|61601|16|61601||21|066|0016|Urbano|07
61606|Colimillas|Colonia|Pátzcuaro|Michoacán de Ocampo|Pátzcuaro|61601|16|61601||09|066|2514|Urbano|07
61606|Jacarandas|Colonia|Pátzcuaro|Michoacán de Ocampo|Pátzcuaro|61601|16|61601||09|066|2517|Urbano|07
61606|Los Cedros|Fraccionamiento|Pátzcuaro|Michoacán de Ocampo|Pátzcuaro|61601|16|61601||21|066|2518|Urbano|07
61606|Los Reyes|Colonia|Pátzcuaro|Michoacán de Ocampo|Pátzcuaro|61601|16|61601||09|066|2519|Urbano|07
61606|Santa Teresita|Colonia|Pátzcuaro|Michoacán de Ocampo|Pátzcuaro|61601|16|61601||09|066|2520|Urbano|07
61606|Vista del Lago|Colonia|Pátzcuaro|Michoacán de Ocampo|Pátzcuaro|61601|16|61601||09|066|3176|Urbano|07
61607|Ex-hacienda San Nicolás|Colonia|Pátzcuaro|Michoacán de Ocampo|Pátzcuaro|61601|16|61601||09|066|0015|Urbano|07
61607|Camelinas|Colonia|Pátzcuaro|Michoacán de Ocampo|Pátzcuaro|61601|16|61601||09|066|2522|Urbano|07
61607|5 de Mayo|Colonia|Pátzcuaro|Michoacán de Ocampo|Pátzcuaro|61601|16|61601||09|066|2523|Urbano|07
61607|El Calvario|Colonia|Pátzcuaro|Michoacán de Ocampo|Pátzcuaro|61601|16|61601||09|066|2524|Urbano|07
61607|Emiliano Zapata|Colonia|Pátzcuaro|Michoacán de Ocampo|Pátzcuaro|61601|16|61601||09|066|2525|Urbano|07
61607|Independencia|Colonia|Pátzcuaro|Michoacán de Ocampo|Pátzcuaro|61601|16|61601||09|066|2527|Urbano|07
61607|La Joya|Colonia|Pátzcuaro|Michoacán de Ocampo|Pátzcuaro|61601|16|61601||09|066|2529|Urbano|07
61607|La Salud|Fraccionamiento|Pátzcuaro|Michoacán de Ocampo|Pátzcuaro|61601|16|61601||21|066|2530|Urbano|07
61607|La Virgen|Colonia|Pátzcuaro|Michoacán de Ocampo|Pátzcuaro|61601|16|61601||09|066|2531|Urbano|07
61607|Las Flores|Fraccionamiento|Pátzcuaro|Michoacán de Ocampo|Pátzcuaro|61601|16|61601||21|066|2532|Urbano|07
61607|Maestros Asociados|Fraccionamiento|Pátzcuaro|Michoacán de Ocampo|Pátzcuaro|61601|16|61601||21|066|2534|Urbano|07
61607|Molino de San Nicolás|Fraccionamiento|Pátzcuaro|Michoacán de Ocampo|Pátzcuaro|61601|16|61601||21|066|2536|Urbano|07
61607|Niños Héroes|Colonia|Pátzcuaro|Michoacán de Ocampo|Pátzcuaro|61601|16|61601||09|066|2537|Urbano|07
61607|Santo Tomas|Colonia|Pátzcuaro|Michoacán de Ocampo|Pátzcuaro|61601|16|61601||09|066|2538|Urbano|07
61607|Los Fresnos|Fraccionamiento|Pátzcuaro|Michoacán de Ocampo|Pátzcuaro|61601|16|61601||21|066|3170|Urbano|07
61607|Rinconada Curátame|Fraccionamiento|Pátzcuaro|Michoacán de Ocampo|Pátzcuaro|61601|16|61601||21|066|4330|Urbano|07
61607|La Valenciana|Colonia|Pátzcuaro|Michoacán de Ocampo|Pátzcuaro|61601|16|61601||09|066|4756|Urbano|07
61607|Melchor Ocampo|Colonia|Pátzcuaro|Michoacán de Ocampo|Pátzcuaro|61601|16|61601||09|066|4758|Urbano|07
61608|Tanganxuan|Fraccionamiento|Pátzcuaro|Michoacán de Ocampo|Pátzcuaro|61601|16|61601||21|066|0014|Urbano|07
61608|Rincón de los Pinos|Colonia|Pátzcuaro|Michoacán de Ocampo|Pátzcuaro|61601|16|61601||09|066|0017|Urbano|07
61608|Camino Real a Tzurumútaro|Colonia|Pátzcuaro|Michoacán de Ocampo|Pátzcuaro|61601|16|61601||09|066|0019|Urbano|07
61608|El Cristo|Colonia|Pátzcuaro|Michoacán de Ocampo|Pátzcuaro|61601|16|61601||09|066|2539|Urbano|07
61608|Ignacio Zaragoza|Colonia|Pátzcuaro|Michoacán de Ocampo|Pátzcuaro|61601|16|61601||09|066|2540|Urbano|07
61608|FOVISSSTE La Querenda|Unidad habitacional|Pátzcuaro|Michoacán de Ocampo|Pátzcuaro|61601|16|61601||31|066|2543|Urbano|07
61608|Los Nogales|Colonia|Pátzcuaro|Michoacán de Ocampo|Pátzcuaro|61601|16|61601||09|066|2544|Urbano|07
61608|El Mirador|Colonia|Pátzcuaro|Michoacán de Ocampo|Pátzcuaro|61601|16|61601||09|066|2545|Urbano|07
61608|Nueva Del Cristo|Colonia|Pátzcuaro|Michoacán de Ocampo|Pátzcuaro|61601|16|61601||09|066|2547|Urbano|07
61608|Gral. García Pueblita|Colonia|Pátzcuaro|Michoacán de Ocampo|Pátzcuaro|61601|16|61601||09|066|2548|Urbano|07
61608|Vasco de Quiroga|Colonia|Pátzcuaro|Michoacán de Ocampo|Pátzcuaro|61601|16|61601||09|066|2549|Urbano|07
61608|Michoacán|Colonia|Pátzcuaro|Michoacán de Ocampo|Pátzcuaro|61601|16|61601||09|066|3169|Urbano|07
61608|La Loma|Fraccionamiento|Pátzcuaro|Michoacán de Ocampo|Pátzcuaro|61601|16|61601||21|066|3183|Urbano|07
61608|Cerro Blanco|Fraccionamiento|Pátzcuaro|Michoacán de Ocampo|Pátzcuaro|61601|16|61601||21|066|3184|Urbano|07
61608|Ampliación Ignacio Zaragoza|Colonia|Pátzcuaro|Michoacán de Ocampo|Pátzcuaro|61601|16|61601||09|066|3550|Urbano|07
61608|Primero de Mayo|Colonia|Pátzcuaro|Michoacán de Ocampo|Pátzcuaro|61601|16|61601||09|066|4310|Urbano|07
61608|Ampliación Vasco de Quiroga|Colonia|Pátzcuaro|Michoacán de Ocampo|Pátzcuaro|61601|16|61601||09|066|4311|Urbano|07
61608|Arizonta|Condominio|Pátzcuaro|Michoacán de Ocampo|Pátzcuaro|61601|16|61601||10|066|4312|Urbano|07
61608|La Aurora|Colonia|Pátzcuaro|Michoacán de Ocampo|Pátzcuaro|61601|16|61601||09|066|4318|Urbano|07
61608|La Querenda|Fraccionamiento|Pátzcuaro|Michoacán de Ocampo|Pátzcuaro|61601|16|61601||21|066|4320|Urbano|07
61608|Las Americas|Fraccionamiento|Pátzcuaro|Michoacán de Ocampo|Pátzcuaro|61601|16|61601||21|066|4321|Urbano|07
61608|Linda Vista|Colonia|Pátzcuaro|Michoacán de Ocampo|Pátzcuaro|61601|16|61601||09|066|4322|Urbano|07
61608|Rincón de Los Nogales|Fraccionamiento|Pátzcuaro|Michoacán de Ocampo|Pátzcuaro|61601|16|61601||21|066|4329|Urbano|07
61608|Villas del Sol|Colonia|Pátzcuaro|Michoacán de Ocampo|Pátzcuaro|61601|16|61601||09|066|4332|Urbano|07
61608|Zitunero|Fraccionamiento|Pátzcuaro|Michoacán de Ocampo|Pátzcuaro|61601|16|61601||21|066|4333|Urbano|07
61608|El Manzanillal (Colonia Enrique Ramírez)|Colonia|Pátzcuaro|Michoacán de Ocampo|Pátzcuaro|61601|16|61601||09|066|4337|Urbano|07
61608|Bosques de Pátzcuaro|Fraccionamiento|Pátzcuaro|Michoacán de Ocampo|Pátzcuaro|61601|16|61601||21|066|6592|Urbano|07
61609|Ibarra|Colonia|Pátzcuaro|Michoacán de Ocampo|Pátzcuaro|61601|16|61601||09|066|2550|Urbano|07
61609|Morelos|Colonia|Pátzcuaro|Michoacán de Ocampo|Pátzcuaro|61601|16|61601||09|066|2551|Urbano|07
61609|Revolución Mexicana|Colonia|Pátzcuaro|Michoacán de Ocampo|Pátzcuaro|61601|16|61601||09|066|2552|Urbano|07
61609|Viveros|Colonia|Pátzcuaro|Michoacán de Ocampo|Pátzcuaro|61601|16|61601||09|066|2553|Urbano|07
61609|San José|Colonia|Pátzcuaro|Michoacán de Ocampo|Pátzcuaro|61601|16|61601||09|066|3180|Urbano|07
61609|Residencial La Estación|Fraccionamiento|Pátzcuaro|Michoacán de Ocampo|Pátzcuaro|61601|16|61601||21|066|4328|Urbano|07
61610|Santa María Huiramangaro (San Juan Tumbio)|Pueblo|Pátzcuaro|Michoacán de Ocampo||61601|16|61601||28|066|2555|Urbano|
61611|San Juan Tumbio|Pueblo|Pátzcuaro|Michoacán de Ocampo||61601|16|61601||28|066|2556|Urbano|
61612|Ajuno|Pueblo|Pátzcuaro|Michoacán de Ocampo||61601|16|61601||28|066|2557|Rural|
61613|Urandén de Morales (Urandén Chico)|Rancho|Pátzcuaro|Michoacán de Ocampo||61601|16|61601||48|066|0004|Rural|
61613|Urandén de Morelos (Isla Urandén de Morelos)|Pueblo|Pátzcuaro|Michoacán de Ocampo||61601|16|61601||28|066|2558|Rural|
61613|Tzentzénguaro|Pueblo|Pátzcuaro|Michoacán de Ocampo||61601|16|61601||28|066|2559|Rural|
61613|Santa Ana Chapitiro|Pueblo|Pátzcuaro|Michoacán de Ocampo||61601|16|61601||28|066|4346|Rural|
61613|Urandén Carián|Ranchería|Pátzcuaro|Michoacán de Ocampo||61601|16|61601||29|066|4350|Rural|
61614|Huecorio|Pueblo|Pátzcuaro|Michoacán de Ocampo||61601|16|61601||28|066|2560|Rural|
61614|San Pedro Pareo|Pueblo|Pátzcuaro|Michoacán de Ocampo||61601|16|61601||28|066|2561|Rural|
61614|Lázaro Cárdenas (San Bartolo Pareo)|Pueblo|Pátzcuaro|Michoacán de Ocampo||61601|16|61601||28|066|3985|Rural|
61614|San Miguel Charahuén|Pueblo|Pátzcuaro|Michoacán de Ocampo||61601|16|61601||28|066|3986|Rural|
61614|Estación de Ajuno (Santa Isabel Ajuno)|Pueblo|Pátzcuaro|Michoacán de Ocampo||61601|16|61601||28|066|4339|Rural|
61615|El Zapote|Ranchería|Pátzcuaro|Michoacán de Ocampo||61601|16|61601||29|066|2562|Rural|
61615|Zurumútaro (Tzurumútaro)|Pueblo|Pátzcuaro|Michoacán de Ocampo||61601|16|61601||28|066|2563|Rural|
61615|La Vitela (Los Pozos)|Ranchería|Pátzcuaro|Michoacán de Ocampo||61601|16|61601||29|066|4343|Rural|
61616|Janitzio (Isla Janitzio)|Pueblo|Pátzcuaro|Michoacán de Ocampo||61601|16|61601||28|066|2564|Rural|
61616|La Tinaja|Ranchería|Pátzcuaro|Michoacán de Ocampo||61601|16|61601||29|066|2565|Rural|
61616|Potrero de Álvarez|Ranchería|Pátzcuaro|Michoacán de Ocampo||61601|16|61601||29|066|4345|Rural|
61616|Isla de Tecuena|Pueblo|Pátzcuaro|Michoacán de Ocampo||61601|16|61601||28|066|4348|Rural|
61616|Isla Yunuén|Pueblo|Pátzcuaro|Michoacán de Ocampo||61601|16|61601||28|066|4351|Rural|
61617|Ampliación Buena Vista|Rancho|Pátzcuaro|Michoacán de Ocampo||61601|16|61601||48|066|0001|Rural|
61617|El Durazno|Rancho|Pátzcuaro|Michoacán de Ocampo||61601|16|61601||48|066|0003|Rural|
61617|Buenavista|Ranchería|Pátzcuaro|Michoacán de Ocampo||61601|16|61601||29|066|2566|Rural|
61617|Chapultepec|Ranchería|Pátzcuaro|Michoacán de Ocampo||61601|16|61601||29|066|2567|Rural|
61617|El Crucero de Chapultepec|Ranchería|Pátzcuaro|Michoacán de Ocampo||61601|16|61601||29|066|4336|Rural|
61617|La Ciénega|Ranchería|Pátzcuaro|Michoacán de Ocampo||61601|16|61601||29|066|4341|Rural|
61617|Miguel Hidalgo (La Cadenita)|Ranchería|Pátzcuaro|Michoacán de Ocampo||61601|16|61601||29|066|4354|Rural|
61618|El Aguacate|Ranchería|Pátzcuaro|Michoacán de Ocampo||61601|16|61601||29|066|0002|Rural|
61618|La Lagunita|Rancho|Pátzcuaro|Michoacán de Ocampo||61601|16|61601||48|066|0005|Rural|
61618|Las Cabañas|Rancho|Pátzcuaro|Michoacán de Ocampo||61601|16|61601||48|066|0007|Rural|
61618|Ex-Hacienda la Tinaja|Rancho|Pátzcuaro|Michoacán de Ocampo||61601|16|61601||48|066|0010|Rural|
61618|Puerta de Cadena|Ranchería|Pátzcuaro|Michoacán de Ocampo||61601|16|61601||29|066|0011|Rural|
61618|Las Trojes del Durazno|Ranchería|Pátzcuaro|Michoacán de Ocampo||61601|16|61601||29|066|2568|Rural|
61618|La Pequeña Tinajita|Ranchería|Pátzcuaro|Michoacán de Ocampo||61601|16|61601||29|066|4342|Rural|
61618|Nueva Puerta de Cadena|Ranchería|Pátzcuaro|Michoacán de Ocampo||61601|16|61601||29|066|4355|Rural|
61620|Canacucho|Ranchería|Pátzcuaro|Michoacán de Ocampo||61601|16|61601||29|066|2569|Rural|
61620|Cuanajo|Pueblo|Pátzcuaro|Michoacán de Ocampo||61601|16|61601||28|066|2570|Urbano|
61623|Pueblo Nuevo|Ranchería|Pátzcuaro|Michoacán de Ocampo||61601|16|61601||29|066|4347|Rural|
61623|Unguarán (Inguarán)|Ranchería|Pátzcuaro|Michoacán de Ocampo||61601|16|61601||29|066|4349|Rural|
61624|Agua Nueva|Ranchería|Pátzcuaro|Michoacán de Ocampo||61601|16|61601||29|066|4334|Rural|
61624|Condémbaro|Ranchería|Pátzcuaro|Michoacán de Ocampo||61601|16|61601||29|066|4335|Rural|
61625|La Noria|Ranchería|Pátzcuaro|Michoacán de Ocampo||61601|16|61601||29|066|0006|Rural|
61625|Yuretzio (La Mesa)|Ranchería|Pátzcuaro|Michoacán de Ocampo||61601|16|61601||29|066|2571|Rural|
61625|El Refugio|Ranchería|Pátzcuaro|Michoacán de Ocampo||61601|16|61601||29|066|4338|Rural|
61626|Los Tanques|Ranchería|Pátzcuaro|Michoacán de Ocampo||61601|16|61601||29|066|0008|Rural|
61627|Ojos de Agua|Rancho|Pátzcuaro|Michoacán de Ocampo||61601|16|61601||48|066|0009|Rural|
61627|Santa Juana|Ranchería|Pátzcuaro|Michoacán de Ocampo||61601|16|61601||29|066|2572|Rural|
61627|Las Palmitas|Ranchería|Pátzcuaro|Michoacán de Ocampo||61601|16|61601||29|066|4344|Rural|
61630|San Miguel|Barrio|Erongarícuaro|Michoacán de Ocampo||61635|16|61635||02|032|2573|Urbano|
61630|San Francisco Uricho (Uricho)|Pueblo|Erongarícuaro|Michoacán de Ocampo||61635|16|61635||28|032|2577|Urbano|
61630|La Flor de la Esperanza|Colonia|Erongarícuaro|Michoacán de Ocampo||61635|16|61635||09|032|3893|Urbano|
61630|3 de Mayo|Fraccionamiento|Erongarícuaro|Michoacán de Ocampo||61635|16|61635||21|032|6236|Urbano|
61630|La Asunción|Barrio|Erongarícuaro|Michoacán de Ocampo||61635|16|61635||02|032|6239|Urbano|
61630|María Luisa Martínez|Fraccionamiento|Erongarícuaro|Michoacán de Ocampo||61635|16|61635||21|032|6240|Urbano|
61630|Mirador del Lago|Fraccionamiento|Erongarícuaro|Michoacán de Ocampo||61635|16|61635||21|032|6241|Urbano|
61630|San Antonio|Fraccionamiento|Erongarícuaro|Michoacán de Ocampo||61635|16|61635||21|032|6242|Urbano|
61630|San Francisco|Barrio|Erongarícuaro|Michoacán de Ocampo||61635|16|61635||02|032|6243|Urbano|
61630|Santo Santiago|Barrio|Erongarícuaro|Michoacán de Ocampo||61635|16|61635||02|032|6245|Urbano|
61632|Arocutin|Pueblo|Erongarícuaro|Michoacán de Ocampo||61635|16|61635||28|032|2581|Rural|
61632|Jarácuaro|Pueblo|Erongarícuaro|Michoacán de Ocampo||61635|16|61635||28|032|2582|Rural|
61632|San Miguel Nocutzepo|Pueblo|Erongarícuaro|Michoacán de Ocampo||61635|16|61635||28|032|2583|Rural|
61632|Tocuaro|Pueblo|Erongarícuaro|Michoacán de Ocampo||61635|16|61635||28|032|2584|Rural|
61632|Ex-Hacienda de Charahuén|Ranchería|Erongarícuaro|Michoacán de Ocampo||61635|16|61635||29|032|6233|Rural|
61633|La Zarzamora|Pueblo|Erongarícuaro|Michoacán de Ocampo||61635|16|61635||28|032|2585|Rural|
61634|Las Canoas|Rancho|Erongarícuaro|Michoacán de Ocampo||61635|16|61635||48|032|0002|Rural|
61634|Yotatiro|Pueblo|Erongarícuaro|Michoacán de Ocampo||61635|16|61635||28|032|2586|Rural|
61634|Madroño|Ranchería|Erongarícuaro|Michoacán de Ocampo||61635|16|61635||29|032|6234|Rural|
61634|Paso del Muerto|Ranchería|Erongarícuaro|Michoacán de Ocampo||61635|16|61635||29|032|6235|Rural|
61636|La Montufa|Rancho|Erongarícuaro|Michoacán de Ocampo||61635|16|61635||48|032|0001|Rural|
61636|Napízaro|Ranchería|Erongarícuaro|Michoacán de Ocampo||61635|16|61635||29|032|2574|Rural|
61636|San José Oponguio|Ranchería|Erongarícuaro|Michoacán de Ocampo||61635|16|61635||29|032|2575|Rural|
61636|Puácuaro|Pueblo|Erongarícuaro|Michoacán de Ocampo||61635|16|61635||28|032|2576|Rural|
61636|Colonia Revolución (La Ortiga)|Ranchería|Erongarícuaro|Michoacán de Ocampo||61635|16|61635||29|032|6232|Rural|
61637|Lázaro Cárdenas (Colonia de Lázaro Cárdenas)|Colonia|Erongarícuaro|Michoacán de Ocampo||61635|16|61635||09|032|2578|Rural|
61637|Zinciro|Pueblo|Erongarícuaro|Michoacán de Ocampo||61635|16|61635||28|032|2580|Rural|
61640|Huiramba|Pueblo|Huiramba|Michoacán de Ocampo||61601|16|61601||28|039|2918|Urbano|
61640|El Gallito|Colonia|Huiramba|Michoacán de Ocampo||61601|16|61601||09|039|6415|Urbano|
61640|Ricardo Flores Magón|Colonia|Huiramba|Michoacán de Ocampo||61601|16|61601||09|039|6416|Urbano|
61643|El Llanito|Rancho|Huiramba|Michoacán de Ocampo||61601|16|61601||48|039|0001|Rural|
61643|El Refugio|Rancho|Huiramba|Michoacán de Ocampo||61601|16|61601||48|039|6417|Rural|
61643|Joya Chica|Ranchería|Huiramba|Michoacán de Ocampo||61601|16|61601||29|039|6419|Rural|
61644|Las Tablas|Ranchería|Huiramba|Michoacán de Ocampo||61601|16|61601||29|039|2590|Rural|
61645|El Carmen|Pueblo|Huiramba|Michoacán de Ocampo||61601|16|61601||28|039|2594|Rural|
61645|Las Trojes|Ranchería|Huiramba|Michoacán de Ocampo||61601|16|61601||29|039|6422|Rural|
61646|San José|Pueblo|Huiramba|Michoacán de Ocampo||61601|16|61601||28|039|2591|Rural|
61646|El Sauz|Pueblo|Huiramba|Michoacán de Ocampo||61601|16|61601||28|039|6418|Rural|
61646|La Providencia|Ranchería|Huiramba|Michoacán de Ocampo||61601|16|61601||29|039|6421|Rural|
61646|Los Cerritos|Ranchería|Huiramba|Michoacán de Ocampo||61601|16|61601||29|039|6423|Rural|
61647|La Reunión|Ranchería|Huiramba|Michoacán de Ocampo||61601|16|61601||29|039|2589|Rural|
61647|El Pedregal|Pueblo|Huiramba|Michoacán de Ocampo||61601|16|61601||28|039|2593|Rural|
61647|Quirínguaro (San Simón Quirínguaro)|Pueblo|Huiramba|Michoacán de Ocampo||61601|16|61601||28|039|3975|Rural|
61647|El Sobrado|Pueblo|Huiramba|Michoacán de Ocampo||61601|16|61601||28|039|5561|Rural|
61648|La Presa|Ranchería|Huiramba|Michoacán de Ocampo||61601|16|61601||29|039|2588|Rural|
61648|Tupátaro|Pueblo|Huiramba|Michoacán de Ocampo||61601|16|61601||28|039|2592|Rural|
61648|La Nopalerita|Ranchería|Huiramba|Michoacán de Ocampo||61601|16|61601||29|039|6420|Rural|
61650|Ex Hacienda Canicuaro|Colonia|Tacámbaro|Michoacán de Ocampo|Tacámbaro de Codallos|61651|16|61651||09|082|0023|Urbano|20
61650|Amalia Solórzano|Colonia|Tacámbaro|Michoacán de Ocampo|Tacámbaro de Codallos|61651|16|61651||09|082|0024|Urbano|20
61650|La Antorcha|Colonia|Tacámbaro|Michoacán de Ocampo|Tacámbaro de Codallos|61651|16|61651||09|082|0025|Urbano|20
61650|Mujeres Divinas|Colonia|Tacámbaro|Michoacán de Ocampo|Tacámbaro de Codallos|61651|16|61651||09|082|0026|Urbano|20
61650|Ejido J. Jesús Alcaraz|Colonia|Tacámbaro|Michoacán de Ocampo|Tacámbaro de Codallos|61651|16|61651||09|082|2598|Urbano|20
61650|Tacambaro de Codallos Centro|Colonia|Tacámbaro|Michoacán de Ocampo|Tacámbaro de Codallos|61651|16|61651||09|082|2601|Urbano|20
61650|Los Pinos|Colonia|Tacámbaro|Michoacán de Ocampo|Tacámbaro de Codallos|61651|16|61651||09|082|3076|Urbano|20
61650|22 de Septiembre|Colonia|Tacámbaro|Michoacán de Ocampo|Tacámbaro de Codallos|61651|16|61651||09|082|3079|Urbano|20
61650|La Carolina|Colonia|Tacámbaro|Michoacán de Ocampo|Tacámbaro de Codallos|61651|16|61651||09|082|3080|Urbano|20
61650|El Aile|Colonia|Tacámbaro|Michoacán de Ocampo|Tacámbaro de Codallos|61651|16|61651||09|082|3081|Urbano|20
61650|21 de Noviembre|Colonia|Tacámbaro|Michoacán de Ocampo|Tacámbaro de Codallos|61651|16|61651||09|082|3082|Urbano|20
61650|Los Pajaritos|Colonia|Tacámbaro|Michoacán de Ocampo|Tacámbaro de Codallos|61651|16|61651||09|082|3083|Urbano|20
61650|Comunidad Indígena|Colonia|Tacámbaro|Michoacán de Ocampo|Tacámbaro de Codallos|61651|16|61651||09|082|3084|Urbano|20
61650|30 de Septiembre|Colonia|Tacámbaro|Michoacán de Ocampo|Tacámbaro de Codallos|61651|16|61651||09|082|4462|Urbano|20
61650|Ayuntamiento|Colonia|Tacámbaro|Michoacán de Ocampo|Tacámbaro de Codallos|61651|16|61651||09|082|4463|Urbano|20
61650|Caricho|Colonia|Tacámbaro|Michoacán de Ocampo|Tacámbaro de Codallos|61651|16|61651||09|082|4464|Urbano|20
61650|Cerro Hueco|Colonia|Tacámbaro|Michoacán de Ocampo|Tacámbaro de Codallos|61651|16|61651||09|082|4465|Urbano|20
61650|El Encanto|Colonia|Tacámbaro|Michoacán de Ocampo|Tacámbaro de Codallos|61651|16|61651||09|082|4466|Urbano|20
61650|El Mirador|Colonia|Tacámbaro|Michoacán de Ocampo|Tacámbaro de Codallos|61651|16|61651||09|082|4467|Urbano|20
61650|El Venado|Colonia|Tacámbaro|Michoacán de Ocampo|Tacámbaro de Codallos|61651|16|61651||09|082|4468|Urbano|20
61650|Falda de La Mesa|Colonia|Tacámbaro|Michoacán de Ocampo|Tacámbaro de Codallos|61651|16|61651||09|082|4469|Urbano|20
61650|G. Morelos|Colonia|Tacámbaro|Michoacán de Ocampo|Tacámbaro de Codallos|61651|16|61651||09|082|4470|Urbano|20
61650|Jardines de La Purísima|Colonia|Tacámbaro|Michoacán de Ocampo|Tacámbaro de Codallos|61651|16|61651||09|082|4471|Urbano|20
61650|Jardines de Caricho|Colonia|Tacámbaro|Michoacán de Ocampo|Tacámbaro de Codallos|61651|16|61651||09|082|4472|Urbano|20
61650|Joyas de Cuinio|Colonia|Tacámbaro|Michoacán de Ocampo|Tacámbaro de Codallos|61651|16|61651||09|082|4473|Urbano|20
61650|La Huerta|Colonia|Tacámbaro|Michoacán de Ocampo|Tacámbaro de Codallos|61651|16|61651||09|082|4474|Urbano|20
61650|Purísima|Colonia|Tacámbaro|Michoacán de Ocampo|Tacámbaro de Codallos|61651|16|61651||09|082|4475|Urbano|20
61650|Las Yácatas|Colonia|Tacámbaro|Michoacán de Ocampo|Tacámbaro de Codallos|61651|16|61651||09|082|4476|Urbano|20
61650|Llanos de Canícuaro|Colonia|Tacámbaro|Michoacán de Ocampo|Tacámbaro de Codallos|61651|16|61651||09|082|4477|Urbano|20
61650|Loma Escondida|Colonia|Tacámbaro|Michoacán de Ocampo|Tacámbaro de Codallos|61651|16|61651||09|082|4478|Urbano|20
61650|Los Ciruelos|Colonia|Tacámbaro|Michoacán de Ocampo|Tacámbaro de Codallos|61651|16|61651||09|082|4479|Urbano|20
61650|Parque Hidalgo|Colonia|Tacámbaro|Michoacán de Ocampo|Tacámbaro de Codallos|61651|16|61651||09|082|4480|Urbano|20
61650|Trabajo y Confianza|Colonia|Tacámbaro|Michoacán de Ocampo|Tacámbaro de Codallos|61651|16|61651||09|082|4481|Urbano|20
61650|La Joya de la Golondrina|Colonia|Tacámbaro|Michoacán de Ocampo|Tacámbaro de Codallos|61651|16|61651||09|082|4851|Urbano|20
61652|El Colorín Chico|Ranchería|Tacámbaro|Michoacán de Ocampo||61651|16|61651||29|082|0011|Rural|
61652|Las Cuatas|Ranchería|Tacámbaro|Michoacán de Ocampo||61651|16|61651||29|082|0016|Rural|
61652|Buenavista|Ranchería|Tacámbaro|Michoacán de Ocampo||61651|16|61651||29|082|2602|Rural|
61652|El Colorín Grande|Ranchería|Tacámbaro|Michoacán de Ocampo||61651|16|61651||29|082|2603|Rural|
61652|El Pantano (El Cuije)|Ranchería|Tacámbaro|Michoacán de Ocampo||61651|16|61651||29|082|2604|Rural|
61652|El Terrero|Ranchería|Tacámbaro|Michoacán de Ocampo||61651|16|61651||29|082|2605|Rural|
61652|San José Chico|Ranchería|Tacámbaro|Michoacán de Ocampo||61651|16|61651||29|082|2606|Rural|
61652|Santas Marías|Ranchería|Tacámbaro|Michoacán de Ocampo||61651|16|61651||29|082|2607|Rural|
61652|Sopomio|Ranchería|Tacámbaro|Michoacán de Ocampo||61651|16|61651||29|082|2608|Rural|
61652|Tecario|Ranchería|Tacámbaro|Michoacán de Ocampo||61651|16|61651||29|082|2609|Rural|
61652|San José Grande|Ranchería|Tacámbaro|Michoacán de Ocampo||61651|16|61651||29|082|2610|Rural|
61652|Santa Rita Primera|Ranchería|Tacámbaro|Michoacán de Ocampo||61651|16|61651||29|082|2613|Rural|
61652|Santa Rita Segunda|Ranchería|Tacámbaro|Michoacán de Ocampo||61651|16|61651||29|082|2614|Rural|
61652|San José Aramútaro|Pueblo|Tacámbaro|Michoacán de Ocampo||61651|16|61651||28|082|4039|Rural|
61652|El Gigante|Ranchería|Tacámbaro|Michoacán de Ocampo||61651|16|61651||29|082|4501|Rural|
61652|La Blanca (El Aserradero de la Blanca)|Ranchería|Tacámbaro|Michoacán de Ocampo||61651|16|61651||29|082|4522|Rural|
61652|La Colmena|Ranchería|Tacámbaro|Michoacán de Ocampo||61651|16|61651||29|082|4529|Rural|
61652|Plan de San Pablo|Ranchería|Tacámbaro|Michoacán de Ocampo||61651|16|61651||29|082|4640|Rural|
61652|Hacienda de San Pablo|Rancho|Tacámbaro|Michoacán de Ocampo||61651|16|61651||48|082|4641|Rural|
61653|Canícuaro|Ranchería|Tacámbaro|Michoacán de Ocampo||61651|16|61651||29|082|2595|Rural|
61653|San Miguel Tamácuaro|Pueblo|Tacámbaro|Michoacán de Ocampo||61651|16|61651||28|082|2600|Rural|
61654|Cuitzato|Rancho|Tacámbaro|Michoacán de Ocampo||61651|16|61651||48|082|0010|Rural|
61654|El Escobetillo (Chiquita) [Granja]|Rancho|Tacámbaro|Michoacán de Ocampo||61651|16|61651||48|082|0013|Rural|
61654|Los Jacales|Ranchería|Tacámbaro|Michoacán de Ocampo||61651|16|61651||29|082|0017|Rural|
61654|La Luz|Rancho|Tacámbaro|Michoacán de Ocampo||61651|16|61651||48|082|0019|Rural|
61654|El Mayorazgo|Ranchería|Tacámbaro|Michoacán de Ocampo||61651|16|61651||29|082|2616|Rural|
61654|La Magdalena|Ranchería|Tacámbaro|Michoacán de Ocampo||61651|16|61651||29|082|2617|Rural|
61654|Los Morales|Ranchería|Tacámbaro|Michoacán de Ocampo||61651|16|61651||29|082|2618|Rural|
61654|San Agustín|Ranchería|Tacámbaro|Michoacán de Ocampo||61651|16|61651||29|082|2619|Rural|
61654|San Rafael Lejía|Ranchería|Tacámbaro|Michoacán de Ocampo||61651|16|61651||29|082|2620|Rural|
61654|Testerazo|Ranchería|Tacámbaro|Michoacán de Ocampo||61651|16|61651||29|082|2621|Rural|
61654|El Salto|Ranchería|Tacámbaro|Michoacán de Ocampo||61651|16|61651||29|082|4512|Rural|
61654|Upanguaro|Ranchería|Tacámbaro|Michoacán de Ocampo||61651|16|61651||29|082|4526|Rural|
61654|La Viña|Ranchería|Tacámbaro|Michoacán de Ocampo||61651|16|61651||29|082|4546|Rural|
61654|Los Olivos|Ranchería|Tacámbaro|Michoacán de Ocampo||61651|16|61651||29|082|4566|Rural|
61654|Paso de Serrano (La Fundición)|Ranchería|Tacámbaro|Michoacán de Ocampo||61651|16|61651||29|082|4576|Rural|
61654|El Jacal|Ranchería|Tacámbaro|Michoacán de Ocampo||61651|16|61651||29|082|4614|Rural|
61655|El Olimpo|Ranchería|Tacámbaro|Michoacán de Ocampo||61651|16|61651||29|082|0014|Rural|
61655|Santa Paula|Ranchería|Tacámbaro|Michoacán de Ocampo||61651|16|61651||29|082|2622|Rural|
61655|Serrano|Ranchería|Tacámbaro|Michoacán de Ocampo||61651|16|61651||29|082|2623|Rural|
61655|El Durazno|Pueblo|Tacámbaro|Michoacán de Ocampo||61651|16|61651||28|082|4041|Rural|
61655|El Atascoso|Ranchería|Tacámbaro|Michoacán de Ocampo||61651|16|61651||29|082|4496|Rural|
61655|El Rosal|Ranchería|Tacámbaro|Michoacán de Ocampo||61651|16|61651||29|082|4510|Rural|
61655|La Planta|Ranchería|Tacámbaro|Michoacán de Ocampo||61651|16|61651||29|082|4540|Rural|
61655|La Policlínica|Ranchería|Tacámbaro|Michoacán de Ocampo||61651|16|61651||29|082|4541|Rural|
61655|Machúparo|Ranchería|Tacámbaro|Michoacán de Ocampo||61651|16|61651||29|082|4571|Rural|
61655|Pinos Altos|Ranchería|Tacámbaro|Michoacán de Ocampo||61651|16|61651||29|082|4578|Rural|
61655|Pueblo Viejo de la Sierra|Ranchería|Tacámbaro|Michoacán de Ocampo||61651|16|61651||29|082|4583|Rural|
61655|Rancho Adelas|Ranchería|Tacámbaro|Michoacán de Ocampo||61651|16|61651||29|082|4589|Rural|
61655|La Ilusión|Rancho|Tacámbaro|Michoacán de Ocampo||61651|16|61651||48|082|4591|Rural|
61655|San Antonio de Viña|Ranchería|Tacámbaro|Michoacán de Ocampo||61651|16|61651||29|082|4595|Rural|
61656|El Pedregoso|Ranchería|Tacámbaro|Michoacán de Ocampo||61651|16|61651||29|082|2624|Rural|
61656|Las Latas (Plan de las Latas)|Ranchería|Tacámbaro|Michoacán de Ocampo||61651|16|61651||29|082|2625|Rural|
61656|Plan de Ornelas (Aguatibia)|Ranchería|Tacámbaro|Michoacán de Ocampo||61651|16|61651||29|082|4580|Rural|
61657|Churumuco|Ranchería|Tacámbaro|Michoacán de Ocampo||61651|16|61651||29|082|0009|Rural|
61657|San Vicente Cofradía|Ranchería|Tacámbaro|Michoacán de Ocampo||61651|16|61651||29|082|0022|Rural|
61657|Copitero|Ranchería|Tacámbaro|Michoacán de Ocampo||61651|16|61651||29|082|2597|Rural|
61657|La Piedra del Molino|Ranchería|Tacámbaro|Michoacán de Ocampo||61651|16|61651||29|082|2626|Rural|
61657|Puente de Tierra|Ranchería|Tacámbaro|Michoacán de Ocampo||61651|16|61651||29|082|2627|Rural|
61657|San José de los Laureles|Ranchería|Tacámbaro|Michoacán de Ocampo||61651|16|61651||29|082|2628|Rural|
61657|Ciénega|Ranchería|Tacámbaro|Michoacán de Ocampo||61651|16|61651||29|082|4490|Rural|
61657|El Despacho (Chorícuaro)|Ranchería|Tacámbaro|Michoacán de Ocampo||61651|16|61651||29|082|4500|Rural|
61657|El Zarzal|Ranchería|Tacámbaro|Michoacán de Ocampo||61651|16|61651||29|082|4513|Rural|
61657|La Cofradía|Ranchería|Tacámbaro|Michoacán de Ocampo||61651|16|61651||29|082|4528|Rural|
61657|La Cuchilla|Ranchería|Tacámbaro|Michoacán de Ocampo||61651|16|61651||29|082|4530|Rural|
61657|La Esperanza|Ranchería|Tacámbaro|Michoacán de Ocampo||61651|16|61651||29|082|4532|Rural|
61657|La Mesa Alta|Rancho|Tacámbaro|Michoacán de Ocampo||61651|16|61651||48|082|4538|Rural|
61657|Loma Ceñida|Ranchería|Tacámbaro|Michoacán de Ocampo||61651|16|61651||29|082|4556|Rural|
61657|Pitaya de Copitero|Ranchería|Tacámbaro|Michoacán de Ocampo||61651|16|61651||29|082|4579|Rural|
61657|Puente de Ánimas|Ranchería|Tacámbaro|Michoacán de Ocampo||61651|16|61651||29|082|4585|Rural|
61657|Puente Oscuro|Ranchería|Tacámbaro|Michoacán de Ocampo||61651|16|61651||29|082|4586|Rural|
61657|Cutzi Mintzícuri|Ranchería|Tacámbaro|Michoacán de Ocampo||61651|16|61651||29|082|4590|Rural|
61657|San Antonio Buenavista|Ranchería|Tacámbaro|Michoacán de Ocampo||61651|16|61651||29|082|4593|Rural|
61657|San Antonio Copitero|Ranchería|Tacámbaro|Michoacán de Ocampo||61651|16|61651||29|082|4594|Rural|
61657|Santa Catalina|Ranchería|Tacámbaro|Michoacán de Ocampo||61651|16|61651||29|082|4601|Rural|
61657|El Rincón de Copitero|Ranchería|Tacámbaro|Michoacán de Ocampo||61651|16|61651||29|082|4604|Rural|
61658|El Rincón de Chorícuaro|Ranchería|Tacámbaro|Michoacán de Ocampo||61651|16|61651||29|082|0015|Rural|
61658|Yoricostio (La Villita)|Ranchería|Tacámbaro|Michoacán de Ocampo||61651|16|61651||29|082|2615|Rural|
61658|El Agostadero|Ranchería|Tacámbaro|Michoacán de Ocampo||61651|16|61651||29|082|2629|Rural|
61658|La Guardia|Ranchería|Tacámbaro|Michoacán de Ocampo||61651|16|61651||29|082|2630|Rural|
61658|La Soledad|Ranchería|Tacámbaro|Michoacán de Ocampo||61651|16|61651||29|082|2631|Rural|
61658|Puente de San Andrés|Ranchería|Tacámbaro|Michoacán de Ocampo||61651|16|61651||29|082|2632|Rural|
61658|Agua Fría|Ranchería|Tacámbaro|Michoacán de Ocampo||61651|16|61651||29|082|4483|Rural|
61658|Cruz del Plato|Ranchería|Tacámbaro|Michoacán de Ocampo||61651|16|61651||29|082|4524|Rural|
61658|Llano Grande (Llano Grande de la Guardia)|Ranchería|Tacámbaro|Michoacán de Ocampo||61651|16|61651||29|082|4555|Rural|
61658|El Rincón de Caricho (Chorícuaro)|Ranchería|Tacámbaro|Michoacán de Ocampo||61651|16|61651||29|082|4592|Rural|
61659|San Juan de Viña|Pueblo|Tacámbaro|Michoacán de Ocampo||61651|16|61651||28|082|2611|Rural|
61659|Cruz Gorda|Ranchería|Tacámbaro|Michoacán de Ocampo||61651|16|61651||29|082|2633|Rural|
61659|Plan de la Cárcel (Puente del Eje)|Ranchería|Tacámbaro|Michoacán de Ocampo||61651|16|61651||29|082|2634|Rural|
61659|Quiterio|Ranchería|Tacámbaro|Michoacán de Ocampo||61651|16|61651||29|082|2635|Rural|
61659|La Noria|Ranchería|Tacámbaro|Michoacán de Ocampo||61651|16|61651||29|082|2646|Rural|
61659|La Guardia|Ranchería|Tacámbaro|Michoacán de Ocampo||61651|16|61651||29|082|4534|Rural|
61659|Joya de la Vihuela|Ranchería|Tacámbaro|Michoacán de Ocampo||61651|16|61651||29|082|4612|Rural|
61659|Los Llanos|Ranchería|Tacámbaro|Michoacán de Ocampo||61651|16|61651||29|082|4613|Rural|
61663|Caracha|Ejido|Tacámbaro|Michoacán de Ocampo||61651|16|61651||15|082|2638|Rural|
61663|La Loma|Pueblo|Tacámbaro|Michoacán de Ocampo||61651|16|61651||28|082|2639|Rural|
61663|Agua Dulce|Ranchería|Tacámbaro|Michoacán de Ocampo||61651|16|61651||29|082|4482|Rural|
61663|La Mesa del Pinal|Ranchería|Tacámbaro|Michoacán de Ocampo||61651|16|61651||29|082|4539|Rural|
61663|La Sanguijuela|Ranchería|Tacámbaro|Michoacán de Ocampo||61651|16|61651||29|082|4542|Rural|
61663|El Limón|Ranchería|Tacámbaro|Michoacán de Ocampo||61651|16|61651||29|082|4610|Rural|
61664|San Jerónimo Arroyo de Apo (Huatzanguío)|Ranchería|Tacámbaro|Michoacán de Ocampo||61651|16|61651||29|082|2640|Rural|
61664|El Reparo|Ranchería|Tacámbaro|Michoacán de Ocampo||61651|16|61651||29|082|4508|Rural|
61664|La Tinaja|Ranchería|Tacámbaro|Michoacán de Ocampo||61651|16|61651||29|082|4545|Rural|
61664|Los Cajones|Ranchería|Tacámbaro|Michoacán de Ocampo||61651|16|61651||29|082|4560|Rural|
61664|Los Tepehuajes (Loma los Tepehuajes)|Ranchería|Tacámbaro|Michoacán de Ocampo||61651|16|61651||29|082|4569|Rural|
61664|San Vicente|Ranchería|Tacámbaro|Michoacán de Ocampo||61651|16|61651||29|082|4600|Rural|
61665|Caramécuaro|Ranchería|Tacámbaro|Michoacán de Ocampo||61651|16|61651||29|082|2596|Rural|
61665|Tiriapo|Pueblo|Tacámbaro|Michoacán de Ocampo||61651|16|61651||28|082|4040|Rural|
61665|Canta Ranas|Ranchería|Tacámbaro|Michoacán de Ocampo||61651|16|61651||29|082|4486|Rural|
61665|Caramecuarito|Ranchería|Tacámbaro|Michoacán de Ocampo||61651|16|61651||29|082|4487|Rural|
61665|El Salitre|Ranchería|Tacámbaro|Michoacán de Ocampo||61651|16|61651||29|082|4511|Rural|
61665|Las Joyas Altas|Ranchería|Tacámbaro|Michoacán de Ocampo||61651|16|61651||29|082|4551|Rural|
61665|San José Buenavista (Mesa de Tamácuaro)|Ranchería|Tacámbaro|Michoacán de Ocampo||61651|16|61651||29|082|4598|Rural|
61665|Santa Rosa|Ranchería|Tacámbaro|Michoacán de Ocampo||61651|16|61651||29|082|4603|Rural|
61666|Charapio|Ranchería|Tacámbaro|Michoacán de Ocampo||61651|16|61651||29|082|4489|Rural|
61666|Joya de Charapio|Ranchería|Tacámbaro|Michoacán de Ocampo||61651|16|61651||29|082|4519|Rural|
61666|La Yerbabuena|Ranchería|Tacámbaro|Michoacán de Ocampo||61651|16|61651||29|082|4547|Rural|
61666|Las Cuevas|Ranchería|Tacámbaro|Michoacán de Ocampo||61651|16|61651||29|082|4550|Rural|
61666|Los Guayabos|Ranchería|Tacámbaro|Michoacán de Ocampo||61651|16|61651||29|082|4564|Rural|
61666|Los Sauces|Ranchería|Tacámbaro|Michoacán de Ocampo||61651|16|61651||29|082|4568|Rural|
61667|Paso de Morelos (La Parotita)|Ranchería|Tacámbaro|Michoacán de Ocampo||61651|16|61651||29|082|2637|Rural|
61667|El Atravesaño|Ranchería|Tacámbaro|Michoacán de Ocampo||61651|16|61651||29|082|4497|Rural|
61667|Huizachera|Ranchería|Tacámbaro|Michoacán de Ocampo||61651|16|61651||29|082|4516|Rural|
61667|La Yuca|Ranchería|Tacámbaro|Michoacán de Ocampo||61651|16|61651||29|082|4548|Rural|
61667|Los Tepetates|Ranchería|Tacámbaro|Michoacán de Ocampo||61651|16|61651||29|082|4570|Rural|
61667|San Jerónimo (La Mesa Redonda)|Ranchería|Tacámbaro|Michoacán de Ocampo||61651|16|61651||29|082|4597|Rural|
61667|La Yácata|Ranchería|Tacámbaro|Michoacán de Ocampo||61651|16|61651||29|082|4609|Rural|
61668|Casa Blanca|Ranchería|Tacámbaro|Michoacán de Ocampo||61651|16|61651||29|082|4488|Rural|
61668|El Cirián|Ranchería|Tacámbaro|Michoacán de Ocampo||61651|16|61651||29|082|4499|Rural|
61668|El Limoncito|Ranchería|Tacámbaro|Michoacán de Ocampo||61651|16|61651||29|082|4504|Rural|
61668|El Rincón|Ranchería|Tacámbaro|Michoacán de Ocampo||61651|16|61651||29|082|4509|Rural|
61668|La Escondida|Ranchería|Tacámbaro|Michoacán de Ocampo||61651|16|61651||29|082|4531|Rural|
61668|La Tijera|Ranchería|Tacámbaro|Michoacán de Ocampo||61651|16|61651||29|082|4544|Rural|
61668|Las Ánimas|Ranchería|Tacámbaro|Michoacán de Ocampo||61651|16|61651||29|082|4549|Rural|
61668|Las Juntas|Ranchería|Tacámbaro|Michoacán de Ocampo||61651|16|61651||29|082|4552|Rural|
61668|Los Guayabitos|Ranchería|Tacámbaro|Michoacán de Ocampo||61651|16|61651||29|082|4563|Rural|
61668|Los Ocotes|Ranchería|Tacámbaro|Michoacán de Ocampo||61651|16|61651||29|082|4565|Rural|
61668|Los Planes|Ranchería|Tacámbaro|Michoacán de Ocampo||61651|16|61651||29|082|4567|Rural|
61668|Puerto las Ánimas|Ranchería|Tacámbaro|Michoacán de Ocampo||61651|16|61651||29|082|4588|Rural|
61668|Santa Rita|Ranchería|Tacámbaro|Michoacán de Ocampo||61651|16|61651||29|082|4602|Rural|
61670|Puente Alto|Barrio|Tacámbaro|Michoacán de Ocampo||61651|16|61651||02|082|0002|Urbano|
61670|Obrera|Colonia|Tacámbaro|Michoacán de Ocampo||61651|16|61651||09|082|0003|Urbano|
61670|Horcado|Barrio|Tacámbaro|Michoacán de Ocampo||61651|16|61651||02|082|0004|Urbano|
61670|Guaracha|Barrio|Tacámbaro|Michoacán de Ocampo||61651|16|61651||02|082|0005|Urbano|
61670|Guanajuato|Barrio|Tacámbaro|Michoacán de Ocampo||61651|16|61651||02|082|0006|Urbano|
61670|Vegoña|Barrio|Tacámbaro|Michoacán de Ocampo||61651|16|61651||02|082|0007|Urbano|
61670|La Salud|Barrio|Tacámbaro|Michoacán de Ocampo||61651|16|61651||02|082|0008|Urbano|
61670|Pedernales|Hacienda|Tacámbaro|Michoacán de Ocampo||61651|16|61651||24|082|2644|Urbano|
61673|El Columpio|Rancho|Tacámbaro|Michoacán de Ocampo||61651|16|61651||48|082|0012|Rural|
61673|La Alberca|Ranchería|Tacámbaro|Michoacán de Ocampo||61651|16|61651||29|082|4484|Rural|
61673|Las Joyas (El Poblado)|Ranchería|Tacámbaro|Michoacán de Ocampo||61651|16|61651||29|082|4536|Rural|
61673|La Laguna (Laguna la Magdalena)|Ranchería|Tacámbaro|Michoacán de Ocampo||61651|16|61651||29|082|4537|Rural|
61673|Pino Solo|Ranchería|Tacámbaro|Michoacán de Ocampo||61651|16|61651||29|082|4577|Rural|
61673|Sorucio el Alto|Ranchería|Tacámbaro|Michoacán de Ocampo||61651|16|61651||29|082|4606|Rural|
61674|Chipícuaro|Ranchería|Tacámbaro|Michoacán de Ocampo||61651|16|61651||29|082|2636|Rural|
61674|Chupio|Ejido|Tacámbaro|Michoacán de Ocampo||61651|16|61651||15|082|2643|Rural|
61674|Ojo de Agua de Chupio (La Noria)|Ranchería|Tacámbaro|Michoacán de Ocampo||61651|16|61651||29|082|2647|Rural|
61674|Corral de Piedra|Ranchería|Tacámbaro|Michoacán de Ocampo||61651|16|61651||29|082|4492|Rural|
61675|Petembo Viejo|Rancho|Tacámbaro|Michoacán de Ocampo||61651|16|61651||48|082|0018|Rural|
61675|Petembo|Ranchería|Tacámbaro|Michoacán de Ocampo||61651|16|61651||29|082|2645|Rural|
61675|El Conejo|Ranchería|Tacámbaro|Michoacán de Ocampo||61651|16|61651||29|082|4491|Rural|
61675|Cútzaro|Ranchería|Tacámbaro|Michoacán de Ocampo||61651|16|61651||29|082|4494|Rural|
61675|La Barranca|Ranchería|Tacámbaro|Michoacán de Ocampo||61651|16|61651||29|082|4521|Rural|
61675|Puerto de Cadenas|Ranchería|Tacámbaro|Michoacán de Ocampo||61651|16|61651||29|082|4587|Rural|
61675|Tarimoro|Ranchería|Tacámbaro|Michoacán de Ocampo||61651|16|61651||29|082|4607|Rural|
61676|Parocho (Las Paredes)|Ranchería|Tacámbaro|Michoacán de Ocampo||61651|16|61651||29|082|2599|Rural|
61676|Arroyo Frío [Balneario]|Ranchería|Tacámbaro|Michoacán de Ocampo||61651|16|61651||29|082|4485|Rural|
61676|El Algodonal|Ranchería|Tacámbaro|Michoacán de Ocampo||61651|16|61651||29|082|4514|Rural|
61676|El Carrizal|Ranchería|Tacámbaro|Michoacán de Ocampo||61651|16|61651||29|082|4525|Rural|
61676|La Guagua|Ranchería|Tacámbaro|Michoacán de Ocampo||61651|16|61651||29|082|4533|Rural|
61676|La Huerta|Ranchería|Tacámbaro|Michoacán de Ocampo||61651|16|61651||29|082|4535|Rural|
61676|Ojo de Agua|Ranchería|Tacámbaro|Michoacán de Ocampo||61651|16|61651||29|082|4575|Rural|
61676|San Rafael Cutzaróndiro|Ranchería|Tacámbaro|Michoacán de Ocampo||61651|16|61651||29|082|4599|Rural|
61677|San Juan Tecario|Ranchería|Tacámbaro|Michoacán de Ocampo||61651|16|61651||29|082|0020|Rural|
61677|San Rafael Tecario (El Poblado)|Ranchería|Tacámbaro|Michoacán de Ocampo||61651|16|61651||29|082|0021|Rural|
61677|Hacienda San Rafael (Trapiche)|Ranchería|Tacámbaro|Michoacán de Ocampo||61651|16|61651||29|082|4515|Rural|
61677|La Iglesia Vieja|Ranchería|Tacámbaro|Michoacán de Ocampo||61651|16|61651||29|082|4517|Rural|
61677|El Jabalí|Ranchería|Tacámbaro|Michoacán de Ocampo||61651|16|61651||29|082|4518|Rural|
61677|Los Coyotes|Ranchería|Tacámbaro|Michoacán de Ocampo||61651|16|61651||29|082|4562|Rural|
61677|Plaza de Gallos|Ranchería|Tacámbaro|Michoacán de Ocampo||61651|16|61651||29|082|4581|Rural|
61677|Sin Agua|Ranchería|Tacámbaro|Michoacán de Ocampo||61651|16|61651||29|082|4605|Rural|
61677|La Tinaja|Ranchería|Tacámbaro|Michoacán de Ocampo||61651|16|61651||29|082|4611|Rural|
61678|Casa Blanca|Rancho|Tacámbaro|Michoacán de Ocampo||61651|16|61651||48|082|0001|Rural|
61678|La Joya de los Metates|Ranchería|Tacámbaro|Michoacán de Ocampo||61651|16|61651||29|082|2641|Rural|
61678|La Cucha|Ranchería|Tacámbaro|Michoacán de Ocampo||61651|16|61651||29|082|4527|Rural|
61678|Hacienda la Pequeñita|Rancho|Tacámbaro|Michoacán de Ocampo||61651|16|61651||48|082|4582|Rural|
61678|Pueblo Viejo de Tecario|Ranchería|Tacámbaro|Michoacán de Ocampo||61651|16|61651||29|082|4584|Rural|
61680|La Gloria|Colonia|Turicato|Michoacán de Ocampo||61651|16|61651||09|097|0001|Urbano|
61680|Lázaro Cárdenas|Colonia|Turicato|Michoacán de Ocampo||61651|16|61651||09|097|0002|Urbano|
61680|El Calvario|Colonia|Turicato|Michoacán de Ocampo||61651|16|61651||09|097|0003|Urbano|
61680|La Nopalera|Colonia|Turicato|Michoacán de Ocampo||61651|16|61651||09|097|0004|Urbano|
61680|Monte de las Cruces|Colonia|Turicato|Michoacán de Ocampo||61651|16|61651||09|097|0211|Urbano|
61680|El Porvenir|Colonia|Turicato|Michoacán de Ocampo||61651|16|61651||09|097|0212|Urbano|
61680|Turicato|Pueblo|Turicato|Michoacán de Ocampo||61651|16|61651||28|097|2648|Urbano|
61682|Alfredo V. Bonfil|Colonia|Turicato|Michoacán de Ocampo||61651|16|61651||09|097|0006|Urbano|
61682|Lázaro Cárdenas|Colonia|Turicato|Michoacán de Ocampo||61651|16|61651||09|097|0007|Urbano|
61682|Niño Perdido|Colonia|Turicato|Michoacán de Ocampo||61651|16|61651||09|097|0008|Urbano|
61682|Obrera|Colonia|Turicato|Michoacán de Ocampo||61651|16|61651||09|097|0009|Urbano|
61682|Puerta del Nopal|Colonia|Turicato|Michoacán de Ocampo||61651|16|61651||09|097|0010|Urbano|
61682|Benito Juárez|Colonia|Turicato|Michoacán de Ocampo||61651|16|61651||09|097|0011|Urbano|
61682|Once Pueblos|Colonia|Turicato|Michoacán de Ocampo||61651|16|61651||09|097|0012|Urbano|
61682|Puruarán|Ejido|Turicato|Michoacán de Ocampo||61651|16|61651||15|097|2652|Urbano|
61683|Cahurica|Rancho|Turicato|Michoacán de Ocampo||61651|16|61651||48|097|0024|Rural|
61683|Coronillas|Rancho|Turicato|Michoacán de Ocampo||61651|16|61651||48|097|0038|Rural|
61683|Corumio|Rancho|Turicato|Michoacán de Ocampo||61651|16|61651||48|097|0039|Rural|
61683|Cruz de Caminos|Rancho|Turicato|Michoacán de Ocampo||61651|16|61651||48|097|0040|Rural|
61683|El Atravezaño (Atravezaño del Azinchete)|Rancho|Turicato|Michoacán de Ocampo||61651|16|61651||48|097|0046|Rural|
61683|El Cajoncito|Rancho|Turicato|Michoacán de Ocampo||61651|16|61651||48|097|0050|Rural|
61683|El Huicumo (El Reparo)|Rancho|Turicato|Michoacán de Ocampo||61651|16|61651||48|097|0067|Rural|
61683|El Limón|Rancho|Turicato|Michoacán de Ocampo||61651|16|61651||48|097|0072|Rural|
61683|El Paso de los Becerros|Rancho|Turicato|Michoacán de Ocampo||61651|16|61651||48|097|0080|Rural|
61683|El Paso Real|Rancho|Turicato|Michoacán de Ocampo||61651|16|61651||48|097|0081|Rural|
61683|El Tabacal|Rancho|Turicato|Michoacán de Ocampo||61651|16|61651||48|097|0095|Rural|
61683|El Terrero|Rancho|Turicato|Michoacán de Ocampo||61651|16|61651||48|097|0098|Rural|
61683|La Laja|Rancho|Turicato|Michoacán de Ocampo||61651|16|61651||48|097|0121|Rural|
61683|La Limonera|Rancho|Turicato|Michoacán de Ocampo||61651|16|61651||48|097|0122|Rural|
61683|La Mesa del Jagüey|Rancho|Turicato|Michoacán de Ocampo||61651|16|61651||48|097|0124|Rural|
61683|La Puerta del Chocolate (Azinchetes)|Ranchería|Turicato|Michoacán de Ocampo||61651|16|61651||29|097|0131|Rural|
61683|La Puerta del Naranjo|Ranchería|Turicato|Michoacán de Ocampo||61651|16|61651||29|097|0132|Rural|
61683|Las Juntas (Las Juntas de Lechuguillas)|Rancho|Turicato|Michoacán de Ocampo||61651|16|61651||48|097|0146|Rural|
61683|Lechuguillas|Rancho|Turicato|Michoacán de Ocampo||61651|16|61651||48|097|0152|Rural|
61683|Los Cazahuates|Rancho|Turicato|Michoacán de Ocampo||61651|16|61651||48|097|0156|Rural|
61683|Los Magueyes|Ranchería|Turicato|Michoacán de Ocampo||61651|16|61651||29|097|0164|Rural|
61683|Cuamácuaro|Ranchería|Turicato|Michoacán de Ocampo||61651|16|61651||29|097|2653|Rural|
61684|Bapácuaro|Rancho|Turicato|Michoacán de Ocampo||61651|16|61651||48|097|0019|Rural|
61684|Ceibas Negras|Rancho|Turicato|Michoacán de Ocampo||61651|16|61651||48|097|0032|Rural|
61684|El Colorín|Rancho|Turicato|Michoacán de Ocampo||61651|16|61651||48|097|0058|Rural|
61684|El Puertecito|Rancho|Turicato|Michoacán de Ocampo||61651|16|61651||48|097|0085|Rural|
61684|La Capilla|Rancho|Turicato|Michoacán de Ocampo||61651|16|61651||48|097|0111|Rural|
61684|Las Anonas|Rancho|Turicato|Michoacán de Ocampo||61651|16|61651||48|097|0137|Rural|
61684|Los Núñez (Rincón de los Núñez)|Rancho|Turicato|Michoacán de Ocampo||61651|16|61651||48|097|0165|Rural|
61684|Puerto del Cirián|Rancho|Turicato|Michoacán de Ocampo||61651|16|61651||48|097|0191|Rural|
61684|Tazimbo|Rancho|Turicato|Michoacán de Ocampo||61651|16|61651||48|097|0207|Rural|
61684|Tetenguio|Rancho|Turicato|Michoacán de Ocampo||61651|16|61651||48|097|0208|Rural|
61684|Zicuapo|Rancho|Turicato|Michoacán de Ocampo||61651|16|61651||48|097|0209|Rural|
61685|Chiquito el Grande|Ranchería|Turicato|Michoacán de Ocampo||61651|16|61651||29|097|0035|Rural|
61685|El Remate (Llanitos de Cucha)|Rancho|Turicato|Michoacán de Ocampo||61651|16|61651||48|097|0088|Rural|
61685|La Injertada|Ranchería|Turicato|Michoacán de Ocampo||61651|16|61651||29|097|0116|Rural|
61685|La Lagunilla|Rancho|Turicato|Michoacán de Ocampo||61651|16|61651||48|097|0119|Rural|
61685|Los Chupaderos|Rancho|Turicato|Michoacán de Ocampo||61651|16|61651||48|097|0158|Rural|
61685|Rincón de Arias|Rancho|Turicato|Michoacán de Ocampo||61651|16|61651||48|097|0195|Rural|
61685|Tanicua|Rancho|Turicato|Michoacán de Ocampo||61651|16|61651||48|097|0206|Rural|
61686|La Hermita (Nueva Jerusalén)|Pueblo|Turicato|Michoacán de Ocampo||61651|16|61651||28|097|0005|Urbano|
61687|Campo Santo|Rancho|Turicato|Michoacán de Ocampo||61651|16|61651||48|097|0025|Rural|
61687|Cieneguillas de en Medio|Ranchería|Turicato|Michoacán de Ocampo||61651|16|61651||29|097|0036|Rural|
61687|Cieneguillas del Huerto (Cieneguillas)|Pueblo|Turicato|Michoacán de Ocampo||61651|16|61651||28|097|0037|Rural|
61687|Cuesta Alta|Rancho|Turicato|Michoacán de Ocampo||61651|16|61651||48|097|0041|Rural|
61687|El Capote|Ranchería|Turicato|Michoacán de Ocampo||61651|16|61651||29|097|0054|Rural|
61687|El Encanto|Ranchería|Turicato|Michoacán de Ocampo||61651|16|61651||29|097|0060|Rural|
61687|El Mirador|Rancho|Turicato|Michoacán de Ocampo||61651|16|61651||48|097|0078|Rural|
61687|El Pinzán|Ranchería|Turicato|Michoacán de Ocampo||61651|16|61651||29|097|0083|Rural|
61687|El Yarín|Rancho|Turicato|Michoacán de Ocampo||61651|16|61651||48|097|0101|Rural|
61687|El Zapote|Ranchería|Turicato|Michoacán de Ocampo||61651|16|61651||29|097|0103|Rural|
61687|La Angostura|Rancho|Turicato|Michoacán de Ocampo||61651|16|61651||48|097|0107|Rural|
61687|La Salada|Pueblo|Turicato|Michoacán de Ocampo||61651|16|61651||28|097|0133|Rural|
61687|La Tinaja|Rancho|Turicato|Michoacán de Ocampo||61651|16|61651||48|097|0134|Rural|
61687|Las Canoas Altas|Rancho|Turicato|Michoacán de Ocampo||61651|16|61651||48|097|0141|Rural|
61687|Las Güilotas|Rancho|Turicato|Michoacán de Ocampo||61651|16|61651||48|097|0142|Rural|
61687|Lorencillo|Ranchería|Turicato|Michoacán de Ocampo||61651|16|61651||29|097|0153|Rural|
61687|Los Ates|Rancho|Turicato|Michoacán de Ocampo||61651|16|61651||48|097|0155|Rural|
61687|Los Guajolotes|Rancho|Turicato|Michoacán de Ocampo||61651|16|61651||48|097|0161|Rural|
61687|Los Hacheros|Pueblo|Turicato|Michoacán de Ocampo||61651|16|61651||28|097|0162|Rural|
61687|Los Sauces|Rancho|Turicato|Michoacán de Ocampo||61651|16|61651||48|097|0169|Rural|
61687|Zihuatzio|Ranchería|Turicato|Michoacán de Ocampo||61651|16|61651||29|097|0210|Rural|
61687|El Cahulote de Santa Ana|Pueblo|Turicato|Michoacán de Ocampo||61651|16|61651||28|097|2649|Rural|
61687|Tavera|Ejido|Turicato|Michoacán de Ocampo||61651|16|61651||15|097|2650|Rural|
61687|Pinal Grande|Ranchería|Turicato|Michoacán de Ocampo||61651|16|61651||29|097|2651|Rural|
61688|Canales|Rancho|Turicato|Michoacán de Ocampo||61651|16|61651||48|097|0026|Rural|
61688|Caramicuas|Pueblo|Turicato|Michoacán de Ocampo||61651|16|61651||28|097|0027|Rural|
61688|Cercas Cuatas|Rancho|Turicato|Michoacán de Ocampo||61651|16|61651||48|097|0033|Rural|
61688|Cerro la Cruz|Rancho|Turicato|Michoacán de Ocampo||61651|16|61651||48|097|0034|Rural|
61688|El Bonete de los Fierros|Rancho|Turicato|Michoacán de Ocampo||61651|16|61651||48|097|0048|Rural|
61688|El Cahulote Seco|Ranchería|Turicato|Michoacán de Ocampo||61651|16|61651||29|097|0049|Rural|
61688|El Carrizalillo|Ranchería|Turicato|Michoacán de Ocampo||61651|16|61651||29|097|0055|Rural|
61688|El Guayabo|Rancho|Turicato|Michoacán de Ocampo||61651|16|61651||48|097|0062|Rural|
61688|El Jazmín|Ranchería|Turicato|Michoacán de Ocampo||61651|16|61651||29|097|0068|Rural|
61688|El Limón de Apo|Rancho|Turicato|Michoacán de Ocampo||61651|16|61651||48|097|0073|Rural|
61688|El Limoncito Piedra del Agua|Rancho|Turicato|Michoacán de Ocampo||61651|16|61651||48|097|0077|Rural|
61688|El Ojo de Agua (Ojo de Agua de Etucuarillo)|Rancho|Turicato|Michoacán de Ocampo||61651|16|61651||48|097|0079|Rural|
61688|El Salitre (Los Baños del Salitre)|Rancho|Turicato|Michoacán de Ocampo||61651|16|61651||48|097|0090|Rural|
61688|El Salitrillo|Rancho|Turicato|Michoacán de Ocampo||61651|16|61651||48|097|0091|Rural|
61688|El Zapote|Rancho|Turicato|Michoacán de Ocampo||61651|16|61651||48|097|0102|Rural|
61688|Etucuarillo|Ranchería|Turicato|Michoacán de Ocampo||61651|16|61651||29|097|0105|Rural|
61688|Ex-Hacienda San Rafael|Exhacienda|Turicato|Michoacán de Ocampo||61651|16|61651||18|097|0106|Rural|
61688|La Cofradía|Rancho|Turicato|Michoacán de Ocampo||61651|16|61651||48|097|0113|Rural|
61688|La Joya del Añil|Rancho|Turicato|Michoacán de Ocampo||61651|16|61651||48|097|0118|Rural|
61688|La Mesa Turicato|Rancho|Turicato|Michoacán de Ocampo||61651|16|61651||48|097|0125|Rural|
61688|La Pila|Rancho|Turicato|Michoacán de Ocampo||61651|16|61651||48|097|0129|Rural|
61688|Las Camuchinas|Rancho|Turicato|Michoacán de Ocampo||61651|16|61651||48|097|0140|Rural|
61688|Las Juntas|Rancho|Turicato|Michoacán de Ocampo||61651|16|61651||48|097|0145|Rural|
61688|Los Ascinchetes|Rancho|Turicato|Michoacán de Ocampo||61651|16|61651||48|097|0154|Rural|
61688|Los Pretiles|Rancho|Turicato|Michoacán de Ocampo||61651|16|61651||48|097|0167|Rural|
61688|Mesa los Cimientos|Rancho|Turicato|Michoacán de Ocampo||61651|16|61651||48|097|0175|Rural|
61688|Piedra del Agua|Rancho|Turicato|Michoacán de Ocampo||61651|16|61651||48|097|0182|Rural|
61688|Pueblo Viejo|Rancho|Turicato|Michoacán de Ocampo||61651|16|61651||48|097|0190|Rural|
61688|San Isidro|Rancho|Turicato|Michoacán de Ocampo||61651|16|61651||48|097|0200|Rural|
61688|San José Turicato|Ranchería|Turicato|Michoacán de Ocampo||61651|16|61651||29|097|0201|Rural|
61690|Bejucal|Rancho|Turicato|Michoacán de Ocampo||61651|16|61651||48|097|0022|Rural|
61690|El Aguaje|Rancho|Turicato|Michoacán de Ocampo||61651|16|61651||48|097|0044|Rural|
61690|El Cascalotal|Ranchería|Turicato|Michoacán de Ocampo||61651|16|61651||29|097|0056|Rural|
61690|El Limón|Rancho|Turicato|Michoacán de Ocampo||61651|16|61651||48|097|0071|Rural|
61690|El Puertecito|Rancho|Turicato|Michoacán de Ocampo||61651|16|61651||48|097|0086|Rural|
61690|La Mezquitera|Rancho|Turicato|Michoacán de Ocampo||61651|16|61651||48|097|0126|Rural|
61690|La Parota de Cuitzián Grande|Rancho|Turicato|Michoacán de Ocampo||61651|16|61651||48|097|0128|Rural|
61690|Cuitzián Grande|Ejido|Turicato|Michoacán de Ocampo||61651|16|61651||15|097|2654|Rural|
61690|Zárate|Ejido|Turicato|Michoacán de Ocampo||61651|16|61651||15|097|2655|Rural|
61693|El Capire (El Capire de Sanabria)|Ranchería|Turicato|Michoacán de Ocampo||61651|16|61651||29|097|0053|Rural|
61693|El Guayabo|Rancho|Turicato|Michoacán de Ocampo||61651|16|61651||48|097|0064|Rural|
61693|El Limoncito|Rancho|Turicato|Michoacán de Ocampo||61651|16|61651||48|097|0076|Rural|
61693|El Pinzanito|Rancho|Turicato|Michoacán de Ocampo||61651|16|61651||48|097|0082|Rural|
61693|El Reparo de Iranahuipio (La Parota)|Ranchería|Turicato|Michoacán de Ocampo||61651|16|61651||29|097|0089|Rural|
61693|La Angostura|Rancho|Turicato|Michoacán de Ocampo||61651|16|61651||48|097|0109|Rural|
61693|La Crucita|Rancho|Turicato|Michoacán de Ocampo||61651|16|61651||48|097|0114|Rural|
61693|La Vinata|Rancho|Turicato|Michoacán de Ocampo||61651|16|61651||48|097|0135|Rural|
61693|Los Cuirindales|Rancho|Turicato|Michoacán de Ocampo||61651|16|61651||48|097|0159|Rural|
61693|Los Guajes del Capire|Rancho|Turicato|Michoacán de Ocampo||61651|16|61651||48|097|0160|Rural|
61693|Omícuaro|Ranchería|Turicato|Michoacán de Ocampo||61651|16|61651||29|097|0178|Rural|
61693|Pinzán Grueso|Rancho|Turicato|Michoacán de Ocampo||61651|16|61651||48|097|0184|Rural|
61693|Pinzán Grueso|Ranchería|Turicato|Michoacán de Ocampo||61651|16|61651||29|097|0185|Rural|
61693|Potrerillos|Rancho|Turicato|Michoacán de Ocampo||61651|16|61651||48|097|0187|Rural|
61693|San Rafael de Iranahuipio|Rancho|Turicato|Michoacán de Ocampo||61651|16|61651||48|097|0202|Rural|
61693|Sanabria (Las Canoas)|Ranchería|Turicato|Michoacán de Ocampo||61651|16|61651||29|097|0203|Rural|
61693|Shorio (Chorio)|Rancho|Turicato|Michoacán de Ocampo||61651|16|61651||48|097|0205|Rural|
61693|Cuitzián Chiquito|Pueblo|Turicato|Michoacán de Ocampo||61651|16|61651||28|097|4045|Rural|
61693|Iranahuipio|Pueblo|Turicato|Michoacán de Ocampo||61651|16|61651||28|097|4048|Rural|
61694|Alcantarranas (Cantarranas)|Rancho|Turicato|Michoacán de Ocampo||61651|16|61651||48|097|0016|Rural|
61694|El Huicumo|Rancho|Turicato|Michoacán de Ocampo||61651|16|61651||48|097|0066|Rural|
61694|El Limón de Paránguaro|Rancho|Turicato|Michoacán de Ocampo||61651|16|61651||48|097|0074|Rural|
61694|El Limón del Calabozo|Rancho|Turicato|Michoacán de Ocampo||61651|16|61651||48|097|0075|Rural|
61694|El Plátano|Rancho|Turicato|Michoacán de Ocampo||61651|16|61651||48|097|0084|Rural|
61694|El Tepeguaje (El Tepeguaje de Paránguaro)|Rancho|Turicato|Michoacán de Ocampo||61651|16|61651||48|097|0097|Rural|
61694|La Bejuquera|Rancho|Turicato|Michoacán de Ocampo||61651|16|61651||48|097|0110|Rural|
61694|La Cruz de Atato|Rancho|Turicato|Michoacán de Ocampo||61651|16|61651||48|097|0115|Rural|
61694|Las Anonas|Rancho|Turicato|Michoacán de Ocampo||61651|16|61651||48|097|0138|Rural|
61694|Las Juntas de Acuyo|Rancho|Turicato|Michoacán de Ocampo||61651|16|61651||48|097|0147|Rural|
61694|Las Piedras (Las Piedras de Santa Cruz)|Rancho|Turicato|Michoacán de Ocampo||61651|16|61651||48|097|0149|Rural|
61694|Los Chirapes|Rancho|Turicato|Michoacán de Ocampo||61651|16|61651||48|097|0157|Rural|
61694|Petatán|Ranchería|Turicato|Michoacán de Ocampo||61651|16|61651||29|097|0181|Rural|
61694|Potrero del Rancho|Rancho|Turicato|Michoacán de Ocampo||61651|16|61651||48|097|0189|Rural|
61694|Santa Cruz de Morelos|Pueblo|Turicato|Michoacán de Ocampo||61651|16|61651||28|097|4047|Rural|
61695|Cañada de Santa Cruz|Rancho|Turicato|Michoacán de Ocampo||61651|16|61651||48|097|0023|Rural|
61695|Catzanga (Cazanga)|Rancho|Turicato|Michoacán de Ocampo||61651|16|61651||48|097|0031|Rural|
61695|Cuirindales de Maritangacho|Ranchería|Turicato|Michoacán de Ocampo||61651|16|61651||29|097|0042|Rural|
61695|El Encuentro|Rancho|Turicato|Michoacán de Ocampo||61651|16|61651||48|097|0061|Rural|
61695|El Guayabo|Rancho|Turicato|Michoacán de Ocampo||61651|16|61651||48|097|0063|Rural|
61695|El Salitrito|Rancho|Turicato|Michoacán de Ocampo||61651|16|61651||48|097|0092|Rural|
61695|El Sauz (El Sauz de Cuitzián Grande)|Ranchería|Turicato|Michoacán de Ocampo||61651|16|61651||29|097|0094|Rural|
61695|El Tigre|Rancho|Turicato|Michoacán de Ocampo||61651|16|61651||48|097|0099|Rural|
61695|El Uje (Potrero)|Rancho|Turicato|Michoacán de Ocampo||61651|16|61651||48|097|0100|Rural|
61695|El Zapote|Ranchería|Turicato|Michoacán de Ocampo||61651|16|61651||29|097|0104|Rural|
61695|La Angostura|Rancho|Turicato|Michoacán de Ocampo||61651|16|61651||48|097|0108|Rural|
61695|La Joya|Rancho|Turicato|Michoacán de Ocampo||61651|16|61651||48|097|0117|Rural|
61695|La Presa|Rancho|Turicato|Michoacán de Ocampo||61651|16|61651||48|097|0130|Rural|
61695|La Yerbabuena|Rancho|Turicato|Michoacán de Ocampo||61651|16|61651||48|097|0136|Rural|
61695|Las Higuerillas|Rancho|Turicato|Michoacán de Ocampo||61651|16|61651||48|097|0143|Rural|
61695|Las Huertitas|Rancho|Turicato|Michoacán de Ocampo||61651|16|61651||48|097|0144|Rural|
61695|Los Horcones|Rancho|Turicato|Michoacán de Ocampo||61651|16|61651||48|097|0163|Rural|
61695|Maritangacho|Rancho|Turicato|Michoacán de Ocampo||61651|16|61651||48|097|0171|Rural|
61695|Mata de Bejuco|Ranchería|Turicato|Michoacán de Ocampo||61651|16|61651||29|097|0172|Rural|
61695|Ojo de Agua de las Huilotas|Rancho|Turicato|Michoacán de Ocampo||61651|16|61651||48|097|0176|Rural|
61695|Ojo de Agua de los Verduzco|Rancho|Turicato|Michoacán de Ocampo||61651|16|61651||48|097|0177|Rural|
61695|Rancho Viejo|Rancho|Turicato|Michoacán de Ocampo||61651|16|61651||48|097|0193|Rural|
61695|Rincón del Guaje|Rancho|Turicato|Michoacán de Ocampo||61651|16|61651||48|097|0197|Rural|
61695|Salitrillo|Ranchería|Turicato|Michoacán de Ocampo||61651|16|61651||29|097|0198|Rural|
61695|Las Ceibas de Cuitzián Grande|Pueblo|Turicato|Michoacán de Ocampo||61651|16|61651||28|097|4043|Rural|
61695|El Timbiriche|Pueblo|Turicato|Michoacán de Ocampo||61651|16|61651||28|097|4046|Rural|
61695|San Francisco|Pueblo|Turicato|Michoacán de Ocampo||61651|16|61651||28|097|4049|Rural|
61695|Atijo|Pueblo|Turicato|Michoacán de Ocampo||61651|16|61651||28|097|4050|Rural|
61696|Aguacates (El Aguacate)|Rancho|Turicato|Michoacán de Ocampo||61651|16|61651||48|097|0014|Rural|
61696|Arroyo de la Huerta|Rancho|Turicato|Michoacán de Ocampo||61651|16|61651||48|097|0017|Rural|
61696|Arroyo la Huerta (La Barranca)|Rancho|Turicato|Michoacán de Ocampo||61651|16|61651||48|097|0018|Rural|
61696|Barranca Honda|Rancho|Turicato|Michoacán de Ocampo||61651|16|61651||48|097|0021|Rural|
61696|Caramicuas|Rancho|Turicato|Michoacán de Ocampo||61651|16|61651||48|097|0028|Rural|
61696|El Arenal|Rancho|Turicato|Michoacán de Ocampo||61651|16|61651||48|097|0045|Rural|
61696|El Barillo|Rancho|Turicato|Michoacán de Ocampo||61651|16|61651||48|097|0047|Rural|
61696|El Capire|Rancho|Turicato|Michoacán de Ocampo||61651|16|61651||48|097|0051|Rural|
61696|La Parota de Atijo|Ranchería|Turicato|Michoacán de Ocampo||61651|16|61651||29|097|0127|Rural|
61696|Las Calabazas (Las Calabacitas)|Rancho|Turicato|Michoacán de Ocampo||61651|16|61651||48|097|0139|Rural|
61696|Las Parras|Rancho|Turicato|Michoacán de Ocampo||61651|16|61651||48|097|0148|Rural|
61696|Las Pilas|Rancho|Turicato|Michoacán de Ocampo||61651|16|61651||48|097|0150|Rural|
61696|Las Trojas|Rancho|Turicato|Michoacán de Ocampo||61651|16|61651||48|097|0151|Rural|
61696|Los Tules (Potrero los Tules)|Rancho|Turicato|Michoacán de Ocampo||61651|16|61651||48|097|0170|Rural|
61696|Potrero|Rancho|Turicato|Michoacán de Ocampo||61651|16|61651||48|097|0188|Rural|
61696|San Cristóbal de los Guajes|Ranchería|Turicato|Michoacán de Ocampo||61651|16|61651||29|097|0199|Rural|
61696|Sauz de la Sierra|Pueblo|Turicato|Michoacán de Ocampo||61651|16|61651||28|097|4051|Rural|
61696|Las Nueces|Ranchería|Turicato|Michoacán de Ocampo||61651|16|61651||29|097|5567|Rural|
61697|Aguas Calientes (Aguascalientes)|Rancho|Turicato|Michoacán de Ocampo||61651|16|61651||48|097|0015|Rural|
61697|Carboneras|Rancho|Turicato|Michoacán de Ocampo||61651|16|61651||48|097|0029|Rural|
61697|El Guayabo|Rancho|Turicato|Michoacán de Ocampo||61651|16|61651||48|097|0065|Rural|
61697|El Saucito|Rancho|Turicato|Michoacán de Ocampo||61651|16|61651||48|097|0093|Rural|
61697|Los Rucios|Ranchería|Turicato|Michoacán de Ocampo||61651|16|61651||29|097|0168|Rural|
61697|Palmillas|Rancho|Turicato|Michoacán de Ocampo||61651|16|61651||48|097|0179|Rural|
61697|Parengui|Rancho|Turicato|Michoacán de Ocampo||61651|16|61651||48|097|0180|Rural|
61697|Rancho Viejo|Rancho|Turicato|Michoacán de Ocampo||61651|16|61651||48|097|0194|Rural|
61697|Rincón de Zárate|Rancho|Turicato|Michoacán de Ocampo||61651|16|61651||48|097|0196|Rural|
61697|Ojo de Agua de los Maldonado|Pueblo|Turicato|Michoacán de Ocampo||61651|16|61651||28|097|4044|Rural|
61698|Agua Fría|Rancho|Turicato|Michoacán de Ocampo||61651|16|61651||48|097|0013|Rural|
61698|Barbechitos|Rancho|Turicato|Michoacán de Ocampo||61651|16|61651||48|097|0020|Rural|
61698|Carpintería|Rancho|Turicato|Michoacán de Ocampo||61651|16|61651||48|097|0030|Rural|
61698|El Aguacate|Rancho|Turicato|Michoacán de Ocampo||61651|16|61651||48|097|0043|Rural|
61698|El Capire|Rancho|Turicato|Michoacán de Ocampo||61651|16|61651||48|097|0052|Rural|
61698|El Chico|Rancho|Turicato|Michoacán de Ocampo||61651|16|61651||48|097|0057|Rural|
61698|El Encanto|Rancho|Turicato|Michoacán de Ocampo||61651|16|61651||48|097|0059|Rural|
61698|El Jazmín|Rancho|Turicato|Michoacán de Ocampo||61651|16|61651||48|097|0069|Rural|
61698|El Limón|Rancho|Turicato|Michoacán de Ocampo||61651|16|61651||48|097|0070|Rural|
61698|El Remate|Rancho|Turicato|Michoacán de Ocampo||61651|16|61651||48|097|0087|Rural|
61698|El Tecolote|Rancho|Turicato|Michoacán de Ocampo||61651|16|61651||48|097|0096|Rural|
61698|La Capilla|Rancho|Turicato|Michoacán de Ocampo||61651|16|61651||48|097|0112|Rural|
61698|La Laja|Rancho|Turicato|Michoacán de Ocampo||61651|16|61651||48|097|0120|Rural|
61698|La Lobera|Rancho|Turicato|Michoacán de Ocampo||61651|16|61651||48|097|0123|Rural|
61698|Los Nogales|Ranchería|Turicato|Michoacán de Ocampo||61651|16|61651||29|097|0166|Rural|
61698|Mesa de Corona|Rancho|Turicato|Michoacán de Ocampo||61651|16|61651||48|097|0173|Rural|
61698|Mesa del Tigre|Rancho|Turicato|Michoacán de Ocampo||61651|16|61651||48|097|0174|Rural|
61698|Piedras Aradas|Rancho|Turicato|Michoacán de Ocampo||61651|16|61651||48|097|0183|Rural|
61698|Plan del Bonete|Rancho|Turicato|Michoacán de Ocampo||61651|16|61651||48|097|0186|Rural|
61698|Quiringucas|Rancho|Turicato|Michoacán de Ocampo||61651|16|61651||48|097|0192|Rural|
61698|Santa Rita|Rancho|Turicato|Michoacán de Ocampo||61651|16|61651||48|097|0204|Rural|
61700|Bellavista|Colonia|Ziracuaretiro|Michoacán de Ocampo||61704|16|61704||09|111|0001|Urbano|
61700|El Panteón|Colonia|Ziracuaretiro|Michoacán de Ocampo||61704|16|61704||09|111|0002|Urbano|
61700|El Papayo|Colonia|Ziracuaretiro|Michoacán de Ocampo||61704|16|61704||09|111|0003|Urbano|
61700|Rancho Bonito|Colonia|Ziracuaretiro|Michoacán de Ocampo||61704|16|61704||09|111|0004|Urbano|
61700|Revolución|Colonia|Ziracuaretiro|Michoacán de Ocampo||61704|16|61704||09|111|0005|Urbano|
61700|25 de Abril|Colonia|Ziracuaretiro|Michoacán de Ocampo||61704|16|61704||09|111|0013|Urbano|
61700|Ziracuaretiro|Pueblo|Ziracuaretiro|Michoacán de Ocampo||61704|16|61704||28|111|2656|Urbano|
61702|San Andrés Coru|Pueblo|Ziracuaretiro|Michoacán de Ocampo||61704|16|61704||28|111|2659|Rural|
61703|Banco de Arena (El Panadero)|Rancho|Ziracuaretiro|Michoacán de Ocampo||61704|16|61704||48|111|0007|Rural|
61703|Zirimícuaro|Ranchería|Ziracuaretiro|Michoacán de Ocampo||61704|16|61704||29|111|2657|Rural|
61703|Caracha|Ranchería|Ziracuaretiro|Michoacán de Ocampo||61704|16|61704||29|111|2660|Rural|
61703|Ziraspén|Ranchería|Ziracuaretiro|Michoacán de Ocampo||61704|16|61704||29|111|3913|Rural|
61703|El Fresno|Ranchería|Ziracuaretiro|Michoacán de Ocampo||61704|16|61704||29|111|3914|Rural|
61705|Chupacato|Rancho|Ziracuaretiro|Michoacán de Ocampo||61704|16|61704||48|111|0008|Rural|
61705|Bicentenario|Colonia|Ziracuaretiro|Michoacán de Ocampo||61704|16|61704||09|111|0015|Rural|
61705|El Copal|Ranchería|Ziracuaretiro|Michoacán de Ocampo||61704|16|61704||29|111|3911|Rural|
61706|Los Naranjos (La Joya del Molino)|Ranchería|Ziracuaretiro|Michoacán de Ocampo||61704|16|61704||29|111|0010|Rural|
61706|La Ciénega (Los Naranjos)|Ranchería|Ziracuaretiro|Michoacán de Ocampo||61704|16|61704||29|111|3912|Rural|
61707|El Colorado|Rancho|Ziracuaretiro|Michoacán de Ocampo||61704|16|61704||48|111|0009|Rural|
61707|Santa María (La Soledad)|Rancho|Ziracuaretiro|Michoacán de Ocampo||61704|16|61704||48|111|0011|Rural|
61707|Santa Teresa|Rancho|Ziracuaretiro|Michoacán de Ocampo||61704|16|61704||48|111|0012|Rural|
61707|Patuán|Ranchería|Ziracuaretiro|Michoacán de Ocampo||61704|16|61704||29|111|3910|Rural|
61708|Santa Clara|Colonia|Ziracuaretiro|Michoacán de Ocampo||61704|16|61704||09|111|0006|Urbano|
61708|Barrio Cuarto|Barrio|Ziracuaretiro|Michoacán de Ocampo||61704|16|61704||02|111|0014|Urbano|
61708|San Ángel Zurumucapio|Pueblo|Ziracuaretiro|Michoacán de Ocampo||61704|16|61704||28|111|2658|Urbano|
61710|Taretan Centro|Colonia|Taretan|Michoacán de Ocampo||61715|16|61715||09|087|2664|Urbano|
61710|Barrio Alto|Colonia|Taretan|Michoacán de Ocampo||61715|16|61715||09|087|5006|Urbano|
61710|Bellavista|Colonia|Taretan|Michoacán de Ocampo||61715|16|61715||09|087|5007|Urbano|
61710|Chiquihuitillo|Colonia|Taretan|Michoacán de Ocampo||61715|16|61715||09|087|5008|Urbano|
61710|Emiliano Zapata|Colonia|Taretan|Michoacán de Ocampo||61715|16|61715||09|087|5009|Urbano|
61710|Ex-Hacienda|Colonia|Taretan|Michoacán de Ocampo||61715|16|61715||09|087|5010|Urbano|
61710|Hueranda|Colonia|Taretan|Michoacán de Ocampo||61715|16|61715||09|087|5011|Urbano|
61710|Lázaro Cárdenas|Colonia|Taretan|Michoacán de Ocampo||61715|16|61715||09|087|5012|Urbano|
61710|Lucrecia Toriz|Colonia|Taretan|Michoacán de Ocampo||61715|16|61715||09|087|5013|Urbano|
61710|Prisol|Colonia|Taretan|Michoacán de Ocampo||61715|16|61715||09|087|5014|Urbano|
61710|Villas Magisterio|Colonia|Taretan|Michoacán de Ocampo||61715|16|61715||09|087|5015|Urbano|
61710|La Bolsa|Colonia|Taretan|Michoacán de Ocampo||61715|16|61715||09|087|5019|Urbano|
61710|San Miguel|Fraccionamiento|Taretan|Michoacán de Ocampo||61715|16|61715||21|087|5020|Urbano|
61712|Tomendán|Ranchería|Taretan|Michoacán de Ocampo||61715|16|61715||29|087|2665|Rural|
61712|El Pino|Ranchería|Taretan|Michoacán de Ocampo||61715|16|61715||29|087|2666|Rural|
61712|El Tarepe|Ranchería|Taretan|Michoacán de Ocampo||61715|16|61715||29|087|4999|Rural|
61713|Terrenate|Ranchería|Taretan|Michoacán de Ocampo||61715|16|61715||29|087|2668|Rural|
61714|El Hoyo del Aire|Ranchería|Taretan|Michoacán de Ocampo||61715|16|61715||29|087|2667|Rural|
61714|La Purísima|Pueblo|Taretan|Michoacán de Ocampo||61715|16|61715||28|087|2669|Rural|
61714|Chupanguío|Ranchería|Taretan|Michoacán de Ocampo||61715|16|61715||29|087|4996|Rural|
61716|Rancho Seco|Ranchería|Taretan|Michoacán de Ocampo||61715|16|61715||29|087|2671|Rural|
61716|Tahuejo|Ranchería|Taretan|Michoacán de Ocampo||61715|16|61715||29|087|2672|Rural|
61716|El Guayabo|Ranchería|Taretan|Michoacán de Ocampo||61715|16|61715||29|087|4997|Rural|
61716|San José Obrero|Ranchería|Taretan|Michoacán de Ocampo||61715|16|61715||29|087|5004|Rural|
61716|San Miguel|Ranchería|Taretan|Michoacán de Ocampo||61715|16|61715||29|087|5005|Rural|
61717|La Florida|Ranchería|Taretan|Michoacán de Ocampo||61715|16|61715||29|087|2663|Rural|
61717|Mesa de Cázares|Ranchería|Taretan|Michoacán de Ocampo||61715|16|61715||29|087|2673|Rural|
61717|El Huamil|Rancho|Taretan|Michoacán de Ocampo||61715|16|61715||48|087|4998|Rural|
61717|Las Tinajas|Rancho|Taretan|Michoacán de Ocampo||61715|16|61715||48|087|5001|Rural|
61718|La Lagunilla|Ranchería|Taretan|Michoacán de Ocampo||61715|16|61715||29|087|5000|Rural|
61718|Presa San Juan|Ranchería|Taretan|Michoacán de Ocampo||61715|16|61715||29|087|5002|Rural|
61718|San Joaquín|Rancho|Taretan|Michoacán de Ocampo||61715|16|61715||48|087|5003|Rural|
61730|El Cerrito|Colonia|Gabriel Zamora|Michoacán de Ocampo||61733|16|61733||09|033|0001|Urbano|
61730|Benito Juárez|Colonia|Gabriel Zamora|Michoacán de Ocampo||61733|16|61733||09|033|0002|Urbano|
61730|Emiliano Zapata|Colonia|Gabriel Zamora|Michoacán de Ocampo||61733|16|61733||09|033|0003|Urbano|
61730|Las Crucitas|Colonia|Gabriel Zamora|Michoacán de Ocampo||61733|16|61733||09|033|0004|Urbano|
61730|Lázaro Cárdenas|Colonia|Gabriel Zamora|Michoacán de Ocampo||61733|16|61733||09|033|0005|Urbano|
61730|María Elena Huerta Zamacona|Fraccionamiento|Gabriel Zamora|Michoacán de Ocampo||61733|16|61733||21|033|0006|Urbano|
61730|Mártires de Lombardía|Colonia|Gabriel Zamora|Michoacán de Ocampo||61733|16|61733||09|033|0007|Urbano|
61730|Rivera|Colonia|Gabriel Zamora|Michoacán de Ocampo||61733|16|61733||09|033|0008|Urbano|
61730|Vicente Lombardo Toledano|Fraccionamiento|Gabriel Zamora|Michoacán de Ocampo||61733|16|61733||21|033|0009|Urbano|
61730|Lombardía|Pueblo|Gabriel Zamora|Michoacán de Ocampo||61733|16|61733||28|033|2676|Urbano|
61732|Las Cuatas|Rancho|Gabriel Zamora|Michoacán de Ocampo||61733|16|61733||48|033|0021|Rural|
61732|Tziritzícuaro (Ciricícuaro)|Ranchería|Gabriel Zamora|Michoacán de Ocampo||61733|16|61733||29|033|2677|Rural|
61732|Las Minitas|Ranchería|Gabriel Zamora|Michoacán de Ocampo||61733|16|61733||29|033|2678|Rural|
61734|Estación Raguizával|Rancho|Gabriel Zamora|Michoacán de Ocampo||61733|16|61733||48|033|0018|Rural|
61734|El Huaco|Ranchería|Gabriel Zamora|Michoacán de Ocampo||61733|16|61733||29|033|2675|Rural|
61734|La Laguna|Ranchería|Gabriel Zamora|Michoacán de Ocampo||61733|16|61733||29|033|2682|Rural|
61735|El Injerto|Rancho|Gabriel Zamora|Michoacán de Ocampo||61733|16|61733||48|033|0014|Rural|
61735|Capire de Lombardía (El Capiri)|Pueblo|Gabriel Zamora|Michoacán de Ocampo||61733|16|61733||28|033|2674|Rural|
61735|El Cóbano|Ranchería|Gabriel Zamora|Michoacán de Ocampo||61733|16|61733||29|033|2680|Rural|
61740|Charapendo|Pueblo|Gabriel Zamora|Michoacán de Ocampo||61733|16|61733||28|033|2681|Rural|
61745|El Ingenio (El Puente Canal)|Rancho|Gabriel Zamora|Michoacán de Ocampo||61733|16|61733||48|033|0013|Rural|
61745|El Sifón|Rancho|Gabriel Zamora|Michoacán de Ocampo||61733|16|61733||48|033|0016|Rural|
61745|El Tamarindo|Rancho|Gabriel Zamora|Michoacán de Ocampo||61733|16|61733||48|033|0017|Rural|
61745|La Cortina|Rancho|Gabriel Zamora|Michoacán de Ocampo||61733|16|61733||48|033|0019|Rural|
61745|La Desviación (La Desviación de Casilda)|Rancho|Gabriel Zamora|Michoacán de Ocampo||61733|16|61733||48|033|0020|Rural|
61745|Los Cajones|Ranchería|Gabriel Zamora|Michoacán de Ocampo||61733|16|61733||29|033|2683|Rural|
61745|Santa Casilda|Pueblo|Gabriel Zamora|Michoacán de Ocampo||61733|16|61733||28|033|2684|Rural|
61746|El Atuto (Tanques Atuto)|Ranchería|Gabriel Zamora|Michoacán de Ocampo||61733|16|61733||29|033|0012|Rural|
61746|El Pollito|Rancho|Gabriel Zamora|Michoacán de Ocampo||61733|16|61733||48|033|0015|Rural|
61746|La Gallina|Ranchería|Gabriel Zamora|Michoacán de Ocampo||61733|16|61733||29|033|2685|Rural|
61747|Barranca Honda|Rancho|Gabriel Zamora|Michoacán de Ocampo||61733|16|61733||48|033|0011|Rural|
61747|Tequecarán|Rancho|Gabriel Zamora|Michoacán de Ocampo||61733|16|61733||48|033|0022|Rural|
61747|Palito Verde|Ranchería|Gabriel Zamora|Michoacán de Ocampo||61733|16|61733||29|033|5467|Rural|
61750|Enrique Ramírez|Colonia|Nuevo Urecho|Michoacán de Ocampo||61733|16|61733||09|059|0001|Urbano|
61750|La Riveras|Colonia|Nuevo Urecho|Michoacán de Ocampo||61733|16|61733||09|059|0002|Urbano|
61750|Nuevo Urecho|Pueblo|Nuevo Urecho|Michoacán de Ocampo||61733|16|61733||28|059|2687|Urbano|
61752|Agua Fría|Rancho|Nuevo Urecho|Michoacán de Ocampo||61733|16|61733||48|059|0003|Rural|
61752|El Pinal|Rancho|Nuevo Urecho|Michoacán de Ocampo||61733|16|61733||48|059|0008|Rural|
61752|El Platanillo|Rancho|Nuevo Urecho|Michoacán de Ocampo||61733|16|61733||48|059|0009|Rural|
61752|Las Ánimas|Rancho|Nuevo Urecho|Michoacán de Ocampo||61733|16|61733||48|059|0015|Rural|
61752|Los Sabinos|Ranchería|Nuevo Urecho|Michoacán de Ocampo||61733|16|61733||29|059|0017|Rural|
61752|Oval (El Uval)|Rancho|Nuevo Urecho|Michoacán de Ocampo||61733|16|61733||48|059|0018|Rural|
61752|San Joaquín|Rancho|Nuevo Urecho|Michoacán de Ocampo||61733|16|61733||48|059|0019|Rural|
61752|Santa Efigenia|Ejido|Nuevo Urecho|Michoacán de Ocampo||61733|16|61733||15|059|2689|Rural|
61753|El Tejabán|Ranchería|Nuevo Urecho|Michoacán de Ocampo||61733|16|61733||29|059|0011|Rural|
61753|San Juan|Rancho|Nuevo Urecho|Michoacán de Ocampo||61733|16|61733||48|059|0020|Rural|
61753|La Ibérica (La Gotera)|Pueblo|Nuevo Urecho|Michoacán de Ocampo||61733|16|61733||28|059|2686|Rural|
61753|Villa Eréndira (El Tres)|Ranchería|Nuevo Urecho|Michoacán de Ocampo||61733|16|61733||29|059|2691|Rural|
61754|La Cebadilla (Las Pitas)|Ranchería|Nuevo Urecho|Michoacán de Ocampo||61733|16|61733||29|059|0013|Rural|
61755|Cacanguio|Rancho|Nuevo Urecho|Michoacán de Ocampo||61733|16|61733||48|059|0004|Rural|
61755|El Salto|Rancho|Nuevo Urecho|Michoacán de Ocampo||61733|16|61733||48|059|0010|Rural|
61755|El Naranjo|Ejido|Nuevo Urecho|Michoacán de Ocampo||61733|16|61733||15|059|2692|Rural|
61755|San José del Salto|Ranchería|Nuevo Urecho|Michoacán de Ocampo||61733|16|61733||29|059|2693|Rural|
61755|Las Trojas (Las Trojes)|Ranchería|Nuevo Urecho|Michoacán de Ocampo||61733|16|61733||29|059|4818|Rural|
61756|Ichachico|Ranchería|Nuevo Urecho|Michoacán de Ocampo||61733|16|61733||29|059|0012|Rural|
61756|La Guadalupe|Rancho|Nuevo Urecho|Michoacán de Ocampo||61733|16|61733||48|059|0014|Rural|
61756|Tierras Coloradas|Ranchería|Nuevo Urecho|Michoacán de Ocampo||61733|16|61733||29|059|0021|Rural|
61756|El Mirador|Ranchería|Nuevo Urecho|Michoacán de Ocampo||61733|16|61733||29|059|2694|Rural|
61757|Chachalaca|Rancho|Nuevo Urecho|Michoacán de Ocampo||61733|16|61733||48|059|0005|Rural|
61757|El Arroyo Seco|Rancho|Nuevo Urecho|Michoacán de Ocampo||61733|16|61733||48|059|0006|Rural|
61757|El Capirito|Ranchería|Nuevo Urecho|Michoacán de Ocampo||61733|16|61733||29|059|0007|Rural|
61757|Las Pilas|Ranchería|Nuevo Urecho|Michoacán de Ocampo||61733|16|61733||29|059|0016|Rural|
61757|Tepenahua|Pueblo|Nuevo Urecho|Michoacán de Ocampo||61733|16|61733||28|059|2690|Rural|
61757|El Calvario|Ejido|Nuevo Urecho|Michoacán de Ocampo||61733|16|61733||15|059|2695|Rural|
61757|Los Otates|Ranchería|Nuevo Urecho|Michoacán de Ocampo||61733|16|61733||29|059|2696|Rural|
61759|San Vicente|Ejido|Nuevo Urecho|Michoacán de Ocampo||61733|16|61733||15|059|2688|Rural|
61759|Tipítaro|Ejido|Nuevo Urecho|Michoacán de Ocampo||61733|16|61733||15|059|2697|Rural|
61760|17 de Noviembre|Colonia|Múgica|Michoacán de Ocampo|Nueva Italia de Ruiz|61761|16|61761||09|055|0002|Urbano|26
61760|Nueva Italia de Ruiz|Pueblo|Múgica|Michoacán de Ocampo|Nueva Italia de Ruiz|61761|16|61761||28|055|2700|Urbano|26
61760|El Carriel|Colonia|Múgica|Michoacán de Ocampo|Nueva Italia de Ruiz|61761|16|61761||09|055|4956|Urbano|26
61760|Agrarista|Colonia|Múgica|Michoacán de Ocampo|Nueva Italia de Ruiz|61761|16|61761||09|055|5468|Urbano|26
61760|Belisario Domínguez|Colonia|Múgica|Michoacán de Ocampo|Nueva Italia de Ruiz|61761|16|61761||09|055|5469|Urbano|26
61760|Benito Juárez|Colonia|Múgica|Michoacán de Ocampo|Nueva Italia de Ruiz|61761|16|61761||09|055|5470|Urbano|26
61760|Campo de Aviación|Colonia|Múgica|Michoacán de Ocampo|Nueva Italia de Ruiz|61761|16|61761||09|055|5471|Urbano|26
61760|Filarmónicos (Juventino Rosas)|Colonia|Múgica|Michoacán de Ocampo|Nueva Italia de Ruiz|61761|16|61761||09|055|5472|Urbano|26
61760|Independencia|Colonia|Múgica|Michoacán de Ocampo|Nueva Italia de Ruiz|61761|16|61761||09|055|5473|Urbano|26
61760|Juan Vargas (Loma de Vargas)|Colonia|Múgica|Michoacán de Ocampo|Nueva Italia de Ruiz|61761|16|61761||09|055|5474|Urbano|26
61760|La Hortaliza|Colonia|Múgica|Michoacán de Ocampo|Nueva Italia de Ruiz|61761|16|61761||09|055|5475|Urbano|26
61760|Libertad|Colonia|Múgica|Michoacán de Ocampo|Nueva Italia de Ruiz|61761|16|61761||09|055|5476|Urbano|26
61760|Lázaro Cárdenas|Colonia|Múgica|Michoacán de Ocampo|Nueva Italia de Ruiz|61761|16|61761||09|055|5477|Urbano|26
61760|Obrera|Colonia|Múgica|Michoacán de Ocampo|Nueva Italia de Ruiz|61761|16|61761||09|055|5478|Urbano|26
61760|Pablo Padilla|Colonia|Múgica|Michoacán de Ocampo|Nueva Italia de Ruiz|61761|16|61761||09|055|5479|Urbano|26
61760|Reforma|Colonia|Múgica|Michoacán de Ocampo|Nueva Italia de Ruiz|61761|16|61761||09|055|5480|Urbano|26
61760|El Mirador|Colonia|Múgica|Michoacán de Ocampo|Nueva Italia de Ruiz|61761|16|61761||09|055|5523|Urbano|26
61763|Rancho Orozco|Ranchería|Múgica|Michoacán de Ocampo||61761|16|61761||29|055|5481|Rural|
61763|Estación Nueva Italia|Ranchería|Múgica|Michoacán de Ocampo||61761|16|61761||29|055|5482|Rural|
61764|La Pista de la Curva|Ranchería|Múgica|Michoacán de Ocampo||61761|16|61761||29|055|5483|Rural|
61764|La Limonera|Ranchería|Múgica|Michoacán de Ocampo||61761|16|61761||29|055|5484|Rural|
61765|Ciruelo|Ranchería|Múgica|Michoacán de Ocampo||61761|16|61761||29|055|5485|Rural|
61766|Vista Hermosa (El Canal)|Ranchería|Múgica|Michoacán de Ocampo||61761|16|61761||29|055|5486|Rural|
61766|La Zicua|Ranchería|Múgica|Michoacán de Ocampo||61761|16|61761||29|055|5487|Rural|
61766|Cama de Piedra|Ranchería|Múgica|Michoacán de Ocampo||61761|16|61761||29|055|5488|Rural|
61769|4 Caminos|Pueblo|Múgica|Michoacán de Ocampo||61761|16|61761||28|055|2704|Rural|
61769|Crucero de las Casitas (Rancho las Camelinas)|Ranchería|Múgica|Michoacán de Ocampo||61761|16|61761||29|055|5491|Rural|
61770|El Ceñidor|Pueblo|Múgica|Michoacán de Ocampo||61761|16|61761||28|055|2705|Rural|
61770|Colonia Nueva del Ceñidor|Ranchería|Múgica|Michoacán de Ocampo||61761|16|61761||29|055|5492|Rural|
61773|Blanco|Ranchería|Múgica|Michoacán de Ocampo||61761|16|61761||29|055|5493|Rural|
61773|Estación Ceñidor|Ranchería|Múgica|Michoacán de Ocampo||61761|16|61761||29|055|5494|Rural|
61774|El Marqués|Ranchería|Múgica|Michoacán de Ocampo||61761|16|61761||29|055|5495|Rural|
61775|El Pando|Ranchería|Múgica|Michoacán de Ocampo||61761|16|61761||29|055|2699|Rural|
61775|El Terreplén|Ranchería|Múgica|Michoacán de Ocampo||61761|16|61761||29|055|5496|Rural|
61775|Nuevo Coróndiro (Coróndiro)|Ranchería|Múgica|Michoacán de Ocampo||61761|16|61761||29|055|5497|Rural|
61775|Cussi (Estación Cusi)|Ranchería|Múgica|Michoacán de Ocampo||61761|16|61761||29|055|5498|Rural|
61776|La Jitomatera|Ranchería|Múgica|Michoacán de Ocampo||61761|16|61761||29|055|5499|Rural|
61776|San Martín|Ranchería|Múgica|Michoacán de Ocampo||61761|16|61761||29|055|5500|Rural|
61776|La Palmera|Ranchería|Múgica|Michoacán de Ocampo||61761|16|61761||29|055|5501|Rural|
61776|El Columpio|Ranchería|Múgica|Michoacán de Ocampo||61761|16|61761||29|055|5502|Rural|
61776|Lateral el Uruguay|Ranchería|Múgica|Michoacán de Ocampo||61761|16|61761||29|055|5520|Rural|
61776|San Miguel|Ranchería|Múgica|Michoacán de Ocampo||61761|16|61761||29|055|5522|Rural|
61780|La Soledad (El Jabalí)|Ranchería|Múgica|Michoacán de Ocampo||61761|16|61761||29|055|5503|Rural|
61783|Lateral Mocho (El Rápido)|Ranchería|Múgica|Michoacán de Ocampo||61761|16|61761||29|055|5504|Rural|
61784|Guayabo Nuevo|Ranchería|Múgica|Michoacán de Ocampo||61761|16|61761||29|055|5505|Rural|
61785|Lateral de la Pareja (La Pareja)|Ranchería|Múgica|Michoacán de Ocampo||61761|16|61761||29|055|5507|Rural|
61786|Los Serapios|Ranchería|Múgica|Michoacán de Ocampo||61761|16|61761||29|055|5508|Rural|
61787|Pitire (El Pitire)|Ranchería|Múgica|Michoacán de Ocampo||61761|16|61761||29|055|5509|Rural|
61790|Gámbara|Pueblo|Múgica|Michoacán de Ocampo||61761|16|61761||28|055|2706|Urbano|
61793|La Pastoría|Ranchería|Múgica|Michoacán de Ocampo||61761|16|61761||29|055|5510|Rural|
61793|Rancho Nuevo (Pueblo Nuevo)|Ranchería|Múgica|Michoacán de Ocampo||61761|16|61761||29|055|5511|Rural|
61793|El Guayabo Viejo|Ranchería|Múgica|Michoacán de Ocampo||61761|16|61761||29|055|5512|Rural|
61793|Las Casitas|Ranchería|Múgica|Michoacán de Ocampo||61761|16|61761||29|055|5513|Rural|
61794|El Letrero|Ejido|Múgica|Michoacán de Ocampo||61761|16|61761||15|055|2707|Rural|
61795|Nuevo Capirio|Pueblo|Múgica|Michoacán de Ocampo||61761|16|61761||28|055|2708|Rural|
61795|Crucero de Carrera de Mata|Ranchería|Múgica|Michoacán de Ocampo||61761|16|61761||29|055|5514|Rural|
61796|El Diez|Ranchería|Múgica|Michoacán de Ocampo||61761|16|61761||29|055|5515|Rural|
61796|Santo Domingo|Ranchería|Múgica|Michoacán de Ocampo||61761|16|61761||29|055|5516|Rural|
61796|Cirián|Ranchería|Múgica|Michoacán de Ocampo||61761|16|61761||29|055|5517|Rural|
61797|Carrera de Mata (Atuto)|Ranchería|Múgica|Michoacán de Ocampo||61761|16|61761||29|055|5518|Rural|
61800|4 Caminos|Colonia|Salvador Escalante|Michoacán de Ocampo||61808|16|61808||09|079|0001|Urbano|
61800|Antorcha Campesina|Colonia|Salvador Escalante|Michoacán de Ocampo||61808|16|61808||09|079|0002|Urbano|
61800|Camelinas|Colonia|Salvador Escalante|Michoacán de Ocampo||61808|16|61808||09|079|0003|Urbano|
61800|Churucumeo|Colonia|Salvador Escalante|Michoacán de Ocampo||61808|16|61808||09|079|0004|Urbano|
61800|Corcuvi|Colonia|Salvador Escalante|Michoacán de Ocampo||61808|16|61808||09|079|0005|Urbano|
61800|Cuirinditzio|Colonia|Salvador Escalante|Michoacán de Ocampo||61808|16|61808||09|079|0006|Urbano|
61800|El Artesano|Colonia|Salvador Escalante|Michoacán de Ocampo||61808|16|61808||09|079|0007|Urbano|
61800|El Mirador|Colonia|Salvador Escalante|Michoacán de Ocampo||61808|16|61808||09|079|0008|Urbano|
61800|El Palomar|Colonia|Salvador Escalante|Michoacán de Ocampo||61808|16|61808||09|079|0009|Urbano|
61800|Emiliano Zapata|Colonia|Salvador Escalante|Michoacán de Ocampo||61808|16|61808||09|079|0010|Urbano|
61800|La Estrella|Colonia|Salvador Escalante|Michoacán de Ocampo||61808|16|61808||09|079|0011|Urbano|
61800|La Providencia|Colonia|Salvador Escalante|Michoacán de Ocampo||61808|16|61808||09|079|0012|Urbano|
61800|Lázaro Cárdenas|Colonia|Salvador Escalante|Michoacán de Ocampo||61808|16|61808||09|079|0013|Urbano|
61800|Los Manzanillos|Colonia|Salvador Escalante|Michoacán de Ocampo||61808|16|61808||09|079|0014|Urbano|
61800|San Francisco|Colonia|Salvador Escalante|Michoacán de Ocampo||61808|16|61808||09|079|0015|Urbano|
61800|Centro|Colonia|Salvador Escalante|Michoacán de Ocampo||61808|16|61808||09|079|2709|Urbano|
61803|Chapa Viejo|Rancho|Salvador Escalante|Michoacán de Ocampo||61808|16|61808||48|079|0020|Rural|
61803|Chapa (Chapa Nuevo)|Ranchería|Salvador Escalante|Michoacán de Ocampo||61808|16|61808||29|079|2712|Rural|
61804|Chumaro|Rancho|Salvador Escalante|Michoacán de Ocampo||61808|16|61808||48|079|0022|Rural|
61804|La Puerta|Rancho|Salvador Escalante|Michoacán de Ocampo||61808|16|61808||48|079|0030|Rural|
61804|Paso de Camémbaro|Ranchería|Salvador Escalante|Michoacán de Ocampo||61808|16|61808||29|079|0041|Rural|
61804|Punzumarán|Rancho|Salvador Escalante|Michoacán de Ocampo||61808|16|61808||48|079|0044|Rural|
61804|Camémbaro|Ejido|Salvador Escalante|Michoacán de Ocampo||61808|16|61808||15|079|2710|Rural|
61804|El Querendal|Ranchería|Salvador Escalante|Michoacán de Ocampo||61808|16|61808||29|079|2713|Rural|
61804|El Coyote|Ranchería|Salvador Escalante|Michoacán de Ocampo||61808|16|61808||29|079|3895|Rural|
61804|Huaniqueo|Ranchería|Salvador Escalante|Michoacán de Ocampo||61808|16|61808||29|079|3899|Rural|
61805|Picuarembo|Ranchería|Salvador Escalante|Michoacán de Ocampo||61808|16|61808||29|079|0042|Rural|
61805|Paramuén|Ranchería|Salvador Escalante|Michoacán de Ocampo||61808|16|61808||29|079|2711|Rural|
61805|Cuitzitán|Ranchería|Salvador Escalante|Michoacán de Ocampo||61808|16|61808||29|079|2714|Rural|
61805|Cungo|Ranchería|Salvador Escalante|Michoacán de Ocampo||61808|16|61808||29|079|2715|Rural|
61805|El Carmen|Ranchería|Salvador Escalante|Michoacán de Ocampo||61808|16|61808||29|079|2716|Rural|
61805|Bejuco|Ranchería|Salvador Escalante|Michoacán de Ocampo||61808|16|61808||29|079|2717|Rural|
61806|Los Cedros|Rancho|Salvador Escalante|Michoacán de Ocampo||61808|16|61808||48|079|0037|Rural|
61806|Iramuco|Ranchería|Salvador Escalante|Michoacán de Ocampo||61808|16|61808||29|079|2718|Rural|
61806|Santa Rita|Ranchería|Salvador Escalante|Michoacán de Ocampo||61808|16|61808||29|079|3902|Rural|
61807|La Cruz|Rancho|Salvador Escalante|Michoacán de Ocampo||61808|16|61808||48|079|0028|Rural|
61807|Palma de Sandoval|Ranchería|Salvador Escalante|Michoacán de Ocampo||61808|16|61808||29|079|0039|Rural|
61807|Irícuaro (San Miguel)|Ranchería|Salvador Escalante|Michoacán de Ocampo||61808|16|61808||29|079|2719|Rural|
61810|Tapimba|Rancho|Salvador Escalante|Michoacán de Ocampo||61808|16|61808||48|079|0048|Rural|
61810|Plutarco Elías Calles (Copándaro)|Pueblo|Salvador Escalante|Michoacán de Ocampo||61808|16|61808||28|079|2722|Rural|
61810|Zirahuén|Pueblo|Salvador Escalante|Michoacán de Ocampo||61808|16|61808||28|079|2723|Rural|
61812|Caratzitumbio|Ranchería|Salvador Escalante|Michoacán de Ocampo||61808|16|61808||29|079|0018|Rural|
61812|Cuanajillo|Ranchería|Salvador Escalante|Michoacán de Ocampo||61808|16|61808||29|079|0024|Rural|
61812|Las Juntas|Rancho|Salvador Escalante|Michoacán de Ocampo||61808|16|61808||48|079|0035|Rural|
61812|Tollonguio|Rancho|Salvador Escalante|Michoacán de Ocampo||61808|16|61808||48|079|0045|Rural|
61812|Zinamba|Rancho|Salvador Escalante|Michoacán de Ocampo||61808|16|61808||48|079|0046|Rural|
61812|Los Manzanillos|Ranchería|Salvador Escalante|Michoacán de Ocampo||61808|16|61808||29|079|2724|Rural|
61812|San José Cuanajillo|Ranchería|Salvador Escalante|Michoacán de Ocampo||61808|16|61808||29|079|2725|Rural|
61812|Españita|Ranchería|Salvador Escalante|Michoacán de Ocampo||61808|16|61808||29|079|3894|Rural|
61813|Carrizalillo de Chuén|Rancho|Salvador Escalante|Michoacán de Ocampo||61808|16|61808||48|079|0019|Rural|
61813|El Jabalí|Ranchería|Salvador Escalante|Michoacán de Ocampo||61808|16|61808||29|079|0025|Rural|
61813|Puente Alto (La Lagartija)|Ranchería|Salvador Escalante|Michoacán de Ocampo||61808|16|61808||29|079|0043|Rural|
61813|Iztaro|Ranchería|Salvador Escalante|Michoacán de Ocampo||61808|16|61808||29|079|2721|Rural|
61813|Monte Grande|Ranchería|Salvador Escalante|Michoacán de Ocampo||61808|16|61808||29|079|2726|Rural|
61813|El Guayabo|Ranchería|Salvador Escalante|Michoacán de Ocampo||61808|16|61808||29|079|3896|Rural|
61813|El Romero|Ranchería|Salvador Escalante|Michoacán de Ocampo||61808|16|61808||29|079|3897|Rural|
61813|El Sauz|Ranchería|Salvador Escalante|Michoacán de Ocampo||61808|16|61808||29|079|3898|Rural|
61813|Santa Rosa|Ranchería|Salvador Escalante|Michoacán de Ocampo||61808|16|61808||29|079|4078|Rural|
61815|Japito|Rancho|Salvador Escalante|Michoacán de Ocampo||61808|16|61808||48|079|0027|Rural|
61815|Las Charandas|Ranchería|Salvador Escalante|Michoacán de Ocampo||61808|16|61808||29|079|0032|Rural|
61815|Las Cruces|Rancho|Salvador Escalante|Michoacán de Ocampo||61808|16|61808||48|079|0034|Rural|
61815|Pamaceo|Ranchería|Salvador Escalante|Michoacán de Ocampo||61808|16|61808||29|079|0040|Rural|
61815|Tzintzamba (La Sizamba)|Ranchería|Salvador Escalante|Michoacán de Ocampo||61808|16|61808||29|079|2727|Rural|
61815|La Esmeralda (La Fábrica)|Ranchería|Salvador Escalante|Michoacán de Ocampo||61808|16|61808||29|079|3900|Rural|
61816|Choro|Rancho|Salvador Escalante|Michoacán de Ocampo||61808|16|61808||48|079|0021|Rural|
61816|Comiémbaro|Rancho|Salvador Escalante|Michoacán de Ocampo||61808|16|61808||48|079|0023|Rural|
61816|Las Trojes|Rancho|Salvador Escalante|Michoacán de Ocampo||61808|16|61808||48|079|0036|Rural|
61816|Agua Verde|Ranchería|Salvador Escalante|Michoacán de Ocampo||61808|16|61808||29|079|2728|Rural|
61816|Santa Ana|Ranchería|Salvador Escalante|Michoacán de Ocampo||61808|16|61808||29|079|2729|Rural|
61816|Turián Bajo (Turián el Bajo)|Ranchería|Salvador Escalante|Michoacán de Ocampo||61808|16|61808||29|079|2730|Rural|
61816|Turián Alto (Turián el Alto)|Ranchería|Salvador Escalante|Michoacán de Ocampo||61808|16|61808||29|079|3901|Rural|
61816|La Querenda|Ranchería|Salvador Escalante|Michoacán de Ocampo||61808|16|61808||29|079|3903|Rural|
61816|El Colorín|Ranchería|Salvador Escalante|Michoacán de Ocampo||61808|16|61808||29|079|3919|Rural|
61817|Las Canoas|Rancho|Salvador Escalante|Michoacán de Ocampo||61808|16|61808||48|079|0031|Rural|
61817|Las Cortinas|Rancho|Salvador Escalante|Michoacán de Ocampo||61808|16|61808||48|079|0033|Rural|
61817|El Tarascón|Ranchería|Salvador Escalante|Michoacán de Ocampo||61808|16|61808||29|079|2731|Rural|
61817|Jujúcato (El Garbanzo)|Ranchería|Salvador Escalante|Michoacán de Ocampo||61808|16|61808||29|079|2732|Rural|
61820|Casas Blancas|Colonia|Salvador Escalante|Michoacán de Ocampo||61808|16|61808||09|079|0016|Urbano|
61820|Lázaro Cárdenas|Colonia|Salvador Escalante|Michoacán de Ocampo||61808|16|61808||09|079|0017|Urbano|
61820|Opopeo|Pueblo|Salvador Escalante|Michoacán de Ocampo||61808|16|61808||28|079|2733|Urbano|
61823|Cuangatzio|Ranchería|Salvador Escalante|Michoacán de Ocampo||61808|16|61808||29|079|2736|Rural|
61823|Paso del Muerto|Ranchería|Salvador Escalante|Michoacán de Ocampo||61808|16|61808||29|079|2737|Rural|
61824|Turirán|Ranchería|Salvador Escalante|Michoacán de Ocampo||61808|16|61808||29|079|2735|Rural|
61824|El Tepetate|Ranchería|Salvador Escalante|Michoacán de Ocampo||61808|16|61808||29|079|2738|Rural|
61825|Los Palmitos|Rancho|Salvador Escalante|Michoacán de Ocampo||61808|16|61808||48|079|0038|Rural|
61827|Felipe Tzintzun (La Mesa)|Ranchería|Salvador Escalante|Michoacán de Ocampo||61808|16|61808||29|079|0026|Rural|
61827|La Estacada|Ranchería|Salvador Escalante|Michoacán de Ocampo||61808|16|61808||29|079|0029|Rural|
61827|San Gregorio|Ranchería|Salvador Escalante|Michoacán de Ocampo||61808|16|61808||29|079|2734|Rural|
61830|7 de Marzo|Colonia|Ario|Michoacán de Ocampo||61831|16|61831||09|009|0002|Urbano|
61830|Adolfo López Mateos|Fraccionamiento|Ario|Michoacán de Ocampo||61831|16|61831||21|009|0003|Urbano|
61830|Cruz de Argote|Colonia|Ario|Michoacán de Ocampo||61831|16|61831||09|009|0004|Urbano|
61830|Citlalmina|Colonia|Ario|Michoacán de Ocampo||61831|16|61831||09|009|0005|Urbano|
61830|Cuauhtémoc|Colonia|Ario|Michoacán de Ocampo||61831|16|61831||09|009|0006|Urbano|
61830|Cuna del Poder|Colonia|Ario|Michoacán de Ocampo||61831|16|61831||09|009|0007|Urbano|
61830|Ejidal Tunuacuaro|Colonia|Ario|Michoacán de Ocampo||61831|16|61831||09|009|0008|Urbano|
61830|Fresnos|Colonia|Ario|Michoacán de Ocampo||61831|16|61831||09|009|0009|Urbano|
61830|H. Ayuntamiento|Fraccionamiento|Ario|Michoacán de Ocampo||61831|16|61831||21|009|0010|Urbano|
61830|Jardines de Santa María|Colonia|Ario|Michoacán de Ocampo||61831|16|61831||09|009|0011|Urbano|
61830|Justicia y Libertad Democrática|Colonia|Ario|Michoacán de Ocampo||61831|16|61831||09|009|0012|Urbano|
61830|Lindavista|Colonia|Ario|Michoacán de Ocampo||61831|16|61831||09|009|0013|Urbano|
61830|Loma Linda|Colonia|Ario|Michoacán de Ocampo||61831|16|61831||09|009|0014|Urbano|
61830|Lomas del Castillo|Colonia|Ario|Michoacán de Ocampo||61831|16|61831||09|009|0015|Urbano|
61830|Los Fresnos|Colonia|Ario|Michoacán de Ocampo||61831|16|61831||09|009|0016|Urbano|
61830|Luis Donaldo Colosio|Colonia|Ario|Michoacán de Ocampo||61831|16|61831||09|009|0017|Urbano|
61830|Morelos|Colonia|Ario|Michoacán de Ocampo||61831|16|61831||09|009|0018|Urbano|
61830|Obrera (Popular)|Colonia|Ario|Michoacán de Ocampo||61831|16|61831||09|009|0019|Urbano|
61830|Ramírez|Colonia|Ario|Michoacán de Ocampo||61831|16|61831||09|009|0020|Urbano|
61830|Veronica López|Colonia|Ario|Michoacán de Ocampo||61831|16|61831||09|009|0021|Urbano|
61830|Víctor Rosales|Colonia|Ario|Michoacán de Ocampo||61831|16|61831||09|009|0022|Urbano|
61830|Ario de Rosales|Colonia|Ario|Michoacán de Ocampo||61831|16|61831||09|009|2739|Urbano|
61830|Une Aeropuerto|Colonia|Ario|Michoacán de Ocampo||61831|16|61831||09|009|4921|Urbano|
61833|Buensuceso|Ranchería|Ario|Michoacán de Ocampo||61831|16|61831||29|009|0027|Rural|
61833|Canoas|Rancho|Ario|Michoacán de Ocampo||61831|16|61831||48|009|0028|Rural|
61833|Chuén|Ranchería|Ario|Michoacán de Ocampo||61831|16|61831||29|009|0029|Rural|
61833|El Pinalito|Rancho|Ario|Michoacán de Ocampo||61831|16|61831||48|009|0043|Rural|
61833|El Timbinal|Rancho|Ario|Michoacán de Ocampo||61831|16|61831||48|009|0049|Rural|
61833|La Bodega (Las Mesas)|Rancho|Ario|Michoacán de Ocampo||61831|16|61831||48|009|0051|Rural|
61833|La Pequeña|Rancho|Ario|Michoacán de Ocampo||61831|16|61831||48|009|0065|Rural|
61833|Las Vigas|Rancho|Ario|Michoacán de Ocampo||61831|16|61831||48|009|0072|Rural|
61833|Nuevo de Chuén|Ranchería|Ario|Michoacán de Ocampo||61831|16|61831||29|009|0082|Rural|
61833|Planillas|Rancho|Ario|Michoacán de Ocampo||61831|16|61831||48|009|0087|Rural|
61833|Potrerillos de Chuén|Ranchería|Ario|Michoacán de Ocampo||61831|16|61831||29|009|0088|Rural|
61833|Tres Palos|Ranchería|Ario|Michoacán de Ocampo||61831|16|61831||29|009|0097|Rural|
61834|Agua Zarca de Oriente (El Cazo)|Rancho|Ario|Michoacán de Ocampo||61831|16|61831||48|009|0024|Rural|
61834|La Barra (La Barra Grande)|Ejido|Ario|Michoacán de Ocampo||61831|16|61831||15|009|2743|Rural|
61835|El Colorín|Rancho|Ario|Michoacán de Ocampo||61831|16|61831||48|009|0035|Rural|
61835|El Mirador|Rancho|Ario|Michoacán de Ocampo||61831|16|61831||48|009|0039|Rural|
61835|La Compañía|Rancho|Ario|Michoacán de Ocampo||61831|16|61831||48|009|0054|Rural|
61835|La Fábrica|Rancho|Ario|Michoacán de Ocampo||61831|16|61831||48|009|0057|Rural|
61835|La Ortiga|Rancho|Ario|Michoacán de Ocampo||61831|16|61831||48|009|0063|Rural|
61835|Las Pajas|Rancho|Ario|Michoacán de Ocampo||61831|16|61831||48|009|0070|Rural|
61835|Ojo Zarco|Rancho|Ario|Michoacán de Ocampo||61831|16|61831||48|009|0083|Rural|
61835|San Cayetano|Rancho|Ario|Michoacán de Ocampo||61831|16|61831||48|009|0092|Rural|
61835|Tirindiritzio (Tirindiricho)|Rancho|Ario|Michoacán de Ocampo||61831|16|61831||48|009|0095|Rural|
61835|Araparícuaro|Ejido|Ario|Michoacán de Ocampo||61831|16|61831||15|009|2744|Rural|
61835|Las Maravillas|Rancho|Ario|Michoacán de Ocampo||61831|16|61831||48|009|6048|Rural|
61835|Los Pareos|Pueblo|Ario|Michoacán de Ocampo||61831|16|61831||28|009|6289|Rural|
61836|La Escondida|Rancho|Ario|Michoacán de Ocampo||61831|16|61831||48|009|0056|Rural|
61836|Mesa del Manzanillo|Ranchería|Ario|Michoacán de Ocampo||61831|16|61831||29|009|0080|Rural|
61836|El Tepamal|Ejido|Ario|Michoacán de Ocampo||61831|16|61831||15|009|2740|Rural|
61836|El Chupadero|Ejido|Ario|Michoacán de Ocampo||61831|16|61831||15|009|2745|Rural|
61836|Zatzio (Tzatzio)|Ejido|Ario|Michoacán de Ocampo||61831|16|61831||15|009|2746|Rural|
61837|Buenavista|Rancho|Ario|Michoacán de Ocampo||61831|16|61831||48|009|0026|Rural|
61837|El Moral|Rancho|Ario|Michoacán de Ocampo||61831|16|61831||48|009|0040|Rural|
61837|El Potrero de Pablo Cuin (Altito de Pablo Cuin)|Ranchería|Ario|Michoacán de Ocampo||61831|16|61831||29|009|0044|Rural|
61837|La Finca (El Ojo de Agua)|Rancho|Ario|Michoacán de Ocampo||61831|16|61831||48|009|0058|Rural|
61837|La Hacienda Quemada|Rancho|Ario|Michoacán de Ocampo||61831|16|61831||48|009|0060|Rural|
61837|Manzanillo Grande|Rancho|Ario|Michoacán de Ocampo||61831|16|61831||48|009|0079|Rural|
61837|Palma de Altamira (Palma de Juárez)|Ejido|Ario|Michoacán de Ocampo||61831|16|61831||15|009|2741|Rural|
61837|El Calabozo|Ejido|Ario|Michoacán de Ocampo||61831|16|61831||15|009|2747|Rural|
61837|Manzanillo Chico|Ejido|Ario|Michoacán de Ocampo||61831|16|61831||15|009|2748|Rural|
61837|Pablo Cuin|Ejido|Ario|Michoacán de Ocampo||61831|16|61831||15|009|2749|Rural|
61837|Tunácuaro|Ejido|Ario|Michoacán de Ocampo||61831|16|61831||15|009|2750|Rural|
61838|Los Morales|Rancho|Ario|Michoacán de Ocampo||61831|16|61831||48|009|0031|Rural|
61838|La Cantera|Ranchería|Ario|Michoacán de Ocampo||61831|16|61831||29|009|0052|Rural|
61838|Las Cruces|Rancho|Ario|Michoacán de Ocampo||61831|16|61831||48|009|0067|Rural|
61838|San Rafael|Rancho|Ario|Michoacán de Ocampo||61831|16|61831||48|009|0093|Rural|
61838|El Arenal|Ejido|Ario|Michoacán de Ocampo||61831|16|61831||15|009|2751|Rural|
61838|La Sandía|Ejido|Ario|Michoacán de Ocampo||61831|16|61831||15|009|2752|Rural|
61838|Puentecillas|Ejido|Ario|Michoacán de Ocampo||61831|16|61831||15|009|2753|Rural|
61839|El Caracol|Rancho|Ario|Michoacán de Ocampo||61831|16|61831||48|009|0032|Rural|
61839|Nuevo Centro de Población Ejidal Lázaro Cárdenas|Rancho|Ario|Michoacán de Ocampo||61831|16|61831||48|009|0081|Rural|
61839|San José de Chuén|Ranchería|Ario|Michoacán de Ocampo||61831|16|61831||29|009|2754|Rural|
61839|Tipitarillo|Pueblo|Ario|Michoacán de Ocampo||61831|16|61831||28|009|4003|Rural|
61840|El Valle (Valle Nuevo)|Ranchería|Ario|Michoacán de Ocampo||61831|16|61831||29|009|0001|Rural|
61840|Las Limas|Rancho|Ario|Michoacán de Ocampo||61831|16|61831||48|009|0069|Rural|
61840|Los Tumines (Poblado de los Ates)|Pueblo|Ario|Michoacán de Ocampo||61831|16|61831||28|009|0077|Rural|
61840|Doctor Miguel Silva Macías|Pueblo|Ario|Michoacán de Ocampo||61831|16|61831||28|009|2755|Rural|
61844|África|Rancho|Ario|Michoacán de Ocampo||61831|16|61831||48|009|0023|Rural|
61844|El Guayabo Colorado|Ranchería|Ario|Michoacán de Ocampo||61831|16|61831||29|009|0038|Rural|
61844|El Otatal|Rancho|Ario|Michoacán de Ocampo||61831|16|61831||48|009|0042|Rural|
61844|El Saucito (Potrero de los Bueyes)|Rancho|Ario|Michoacán de Ocampo||61831|16|61831||48|009|0047|Rural|
61844|Tres Palos|Rancho|Ario|Michoacán de Ocampo||61831|16|61831||48|009|0096|Rural|
61844|La Parota|Rancho|Ario|Michoacán de Ocampo||61831|16|61831||48|009|0099|Rural|
61844|El Ortigalito|Ejido|Ario|Michoacán de Ocampo||61831|16|61831||15|009|2759|Rural|
61844|Palma Cuata|Ejido|Ario|Michoacán de Ocampo||61831|16|61831||15|009|2760|Rural|
61845|Corral de Tierra|Rancho|Ario|Michoacán de Ocampo||61831|16|61831||48|009|0030|Rural|
61845|El Mortero|Rancho|Ario|Michoacán de Ocampo||61831|16|61831||48|009|0041|Rural|
61845|El Tejamanil|Ranchería|Ario|Michoacán de Ocampo||61831|16|61831||29|009|0048|Rural|
61845|La Joyita|Rancho|Ario|Michoacán de Ocampo||61831|16|61831||48|009|0062|Rural|
61845|La Peña del Tecolote|Rancho|Ario|Michoacán de Ocampo||61831|16|61831||48|009|0064|Rural|
61845|Las Canalejas|Ranchería|Ario|Michoacán de Ocampo||61831|16|61831||29|009|0066|Rural|
61845|Mano de Ayuda|Rancho|Ario|Michoacán de Ocampo||61831|16|61831||48|009|0078|Rural|
61845|Pedrisco|Rancho|Ario|Michoacán de Ocampo||61831|16|61831||48|009|0085|Rural|
61845|Rancho Nuevo (Colimilla)|Ranchería|Ario|Michoacán de Ocampo||61831|16|61831||29|009|0090|Rural|
61845|Tahuenambo (Tabuenambo)|Ranchería|Ario|Michoacán de Ocampo||61831|16|61831||29|009|0094|Rural|
61845|La Playa de Guadalupe|Ejido|Ario|Michoacán de Ocampo||61831|16|61831||15|009|2756|Rural|
61845|El Cangrejo|Ejido|Ario|Michoacán de Ocampo||61831|16|61831||15|009|2758|Rural|
61845|Cuarayo|Ranchería|Ario|Michoacán de Ocampo||61831|16|61831||29|009|2761|Rural|
61845|El Limón del Tejamanil|Ejido|Ario|Michoacán de Ocampo||61831|16|61831||15|009|2762|Rural|
61845|San José de las Cañas|Ejido|Ario|Michoacán de Ocampo||61831|16|61831||15|009|2763|Rural|
61845|Buena Vista del Sur|Ranchería|Ario|Michoacán de Ocampo||61831|16|61831||29|009|6591|Rural|
61846|El Carrizalillo de Urapa|Ranchería|Ario|Michoacán de Ocampo||61831|16|61831||29|009|0033|Rural|
61846|El Durazno|Ranchería|Ario|Michoacán de Ocampo||61831|16|61831||29|009|0036|Rural|
61846|El Puerto de Urapa|Rancho|Ario|Michoacán de Ocampo||61831|16|61831||48|009|0045|Rural|
61846|La Jabonera (La Encinera)|Rancho|Ario|Michoacán de Ocampo||61831|16|61831||48|009|0061|Rural|
61846|Las Puentes|Pueblo|Ario|Michoacán de Ocampo||61831|16|61831||28|009|0071|Rural|
61846|Rincón de la Yerbabuena (Rincón del Burro)|Rancho|Ario|Michoacán de Ocampo||61831|16|61831||48|009|0091|Rural|
61846|El Moral|Ejido|Ario|Michoacán de Ocampo||61831|16|61831||15|009|2764|Rural|
61846|Las Caramicuas|Ejido|Ario|Michoacán de Ocampo||61831|16|61831||15|009|2765|Rural|
61847|El Salto de Urapa|Rancho|Ario|Michoacán de Ocampo||61831|16|61831||48|009|0046|Rural|
61847|Las Escobillas|Ranchería|Ario|Michoacán de Ocampo||61831|16|61831||29|009|0068|Rural|
61847|Puerta del Durazno|Rancho|Ario|Michoacán de Ocampo||61831|16|61831||48|009|0089|Rural|
61847|Urapa|Pueblo|Ario|Michoacán de Ocampo||61831|16|61831||28|009|2757|Rural|
61847|La Campana|Ejido|Ario|Michoacán de Ocampo||61831|16|61831||15|009|2766|Rural|
61847|La Chuparrosa|Ejido|Ario|Michoacán de Ocampo||61831|16|61831||15|009|2767|Rural|
61848|Agua Zarca del Sur|Rancho|Ario|Michoacán de Ocampo||61831|16|61831||48|009|0025|Rural|
61848|El Embarcadero (El Chaparral)|Rancho|Ario|Michoacán de Ocampo||61831|16|61831||48|009|0037|Rural|
61848|La Entrada de Puente Alto|Rancho|Ario|Michoacán de Ocampo||61831|16|61831||48|009|0055|Rural|
61848|La Golondrina|Rancho|Ario|Michoacán de Ocampo||61831|16|61831||48|009|0059|Rural|
61848|Llano Grande (La Bellota)|Rancho|Ario|Michoacán de Ocampo||61831|16|61831||48|009|0073|Rural|
61848|Los Negros|Ranchería|Ario|Michoacán de Ocampo||61831|16|61831||29|009|0076|Rural|
61848|Paso Real|Ranchería|Ario|Michoacán de Ocampo||61831|16|61831||29|009|0084|Rural|
61848|Plan de las Víboras|Rancho|Ario|Michoacán de Ocampo||61831|16|61831||48|009|0086|Rural|
61848|El Puente Alto|Ranchería|Ario|Michoacán de Ocampo||61831|16|61831||29|009|2768|Rural|
61848|La Cebadilla (La Hacienda)|Ejido|Ario|Michoacán de Ocampo||61831|16|61831||15|009|2769|Rural|
61849|El Ciprés|Rancho|Ario|Michoacán de Ocampo||61831|16|61831||48|009|0034|Rural|
61849|La Barrita (La Barra Chica)|Ranchería|Ario|Michoacán de Ocampo||61831|16|61831||29|009|0050|Rural|
61849|La Chachalaca|Rancho|Ario|Michoacán de Ocampo||61831|16|61831||48|009|0053|Rural|
61849|El Agostadero|Ranchería|Ario|Michoacán de Ocampo||61831|16|61831||29|009|2770|Rural|
61850|Centro|Colonia|La Huacana|Michoacán de Ocampo||61853|16|61853||09|035|2775|Urbano|
61850|Buenos Aires|Colonia|La Huacana|Michoacán de Ocampo||61853|16|61853||09|035|6448|Urbano|
61850|Vicente Guerrero|Fraccionamiento|La Huacana|Michoacán de Ocampo||61853|16|61853||21|035|6449|Urbano|
61850|El Pedregal|Colonia|La Huacana|Michoacán de Ocampo||61853|16|61853||09|035|6450|Urbano|
61850|Emiliano Zapata|Colonia|La Huacana|Michoacán de Ocampo||61853|16|61853||09|035|6451|Urbano|
61850|Ernesto Rodríguez|Colonia|La Huacana|Michoacán de Ocampo||61853|16|61853||09|035|6452|Urbano|
61850|Generalísimo Morelos|Fraccionamiento|La Huacana|Michoacán de Ocampo||61853|16|61853||21|035|6453|Urbano|
61850|Linda Vista|Colonia|La Huacana|Michoacán de Ocampo||61853|16|61853||09|035|6454|Urbano|
61850|Lázaro Cárdenas|Colonia|La Huacana|Michoacán de Ocampo||61853|16|61853||09|035|6455|Urbano|
61850|PRONASOL|Colonia|La Huacana|Michoacán de Ocampo||61853|16|61853||09|035|6456|Urbano|
61850|Universidad Michoacana|Colonia|La Huacana|Michoacán de Ocampo||61853|16|61853||09|035|6457|Urbano|
61850|Valladolid|Colonia|La Huacana|Michoacán de Ocampo||61853|16|61853||09|035|6458|Urbano|
61850|Vasco de Quiroga|Colonia|La Huacana|Michoacán de Ocampo||61853|16|61853||09|035|6459|Urbano|
61852|San José Cayaco (Cayaco)|Ranchería|La Huacana|Michoacán de Ocampo||61853|16|61853||29|035|2783|Rural|
61852|David C. Manjarrez|Ranchería|La Huacana|Michoacán de Ocampo||61853|16|61853||29|035|6470|Rural|
61852|El Cóbano|Ranchería|La Huacana|Michoacán de Ocampo||61853|16|61853||29|035|6478|Rural|
61852|El Varillo (El Salto del Varillo)|Ranchería|La Huacana|Michoacán de Ocampo||61853|16|61853||29|035|6506|Rural|
61852|La Curuca|Ranchería|La Huacana|Michoacán de Ocampo||61853|16|61853||29|035|6511|Rural|
61852|La Galera|Ranchería|La Huacana|Michoacán de Ocampo||61853|16|61853||29|035|6512|Rural|
61852|La Huerta de Cayaco|Ranchería|La Huacana|Michoacán de Ocampo||61853|16|61853||29|035|6514|Rural|
61852|La Joya de Álvarez|Ranchería|La Huacana|Michoacán de Ocampo||61853|16|61853||29|035|6515|Rural|
61852|Lajita de Cayaco|Ranchería|La Huacana|Michoacán de Ocampo||61853|16|61853||29|035|6532|Rural|
61852|Las Caramicuas|Ranchería|La Huacana|Michoacán de Ocampo||61853|16|61853||29|035|6534|Rural|
61854|Manga de Chávez|Ejido|La Huacana|Michoacán de Ocampo||61853|16|61853||15|035|2778|Rural|
61854|Pedro y Pablo (Los Dolores)|Ejido|La Huacana|Michoacán de Ocampo||61853|16|61853||15|035|2779|Rural|
61854|El Valle|Ranchería|La Huacana|Michoacán de Ocampo||61853|16|61853||29|035|2786|Rural|
61854|El Palmar|Ranchería|La Huacana|Michoacán de Ocampo||61853|16|61853||29|035|6489|Rural|
61854|El Recreo|Ranchería|La Huacana|Michoacán de Ocampo||61853|16|61853||29|035|6496|Rural|
61854|El Trozo|Ranchería|La Huacana|Michoacán de Ocampo||61853|16|61853||29|035|6505|Rural|
61854|Ichamio|Colonia|La Huacana|Michoacán de Ocampo||61853|16|61853||09|035|6507|Rural|
61854|La Pinzanera|Ranchería|La Huacana|Michoacán de Ocampo||61853|16|61853||29|035|6528|Rural|
61854|La Zauda (La Colonia)|Ranchería|La Huacana|Michoacán de Ocampo||61853|16|61853||29|035|6531|Rural|
61854|Ojo de Agua de San Ignacio (San Ignacio)|Ranchería|La Huacana|Michoacán de Ocampo||61853|16|61853||29|035|6546|Rural|
61854|Tizatal|Ranchería|La Huacana|Michoacán de Ocampo||61853|16|61853||29|035|6562|Rural|
61855|Huatzirán (Huachirán)|Ejido|La Huacana|Michoacán de Ocampo||61853|16|61853||15|035|2774|Rural|
61855|Cerrito Colorado|Ranchería|La Huacana|Michoacán de Ocampo||61853|16|61853||29|035|2785|Rural|
61855|El Palmarcito|Ranchería|La Huacana|Michoacán de Ocampo||61853|16|61853||29|035|6490|Rural|
61855|El Terrero (El Cuatro)|Ranchería|La Huacana|Michoacán de Ocampo||61853|16|61853||29|035|6504|Rural|
61855|Jagüey|Ranchería|La Huacana|Michoacán de Ocampo||61853|16|61853||29|035|6508|Rural|
61855|La Lajita|Ranchería|La Huacana|Michoacán de Ocampo||61853|16|61853||29|035|6518|Rural|
61855|Los Placeres|Ranchería|La Huacana|Michoacán de Ocampo||61853|16|61853||29|035|6542|Rural|
61856|Agua Blanca|Ejido|La Huacana|Michoacán de Ocampo||61853|16|61853||15|035|2771|Rural|
61856|Naranjo de Jorullo|Ejido|La Huacana|Michoacán de Ocampo||61853|16|61853||15|035|2772|Rural|
61856|Copales|Ejido|La Huacana|Michoacán de Ocampo||61853|16|61853||15|035|2776|Rural|
61856|San Ignacio|Ejido|La Huacana|Michoacán de Ocampo||61853|16|61853||15|035|2780|Rural|
61856|El Arroyo del Espíritu Santo|Ranchería|La Huacana|Michoacán de Ocampo||61853|16|61853||29|035|6472|Rural|
61856|El Estradito|Ranchería|La Huacana|Michoacán de Ocampo||61853|16|61853||29|035|6483|Rural|
61856|El Limón de Jorullo (El Limón)|Ranchería|La Huacana|Michoacán de Ocampo||61853|16|61853||29|035|6485|Rural|
61856|El Ranchito|Ranchería|La Huacana|Michoacán de Ocampo||61853|16|61853||29|035|6494|Rural|
61856|El Remate|Ranchería|La Huacana|Michoacán de Ocampo||61853|16|61853||29|035|6497|Rural|
61856|El Salitrillo|Ranchería|La Huacana|Michoacán de Ocampo||61853|16|61853||29|035|6500|Rural|
61856|La Maroma|Ranchería|La Huacana|Michoacán de Ocampo||61853|16|61853||29|035|6521|Rural|
61856|La Pedregosa|Ranchería|La Huacana|Michoacán de Ocampo||61853|16|61853||29|035|6524|Rural|
61856|Las Pilas|Ranchería|La Huacana|Michoacán de Ocampo||61853|16|61853||29|035|6539|Rural|
61856|Mata de Plátano|Ranchería|La Huacana|Michoacán de Ocampo||61853|16|61853||29|035|6544|Rural|
61856|Puerta de la Playa|Ranchería|La Huacana|Michoacán de Ocampo||61853|16|61853||29|035|6550|Rural|
61856|Santa María (Changungal)|Ranchería|La Huacana|Michoacán de Ocampo||61853|16|61853||29|035|6559|Rural|
61856|Santa Mónica|Ranchería|La Huacana|Michoacán de Ocampo||61853|16|61853||29|035|6560|Rural|
61856|Zapote de Jorullo (El Zapote)|Ranchería|La Huacana|Michoacán de Ocampo||61853|16|61853||29|035|6564|Rural|
61857|Fincas de Inguarán|Ranchería|La Huacana|Michoacán de Ocampo||61853|16|61853||29|035|2773|Rural|
61857|Manga de Cuimbo|Ejido|La Huacana|Michoacán de Ocampo||61853|16|61853||15|035|2777|Rural|
61857|San Pedro Jorullo|Ranchería|La Huacana|Michoacán de Ocampo||61853|16|61853||29|035|2781|Rural|
61857|Cuimbo|Ranchería|La Huacana|Michoacán de Ocampo||61853|16|61853||29|035|6469|Rural|
61857|El Carro|Ranchería|La Huacana|Michoacán de Ocampo||61853|16|61853||29|035|6475|Rural|
61857|El Naranjito (Limón de Jorullo)|Ranchería|La Huacana|Michoacán de Ocampo||61853|16|61853||29|035|6488|Rural|
61857|La Palmita de Cayaco|Ranchería|La Huacana|Michoacán de Ocampo||61853|16|61853||29|035|6523|Rural|
61857|Nuevo Inguarán (San Nicolás)|Ranchería|La Huacana|Michoacán de Ocampo||61853|16|61853||29|035|6545|Rural|
61857|Pueblo Viejo|Ranchería|La Huacana|Michoacán de Ocampo||61853|16|61853||29|035|6549|Rural|
61857|Puerto el Limón|Ranchería|La Huacana|Michoacán de Ocampo||61853|16|61853||29|035|6552|Rural|
61857|Zapoturo|Ranchería|La Huacana|Michoacán de Ocampo||61853|16|61853||29|035|6566|Rural|
61858|El Algodón de Oropeo|Pueblo|La Huacana|Michoacán de Ocampo||61853|16|61853||28|035|2782|Rural|
61858|Las Higueras|Pueblo|La Huacana|Michoacán de Ocampo||61853|16|61853||28|035|4022|Rural|
61858|El Arronjadero|Ranchería|La Huacana|Michoacán de Ocampo||61853|16|61853||29|035|6471|Rural|
61858|El Capire de Oropeo|Ranchería|La Huacana|Michoacán de Ocampo||61853|16|61853||29|035|6474|Rural|
61858|La Peña|Ranchería|La Huacana|Michoacán de Ocampo||61853|16|61853||29|035|6525|Rural|
61858|Las Anonas|Ranchería|La Huacana|Michoacán de Ocampo||61853|16|61853||29|035|6533|Rural|
61858|Oropeo|Ranchería|La Huacana|Michoacán de Ocampo||61853|16|61853||29|035|6547|Rural|
61858|Rincón de Potrerillos (Potrerillos)|Ranchería|La Huacana|Michoacán de Ocampo||61853|16|61853||29|035|6555|Rural|
61860|Zicuirán|Pueblo|La Huacana|Michoacán de Ocampo||61761|16|61761||28|035|2789|Urbano|
61860|Bachilleres|Colonia|La Huacana|Michoacán de Ocampo||61761|16|61761||09|035|6460|Urbano|
61860|El Arenal|Colonia|La Huacana|Michoacán de Ocampo||61761|16|61761||09|035|6461|Urbano|
61860|El Barrio Negro|Colonia|La Huacana|Michoacán de Ocampo||61761|16|61761||09|035|6462|Urbano|
61860|El Mirador|Colonia|La Huacana|Michoacán de Ocampo||61761|16|61761||09|035|6463|Urbano|
61860|Rincón del Sapo|Colonia|La Huacana|Michoacán de Ocampo||61761|16|61761||09|035|6464|Urbano|
61863|Hacienda Vieja|Ranchería|La Huacana|Michoacán de Ocampo||61853|16|61853||29|035|2790|Rural|
61863|Sin Agua (Rancho Nuevo)|Pueblo|La Huacana|Michoacán de Ocampo||61853|16|61853||28|035|4020|Rural|
61863|Las Cruces (Las Crucitas)|Pueblo|La Huacana|Michoacán de Ocampo||61853|16|61853||28|035|4021|Rural|
61863|San Miguel Silahua (La Nopalera)|Pueblo|La Huacana|Michoacán de Ocampo||61853|16|61853||28|035|4023|Rural|
61863|El Canelo|Pueblo|La Huacana|Michoacán de Ocampo||61853|16|61853||28|035|4024|Rural|
61863|Guadalupe de Oropeo|Pueblo|La Huacana|Michoacán de Ocampo||61853|16|61853||28|035|4026|Rural|
61863|El Coco (El Guache)|Ranchería|La Huacana|Michoacán de Ocampo||61853|16|61853||29|035|6479|Rural|
61863|El Escobetillo|Ranchería|La Huacana|Michoacán de Ocampo||61853|16|61853||29|035|6482|Rural|
61863|El Lindero|Ranchería|La Huacana|Michoacán de Ocampo||61853|16|61853||29|035|6487|Rural|
61863|El Reparo de Luna|Ranchería|La Huacana|Michoacán de Ocampo||61853|16|61853||29|035|6498|Rural|
61863|Rincón de León|Ranchería|La Huacana|Michoacán de Ocampo||61853|16|61853||29|035|6554|Rural|
61864|Naranjo de Tziritzícuaro|Ranchería|La Huacana|Michoacán de Ocampo||61853|16|61853||29|035|2788|Rural|
61864|Conguripo|Ranchería|La Huacana|Michoacán de Ocampo||61853|16|61853||29|035|6468|Rural|
61864|El León Colgado|Ranchería|La Huacana|Michoacán de Ocampo||61853|16|61853||29|035|6484|Rural|
61864|El Recodo|Ranchería|La Huacana|Michoacán de Ocampo||61853|16|61853||29|035|6495|Rural|
61864|La Laguna|Ranchería|La Huacana|Michoacán de Ocampo||61853|16|61853||29|035|6516|Rural|
61864|La Manga|Ranchería|La Huacana|Michoacán de Ocampo||61853|16|61853||29|035|6519|Rural|
61864|Las Colonias|Ranchería|La Huacana|Michoacán de Ocampo||61853|16|61853||29|035|6536|Rural|
61864|Las Joyas|Ranchería|La Huacana|Michoacán de Ocampo||61853|16|61853||29|035|6538|Rural|
61864|Los Adobes|Ranchería|La Huacana|Michoacán de Ocampo||61853|16|61853||29|035|6540|Rural|
61864|Puerta Vieja|Ranchería|La Huacana|Michoacán de Ocampo||61853|16|61853||29|035|6551|Rural|
61864|San Isidro|Ranchería|La Huacana|Michoacán de Ocampo||61853|16|61853||29|035|6556|Rural|
61865|La Caja de Zicuirán (El Jazmín)|Pueblo|La Huacana|Michoacán de Ocampo||61853|16|61853||28|035|4019|Rural|
61865|El Caimancito|Ranchería|La Huacana|Michoacán de Ocampo||61853|16|61853||29|035|6473|Rural|
61865|El Ciruelo|Ranchería|La Huacana|Michoacán de Ocampo||61853|16|61853||29|035|6477|Rural|
61865|El Colorado|Ranchería|La Huacana|Michoacán de Ocampo||61853|16|61853||29|035|6480|Rural|
61865|El Embarcadero|Ranchería|La Huacana|Michoacán de Ocampo||61853|16|61853||29|035|6481|Rural|
61865|El Pitayo|Ranchería|La Huacana|Michoacán de Ocampo||61853|16|61853||29|035|6492|Rural|
61865|El Rincón del Mezquite|Ranchería|La Huacana|Michoacán de Ocampo||61853|16|61853||29|035|6499|Rural|
61865|El Tepetate|Ranchería|La Huacana|Michoacán de Ocampo||61853|16|61853||29|035|6503|Rural|
61865|La Caja de Zicuirán|Ranchería|La Huacana|Michoacán de Ocampo||61853|16|61853||29|035|6510|Rural|
61865|La Laja|Ranchería|La Huacana|Michoacán de Ocampo||61853|16|61853||29|035|6517|Rural|
61865|La Ordeñita|Ranchería|La Huacana|Michoacán de Ocampo||61853|16|61853||29|035|6522|Rural|
61865|La Presa de Zicuirán|Ranchería|La Huacana|Michoacán de Ocampo||61853|16|61853||29|035|6529|Rural|
61865|La Puerta del Ciruelo|Ranchería|La Huacana|Michoacán de Ocampo||61853|16|61853||29|035|6530|Rural|
61866|Tamo|Pueblo|La Huacana|Michoacán de Ocampo||61853|16|61853||28|035|4025|Rural|
61866|La Máquina|Ranchería|La Huacana|Michoacán de Ocampo||61853|16|61853||29|035|6520|Rural|
61866|Piedra Verde|Ranchería|La Huacana|Michoacán de Ocampo||61853|16|61853||29|035|6548|Rural|
61866|San Miguel de la Laguna (Las Estancias)|Ranchería|La Huacana|Michoacán de Ocampo||61853|16|61853||29|035|6557|Rural|
61868|El Cháuz|Ejido|La Huacana|Michoacán de Ocampo||61761|16|61761||15|035|2793|Rural|
61868|El Chorlito|Ranchería|La Huacana|Michoacán de Ocampo||61761|16|61761||29|035|6476|Rural|
61868|La Gallina (Vista Hermosa)|Ranchería|La Huacana|Michoacán de Ocampo||61761|16|61761||29|035|6513|Rural|
61868|Mártires de Gámbara (La Parota)|Ranchería|La Huacana|Michoacán de Ocampo||61761|16|61761||29|035|6543|Rural|
61868|Terrero de Zicuirán (Los Terreritos)|Ranchería|La Huacana|Michoacán de Ocampo||61761|16|61761||29|035|6561|Rural|
61868|Villahermosa|Ranchería|La Huacana|Michoacán de Ocampo||61761|16|61761||29|035|6563|Rural|
61870|Cupuán del Río|Ejido|La Huacana|Michoacán de Ocampo||61761|16|61761||15|035|2794|Rural|
61873|Los Olivos|Pueblo|La Huacana|Michoacán de Ocampo||61853|16|61853||28|035|3978|Rural|
61873|El Chilar|Pueblo|La Huacana|Michoacán de Ocampo||61853|16|61853||28|035|3980|Rural|
61873|Arroyo Hondo|Ranchería|La Huacana|Michoacán de Ocampo||61853|16|61853||29|035|6465|Rural|
61874|San Francisco de los Ranchos|Ejido|La Huacana|Michoacán de Ocampo||61853|16|61853||15|035|2792|Rural|
61874|Bellas Fuentes (Nuevo Centro)|Pueblo|La Huacana|Michoacán de Ocampo||61853|16|61853||28|035|3981|Rural|
61874|El Limoncito|Ranchería|La Huacana|Michoacán de Ocampo||61853|16|61853||29|035|6486|Rural|
61874|La Algodonera|Ranchería|La Huacana|Michoacán de Ocampo||61853|16|61853||29|035|6509|Rural|
61874|Los Ciriancitos|Ranchería|La Huacana|Michoacán de Ocampo||61853|16|61853||29|035|6541|Rural|
61874|San Pedro Barajas|Ranchería|La Huacana|Michoacán de Ocampo||61853|16|61853||29|035|6558|Rural|
61875|Los Pocitos|Ranchería|La Huacana|Michoacán de Ocampo||61853|16|61853||29|035|2795|Rural|
61875|Chilarillo|Ranchería|La Huacana|Michoacán de Ocampo||61853|16|61853||29|035|6467|Rural|
61875|El Pedrisco|Ranchería|La Huacana|Michoacán de Ocampo||61853|16|61853||29|035|6491|Rural|
61875|Puerto San Simón (Cerro de Burras)|Ranchería|La Huacana|Michoacán de Ocampo||61853|16|61853||29|035|6553|Rural|
61877|El Tanque|Ranchería|La Huacana|Michoacán de Ocampo||61853|16|61853||29|035|6501|Rural|
61877|La Piedra|Ranchería|La Huacana|Michoacán de Ocampo||61853|16|61853||29|035|6527|Rural|
61878|Potrerillos de Rentería (Cupuancillo)|Pueblo|La Huacana|Michoacán de Ocampo||61853|16|61853||28|035|3979|Rural|
61878|El Pochote (La Ordeña)|Ranchería|La Huacana|Michoacán de Ocampo||61853|16|61853||29|035|6493|Rural|
61878|El Tepetate|Ranchería|La Huacana|Michoacán de Ocampo||61853|16|61853||29|035|6502|Rural|
61878|La Peña de Ducuán|Ranchería|La Huacana|Michoacán de Ocampo||61853|16|61853||29|035|6526|Rural|
61878|Las Cuatas|Ranchería|La Huacana|Michoacán de Ocampo||61853|16|61853||29|035|6537|Rural|
61878|Zapote de las Cuatas (El Zapote)|Ranchería|La Huacana|Michoacán de Ocampo||61853|16|61853||29|035|6565|Rural|
61880|Buenos Aires|Colonia|Churumuco|Michoacán de Ocampo||61853|16|61853||09|029|0001|Urbano|
61880|Campamento|Colonia|Churumuco|Michoacán de Ocampo||61853|16|61853||09|029|0002|Urbano|
61880|Corongorera|Colonia|Churumuco|Michoacán de Ocampo||61853|16|61853||09|029|0003|Urbano|
61880|Lázaro Cárdenas|Colonia|Churumuco|Michoacán de Ocampo||61853|16|61853||09|029|0004|Urbano|
61880|Melchor Ocampo|Colonia|Churumuco|Michoacán de Ocampo||61853|16|61853||09|029|0005|Urbano|
61880|Churumuco de Morelos|Pueblo|Churumuco|Michoacán de Ocampo||61853|16|61853||28|029|2797|Urbano|
61883|El Ahuijote|Ranchería|Churumuco|Michoacán de Ocampo||61853|16|61853||29|029|0012|Rural|
61883|El Cueramato|Ranchería|Churumuco|Michoacán de Ocampo||61853|16|61853||29|029|0016|Rural|
61883|La Lajita|Ranchería|Churumuco|Michoacán de Ocampo||61853|16|61853||29|029|0025|Rural|
61883|La Noria|Ranchería|Churumuco|Michoacán de Ocampo||61853|16|61853||29|029|0026|Rural|
61883|Los Cimientos|Ranchería|Churumuco|Michoacán de Ocampo||61853|16|61853||29|029|0032|Rural|
61883|Puerto de Ruedas (El Ancón)|Ranchería|Churumuco|Michoacán de Ocampo||61853|16|61853||29|029|0035|Rural|
61883|San Martín de la Luz|Ranchería|Churumuco|Michoacán de Ocampo||61853|16|61853||29|029|2810|Rural|
61883|Loma el Guayacán|Pueblo|Churumuco|Michoacán de Ocampo||61853|16|61853||28|029|4007|Rural|
61883|El Pitiral|Pueblo|Churumuco|Michoacán de Ocampo||61853|16|61853||28|029|4009|Rural|
61884|Buenavista|Ranchería|Churumuco|Michoacán de Ocampo||61853|16|61853||29|029|0006|Rural|
61884|Canipio|Ranchería|Churumuco|Michoacán de Ocampo||61853|16|61853||29|029|0007|Rural|
61884|La Cañada del Huaricho|Ranchería|Churumuco|Michoacán de Ocampo||61853|16|61853||29|029|0022|Rural|
61884|Valdovinos|Ranchería|Churumuco|Michoacán de Ocampo||61853|16|61853||29|029|0042|Rural|
61884|Palma de Huaro|Ejido|Churumuco|Michoacán de Ocampo||61853|16|61853||15|029|2800|Rural|
61884|Melchor Ocampo (Cunuato)|Pueblo|Churumuco|Michoacán de Ocampo||61853|16|61853||28|029|4010|Rural|
61884|Los Hornitos|Pueblo|Churumuco|Michoacán de Ocampo||61853|16|61853||28|029|4011|Rural|
61885|San Juan|Ranchería|Churumuco|Michoacán de Ocampo||61853|16|61853||29|029|0038|Rural|
61885|Tapamichapio|Ranchería|Churumuco|Michoacán de Ocampo||61853|16|61853||29|029|0041|Rural|
61885|La Candelaria|Ranchería|Churumuco|Michoacán de Ocampo||61853|16|61853||29|029|2799|Rural|
61885|Santa Elena|Ranchería|Churumuco|Michoacán de Ocampo||61853|16|61853||29|029|2801|Rural|
61885|Las Pilas|Ejido|Churumuco|Michoacán de Ocampo||61853|16|61853||15|029|2803|Rural|
61885|Las Flores|Pueblo|Churumuco|Michoacán de Ocampo||61853|16|61853||28|029|4008|Rural|
61885|San Martín del Naranjo|Ranchería|Churumuco|Michoacán de Ocampo||61853|16|61853||29|029|6185|Rural|
61886|Santa María|Ranchería|Churumuco|Michoacán de Ocampo||61853|16|61853||29|029|0039|Rural|
61886|Cuitzán|Pueblo|Churumuco|Michoacán de Ocampo||61853|16|61853||28|029|2796|Rural|
61886|El Cuirindal|Ranchería|Churumuco|Michoacán de Ocampo||61853|16|61853||29|029|2802|Rural|
61886|El Picacho|Pueblo|Churumuco|Michoacán de Ocampo||61853|16|61853||28|029|4013|Rural|
61887|Charapo|Ranchería|Churumuco|Michoacán de Ocampo||61853|16|61853||29|029|0008|Rural|
61887|El Cueramal|Ranchería|Churumuco|Michoacán de Ocampo||61853|16|61853||29|029|0015|Rural|
61887|El Potrero Grande|Ranchería|Churumuco|Michoacán de Ocampo||61853|16|61853||29|029|0018|Rural|
61887|Las Juntas|Ranchería|Churumuco|Michoacán de Ocampo||61853|16|61853||29|029|0028|Rural|
61887|Los Pinzanes|Ranchería|Churumuco|Michoacán de Ocampo||61853|16|61853||29|029|0033|Rural|
61887|Rincón del Otate|Ranchería|Churumuco|Michoacán de Ocampo||61853|16|61853||29|029|0036|Rural|
61887|Angamio|Pueblo|Churumuco|Michoacán de Ocampo||61853|16|61853||28|029|4006|Rural|
61890|El Olvido|Ejido|Churumuco|Michoacán de Ocampo||61853|16|61853||15|029|2804|Rural|
61890|Ojo de Agua de Poturo|Ejido|Churumuco|Michoacán de Ocampo||61853|16|61853||15|029|2805|Rural|
61890|Poturo|Pueblo|Churumuco|Michoacán de Ocampo||61853|16|61853||28|029|2806|Rural|
61892|Corralito|Ranchería|Churumuco|Michoacán de Ocampo||61853|16|61853||29|029|0010|Rural|
61892|Cuiripan|Ranchería|Churumuco|Michoacán de Ocampo||61853|16|61853||29|029|0011|Rural|
61892|El Guayabo|Ranchería|Churumuco|Michoacán de Ocampo||61853|16|61853||29|029|0017|Rural|
61892|Los Charcos|Ranchería|Churumuco|Michoacán de Ocampo||61853|16|61853||29|029|0031|Rural|
61892|La Caña|Ranchería|Churumuco|Michoacán de Ocampo||61853|16|61853||29|029|2807|Rural|
61893|Potrero de Campinchirán|Ranchería|Churumuco|Michoacán de Ocampo||61853|16|61853||29|029|0034|Rural|
61893|El Timbiriche|Ejido|Churumuco|Michoacán de Ocampo||61853|16|61853||15|029|2808|Rural|
61893|San Antonio|Pueblo|Churumuco|Michoacán de Ocampo||61853|16|61853||28|029|4014|Rural|
61894|Corral de Tierra (La Lagunita)|Ranchería|Churumuco|Michoacán de Ocampo||61853|16|61853||29|029|0009|Rural|
61894|El Salitrillo|Ranchería|Churumuco|Michoacán de Ocampo||61853|16|61853||29|029|0019|Rural|
61894|Ramírez del Varal (Puerto del Varal)|Ranchería|Churumuco|Michoacán de Ocampo||61853|16|61853||29|029|2798|Rural|
61894|El Platanar|Ejido|Churumuco|Michoacán de Ocampo||61853|16|61853||15|029|2809|Rural|
61895|El Barillo|Ranchería|Churumuco|Michoacán de Ocampo||61853|16|61853||29|029|0013|Rural|
61895|El Salitrillo|Ranchería|Churumuco|Michoacán de Ocampo||61853|16|61853||29|029|0020|Rural|
61895|La Cuitacera|Ranchería|Churumuco|Michoacán de Ocampo||61853|16|61853||29|029|0023|Rural|
61895|La Tindimicua|Ranchería|Churumuco|Michoacán de Ocampo||61853|16|61853||29|029|0027|Rural|
61895|Lavaderos del Salitre|Ranchería|Churumuco|Michoacán de Ocampo||61853|16|61853||29|029|0030|Rural|
61895|San Antonio (El Timbiriche)|Ranchería|Churumuco|Michoacán de Ocampo||61853|16|61853||29|029|0037|Rural|
61895|El Salitre|Pueblo|Churumuco|Michoacán de Ocampo||61853|16|61853||28|029|4012|Rural|
61896|El Tarepe|Ranchería|Churumuco|Michoacán de Ocampo||61853|16|61853||29|029|0021|Rural|
61896|Santa Rosa|Ranchería|Churumuco|Michoacán de Ocampo||61853|16|61853||29|029|0040|Rural|
61896|Las Juntas de Poturo|Ejido|Churumuco|Michoacán de Ocampo||61853|16|61853||15|029|2811|Rural|
61896|Paso de Palmillas|Ranchería|Churumuco|Michoacán de Ocampo||61853|16|61853||29|029|2812|Rural|
61899|El Chocolate|Ranchería|Churumuco|Michoacán de Ocampo||61853|16|61853||29|029|0014|Rural|
61899|La Laja|Ranchería|Churumuco|Michoacán de Ocampo||61853|16|61853||29|029|0024|Rural|
61899|Las Juntas|Ranchería|Churumuco|Michoacán de Ocampo||61853|16|61853||29|029|0029|Rural|
61899|Potrero de Corpus|Pueblo|Churumuco|Michoacán de Ocampo||61853|16|61853||28|029|2813|Rural|
61900|Barrio Alto|Colonia|Nocupétaro|Michoacán de Ocampo||58482|16|58482||09|057|0001|Urbano|
61900|Los Cuirindales|Colonia|Nocupétaro|Michoacán de Ocampo||58482|16|58482||09|057|0002|Urbano|
61900|El Mirador|Colonia|Nocupétaro|Michoacán de Ocampo||58482|16|58482||09|057|0003|Urbano|
61900|Las Palmeras|Colonia|Nocupétaro|Michoacán de Ocampo||58482|16|58482||09|057|0074|Urbano|
61900|Las Flores|Colonia|Nocupétaro|Michoacán de Ocampo||58482|16|58482||09|057|0075|Urbano|
61900|El Porvenir|Colonia|Nocupétaro|Michoacán de Ocampo||58482|16|58482||09|057|0076|Urbano|
61900|Cuirindalito|Colonia|Nocupétaro|Michoacán de Ocampo||58482|16|58482||09|057|0077|Urbano|
61900|La Laguna|Colonia|Nocupétaro|Michoacán de Ocampo||58482|16|58482||09|057|0078|Urbano|
61900|Nocupétaro de Morelos|Pueblo|Nocupétaro|Michoacán de Ocampo||58482|16|58482||28|057|2814|Urbano|
61903|Cuimbo (Coimbo)|Rancho|Nocupétaro|Michoacán de Ocampo||58482|16|58482||48|057|0007|Rural|
61903|El Paso del Pinzán|Rancho|Nocupétaro|Michoacán de Ocampo||58482|16|58482||48|057|0023|Rural|
61904|El Palmar|Rancho|Nocupétaro|Michoacán de Ocampo||58482|16|58482||48|057|0020|Rural|
61904|La Chorreada (La Peña Chorreada)|Rancho|Nocupétaro|Michoacán de Ocampo||58482|16|58482||48|057|0038|Rural|
61904|Los Cuirindales|Rancho|Nocupétaro|Michoacán de Ocampo||58482|16|58482||48|057|0056|Rural|
61904|Ojo de Agua del Cobre|Rancho|Nocupétaro|Michoacán de Ocampo||58482|16|58482||48|057|0062|Rural|
61904|San Nicolás|Rancho|Nocupétaro|Michoacán de Ocampo||58482|16|58482||48|057|0067|Rural|
61905|El Coyol|Rancho|Nocupétaro|Michoacán de Ocampo||58482|16|58482||48|057|0014|Rural|
61905|El Coyolito|Rancho|Nocupétaro|Michoacán de Ocampo||58482|16|58482||48|057|0015|Rural|
61905|La Escondida|Rancho|Nocupétaro|Michoacán de Ocampo||58482|16|58482||48|057|0040|Rural|
61907|El Cacao|Rancho|Nocupétaro|Michoacán de Ocampo||58482|16|58482||48|057|0009|Rural|
61907|El Palo Blanco|Rancho|Nocupétaro|Michoacán de Ocampo||58482|16|58482||48|057|0022|Rural|
61907|El Potrero|Rancho|Nocupétaro|Michoacán de Ocampo||58482|16|58482||48|057|0024|Rural|
61907|Las Huertas|Rancho|Nocupétaro|Michoacán de Ocampo||58482|16|58482||48|057|0047|Rural|
61907|Las Sidras|Rancho|Nocupétaro|Michoacán de Ocampo||58482|16|58482||48|057|0052|Rural|
61907|San Juan|Rancho|Nocupétaro|Michoacán de Ocampo||58482|16|58482||48|057|0065|Rural|
61907|Ceiba Prieta|Ranchería|Nocupétaro|Michoacán de Ocampo||58482|16|58482||29|057|2815|Rural|
61908|San Juan de la Concepción|Rancho|Nocupétaro|Michoacán de Ocampo||58482|16|58482||48|057|0066|Rural|
61908|Las Parotas|Ranchería|Nocupétaro|Michoacán de Ocampo||58482|16|58482||29|057|2816|Rural|
61909|El Coyolito|Rancho|Nocupétaro|Michoacán de Ocampo||58482|16|58482||48|057|0016|Rural|
61909|La Chalana|Rancho|Nocupétaro|Michoacán de Ocampo||58482|16|58482||48|057|0037|Rural|
61909|La Estancia Chica (La Estancia de Mamey)|Rancho|Nocupétaro|Michoacán de Ocampo||58482|16|58482||48|057|0041|Rural|
61909|Los Planes|Rancho|Nocupétaro|Michoacán de Ocampo||58482|16|58482||48|057|0059|Rural|
61909|Vista Bella|Rancho|Nocupétaro|Michoacán de Ocampo||58482|16|58482||48|057|0073|Rural|
61909|El Platanal (Hacienda del Platanal)|Ranchería|Nocupétaro|Michoacán de Ocampo||58482|16|58482||29|057|2817|Rural|
61910|El Manguito|Rancho|Nocupétaro|Michoacán de Ocampo||58482|16|58482||48|057|0018|Rural|
61910|Upácuaro|Rancho|Nocupétaro|Michoacán de Ocampo||58482|16|58482||48|057|0072|Rural|
61910|Melchor Ocampo (San Antonio de las Huertas)|Pueblo|Nocupétaro|Michoacán de Ocampo||58482|16|58482||28|057|2818|Rural|
61911|La Estancia Grande|Ranchería|Nocupétaro|Michoacán de Ocampo||58482|16|58482||29|057|2820|Rural|
61913|El Palmito|Rancho|Nocupétaro|Michoacán de Ocampo||58482|16|58482||48|057|0021|Rural|
61913|La Cadena|Rancho|Nocupétaro|Michoacán de Ocampo||58482|16|58482||48|057|0035|Rural|
61913|La Calera|Rancho|Nocupétaro|Michoacán de Ocampo||58482|16|58482||48|057|0036|Rural|
61913|Los Brasiles (Puerto los Brasiles)|Rancho|Nocupétaro|Michoacán de Ocampo||58482|16|58482||48|057|0055|Rural|
61913|Santa Inés (La Escondida)|Rancho|Nocupétaro|Michoacán de Ocampo||58482|16|58482||48|057|0068|Rural|
61913|Santo Domingo|Ranchería|Nocupétaro|Michoacán de Ocampo||58482|16|58482||29|057|0069|Rural|
61913|Las Cocinas|Ranchería|Nocupétaro|Michoacán de Ocampo||58482|16|58482||29|057|2821|Rural|
61913|Las Pilas|Ranchería|Nocupétaro|Michoacán de Ocampo||58482|16|58482||29|057|2822|Rural|
61914|El Cirián|Rancho|Nocupétaro|Michoacán de Ocampo||58482|16|58482||48|057|0011|Rural|
61914|El Quino|Rancho|Nocupétaro|Michoacán de Ocampo||58482|16|58482||48|057|0025|Rural|
61914|El Salitrillo|Rancho|Nocupétaro|Michoacán de Ocampo||58482|16|58482||48|057|0028|Rural|
61914|La Mocha|Rancho|Nocupétaro|Michoacán de Ocampo||58482|16|58482||48|057|0044|Rural|
61915|Agua Santa|Rancho|Nocupétaro|Michoacán de Ocampo||58482|16|58482||48|057|0005|Rural|
61915|El Atravesaño|Rancho|Nocupétaro|Michoacán de Ocampo||58482|16|58482||48|057|0008|Rural|
61915|El Copalito (Piedra de Alacranes)|Rancho|Nocupétaro|Michoacán de Ocampo||58482|16|58482||48|057|0012|Rural|
61915|La Angostura (Puerto Hondo)|Rancho|Nocupétaro|Michoacán de Ocampo||58482|16|58482||48|057|0034|Rural|
61915|Las Calabazas|Rancho|Nocupétaro|Michoacán de Ocampo||58482|16|58482||48|057|0046|Rural|
61915|Los Variles|Rancho|Nocupétaro|Michoacán de Ocampo||58482|16|58482||48|057|0060|Rural|
61916|El Sauz|Rancho|Nocupétaro|Michoacán de Ocampo||58482|16|58482||48|057|0029|Rural|
61916|El Zapotito|Ranchería|Nocupétaro|Michoacán de Ocampo||58482|16|58482||29|057|0031|Rural|
61916|Las Palmas|Rancho|Nocupétaro|Michoacán de Ocampo||58482|16|58482||48|057|0049|Rural|
61916|Mariana|Ranchería|Nocupétaro|Michoacán de Ocampo||58482|16|58482||29|057|0061|Rural|
61916|Rincón de San Isidro|Rancho|Nocupétaro|Michoacán de Ocampo||58482|16|58482||48|057|0064|Rural|
61917|Aparandán (Mesa de Aparandán)|Rancho|Nocupétaro|Michoacán de Ocampo||58482|16|58482||48|057|0006|Rural|
61917|El Rodeo|Rancho|Nocupétaro|Michoacán de Ocampo||58482|16|58482||48|057|0027|Rural|
61917|El Zapote|Rancho|Nocupétaro|Michoacán de Ocampo||58482|16|58482||48|057|0030|Rural|
61917|La Ciénega|Rancho|Nocupétaro|Michoacán de Ocampo||58482|16|58482||48|057|0039|Rural|
61917|La Limoncilla|Rancho|Nocupétaro|Michoacán de Ocampo||58482|16|58482||48|057|0042|Rural|
61917|La Loma del Copal|Rancho|Nocupétaro|Michoacán de Ocampo||58482|16|58482||48|057|0043|Rural|
61917|La Sanguijuela|Rancho|Nocupétaro|Michoacán de Ocampo||58482|16|58482||48|057|0045|Rural|
61917|Las Paredes|Rancho|Nocupétaro|Michoacán de Ocampo||58482|16|58482||48|057|0050|Rural|
61917|Las Saibas|Rancho|Nocupétaro|Michoacán de Ocampo||58482|16|58482||48|057|0051|Rural|
61917|Loma los Pelillos|Rancho|Nocupétaro|Michoacán de Ocampo||58482|16|58482||48|057|0054|Rural|
61917|Los Piñoncillos|Rancho|Nocupétaro|Michoacán de Ocampo||58482|16|58482||48|057|0057|Rural|
61917|Los Planes|Ranchería|Nocupétaro|Michoacán de Ocampo||58482|16|58482||29|057|0058|Rural|
61917|Puerto el Mirador|Rancho|Nocupétaro|Michoacán de Ocampo||58482|16|58482||48|057|0063|Rural|
61917|Tumbiriche|Rancho|Nocupétaro|Michoacán de Ocampo||58482|16|58482||48|057|0071|Rural|
61917|Las Trojes|Ranchería|Nocupétaro|Michoacán de Ocampo||58482|16|58482||29|057|2823|Rural|
61917|Santa Bárbara (El Reparo)|Ranchería|Nocupétaro|Michoacán de Ocampo||58482|16|58482||29|057|2824|Rural|
61917|La Loma Blanca|Pueblo|Nocupétaro|Michoacán de Ocampo||58482|16|58482||28|057|3984|Rural|
61918|Agua Agria|Ranchería|Nocupétaro|Michoacán de Ocampo||58482|16|58482||29|057|0004|Rural|
61918|El Calabozo|Rancho|Nocupétaro|Michoacán de Ocampo||58482|16|58482||48|057|0010|Rural|
61918|El Coyol|Rancho|Nocupétaro|Michoacán de Ocampo||58482|16|58482||48|057|0013|Rural|
61918|El Limón|Rancho|Nocupétaro|Michoacán de Ocampo||58482|16|58482||48|057|0017|Rural|
61918|El Ojo de Agua de Cuispio|Ranchería|Nocupétaro|Michoacán de Ocampo||58482|16|58482||29|057|0019|Rural|
61918|El Rincón Romero de las Palmas|Rancho|Nocupétaro|Michoacán de Ocampo||58482|16|58482||48|057|0026|Rural|
61918|Guadalupe (Hacienda de Guadalupe)|Rancho|Nocupétaro|Michoacán de Ocampo||58482|16|58482||48|057|0032|Rural|
61918|Guaginiquil (Guajiniquil)|Rancho|Nocupétaro|Michoacán de Ocampo||58482|16|58482||48|057|0033|Rural|
61918|Las Juntas|Rancho|Nocupétaro|Michoacán de Ocampo||58482|16|58482||48|057|0048|Rural|
61918|Loma Blanca|Rancho|Nocupétaro|Michoacán de Ocampo||58482|16|58482||48|057|0053|Rural|
61918|Cuispio|Rancho|Nocupétaro|Michoacán de Ocampo||58482|16|58482||48|057|6352|Rural|
61920|El Balseadero|Colonia|Carácuaro|Michoacán de Ocampo||58482|16|58482||09|013|0001|Urbano|
61920|El Cerrito|Colonia|Carácuaro|Michoacán de Ocampo||58482|16|58482||09|013|0002|Urbano|
61920|El Palmar|Colonia|Carácuaro|Michoacán de Ocampo||58482|16|58482||09|013|0003|Urbano|
61920|Froylán Vargas Gómez|Colonia|Carácuaro|Michoacán de Ocampo||58482|16|58482||09|013|0004|Urbano|
61920|Obrera|Colonia|Carácuaro|Michoacán de Ocampo||58482|16|58482||09|013|0005|Urbano|
61920|Torokio|Colonia|Carácuaro|Michoacán de Ocampo||58482|16|58482||09|013|0006|Urbano|
61920|El Plan|Colonia|Carácuaro|Michoacán de Ocampo||58482|16|58482||09|013|0007|Urbano|
61920|San Agustín|Colonia|Carácuaro|Michoacán de Ocampo||58482|16|58482||09|013|0117|Urbano|
61920|Mirador|Colonia|Carácuaro|Michoacán de Ocampo||58482|16|58482||09|013|0118|Urbano|
61920|Carácuaro de Morelos Centro|Colonia|Carácuaro|Michoacán de Ocampo||58482|16|58482||09|013|2825|Urbano|
61923|Cabeza de Vaca|Ranchería|Carácuaro|Michoacán de Ocampo||58482|16|58482||29|013|0015|Rural|
61923|Ceibas Negras|Ranchería|Carácuaro|Michoacán de Ocampo||58482|16|58482||29|013|0017|Rural|
61923|El Anono|Ranchería|Carácuaro|Michoacán de Ocampo||58482|16|58482||29|013|0025|Rural|
61923|El Cuitzillo|Ranchería|Carácuaro|Michoacán de Ocampo||58482|16|58482||29|013|0026|Rural|
61923|El Guayabo|Ranchería|Carácuaro|Michoacán de Ocampo||58482|16|58482||29|013|0028|Rural|
61923|El Paso del Pinzán|Ranchería|Carácuaro|Michoacán de Ocampo||58482|16|58482||29|013|0037|Rural|
61923|El Platanito|Ranchería|Carácuaro|Michoacán de Ocampo||58482|16|58482||29|013|0039|Rural|
61923|El Plátano|Ranchería|Carácuaro|Michoacán de Ocampo||58482|16|58482||29|013|0040|Rural|
61923|El Puerto del Limón|Ranchería|Carácuaro|Michoacán de Ocampo||58482|16|58482||29|013|0041|Rural|
61923|Juntas del Anono (Juntas de la Torre)|Ranchería|Carácuaro|Michoacán de Ocampo||58482|16|58482||29|013|0054|Rural|
61923|La Lajita|Ranchería|Carácuaro|Michoacán de Ocampo||58482|16|58482||29|013|0061|Rural|
61923|La Toronja|Ranchería|Carácuaro|Michoacán de Ocampo||58482|16|58482||29|013|0068|Rural|
61923|Las Mojarras|Ranchería|Carácuaro|Michoacán de Ocampo||58482|16|58482||29|013|0074|Rural|
61923|Las Parotas|Ranchería|Carácuaro|Michoacán de Ocampo||58482|16|58482||29|013|0075|Rural|
61923|Las Quiringucuas|Ranchería|Carácuaro|Michoacán de Ocampo||58482|16|58482||29|013|0079|Rural|
61923|Las Tinajas (La Tinaja)|Ranchería|Carácuaro|Michoacán de Ocampo||58482|16|58482||29|013|0080|Rural|
61923|Puerto los Amoles|Ranchería|Carácuaro|Michoacán de Ocampo||58482|16|58482||29|013|0093|Rural|
61923|Santa Cruz|Ranchería|Carácuaro|Michoacán de Ocampo||58482|16|58482||29|013|0096|Rural|
61923|Ziranangástico (Sirandangástico)|Ranchería|Carácuaro|Michoacán de Ocampo||58482|16|58482||29|013|0099|Rural|
61923|El Salitrillo|Rancho|Carácuaro|Michoacán de Ocampo||58482|16|58482||48|013|0103|Rural|
61923|El Timbiriche|Rancho|Carácuaro|Michoacán de Ocampo||58482|16|58482||48|013|0105|Rural|
61923|Olea|Rancho|Carácuaro|Michoacán de Ocampo||58482|16|58482||48|013|0111|Rural|
61924|El Aguacate|Ranchería|Carácuaro|Michoacán de Ocampo||58482|16|58482||29|013|0020|Rural|
61924|El Junco|Ranchería|Carácuaro|Michoacán de Ocampo||58482|16|58482||29|013|0031|Rural|
61924|El Manguito|Ranchería|Carácuaro|Michoacán de Ocampo||58482|16|58482||29|013|0033|Rural|
61924|El Nieto|Ranchería|Carácuaro|Michoacán de Ocampo||58482|16|58482||29|013|0035|Rural|
61924|El Sauz|Ranchería|Carácuaro|Michoacán de Ocampo||58482|16|58482||29|013|0044|Rural|
61924|El Vallecillo|Ranchería|Carácuaro|Michoacán de Ocampo||58482|16|58482||29|013|0048|Rural|
61924|El Zapote de los Herrera|Ranchería|Carácuaro|Michoacán de Ocampo||58482|16|58482||29|013|0051|Rural|
61924|La Bejuquera|Ranchería|Carácuaro|Michoacán de Ocampo||58482|16|58482||29|013|0056|Rural|
61924|La Boluda|Ranchería|Carácuaro|Michoacán de Ocampo||58482|16|58482||29|013|0057|Rural|
61924|La Padilla|Ranchería|Carácuaro|Michoacán de Ocampo||58482|16|58482||29|013|0063|Rural|
61924|La Palmita|Ranchería|Carácuaro|Michoacán de Ocampo||58482|16|58482||29|013|0064|Rural|
61924|Los Tejones|Ranchería|Carácuaro|Michoacán de Ocampo||58482|16|58482||29|013|0087|Rural|
61924|Paso de la Virgen|Ranchería|Carácuaro|Michoacán de Ocampo||58482|16|58482||29|013|0089|Rural|
61924|San Rafael|Rancho|Carácuaro|Michoacán de Ocampo||58482|16|58482||48|013|0104|Rural|
61924|El Limoncito|Rancho|Carácuaro|Michoacán de Ocampo||58482|16|58482||48|013|0110|Rural|
61924|La Pilita|Rancho|Carácuaro|Michoacán de Ocampo||58482|16|58482||48|013|0112|Rural|
61924|La Ceiba Güicha|Rancho|Carácuaro|Michoacán de Ocampo||58482|16|58482||48|013|0115|Rural|
61925|Buenavista|Ranchería|Carácuaro|Michoacán de Ocampo||58482|16|58482||29|013|0011|Rural|
61925|Cañada de Zacapungamio (Sacapungame)|Ranchería|Carácuaro|Michoacán de Ocampo||58482|16|58482||29|013|0013|Rural|
61925|Carasumbapio|Ranchería|Carácuaro|Michoacán de Ocampo||58482|16|58482||29|013|0016|Rural|
61925|Huenamocopio|Ranchería|Carácuaro|Michoacán de Ocampo||58482|16|58482||29|013|0053|Rural|
61925|La Arboleda|Ranchería|Carácuaro|Michoacán de Ocampo||58482|16|58482||29|013|0055|Rural|
61925|La Noria|Ranchería|Carácuaro|Michoacán de Ocampo||58482|16|58482||29|013|0062|Rural|
61925|Paso del Atuto|Ranchería|Carácuaro|Michoacán de Ocampo||58482|16|58482||29|013|0090|Rural|
61925|Quirínguaro|Ranchería|Carácuaro|Michoacán de Ocampo||58482|16|58482||29|013|0094|Rural|
61925|Capire de Bravo (El Capire Bravo)|Ranchería|Carácuaro|Michoacán de Ocampo||58482|16|58482||29|013|2828|Rural|
61926|Apunguio|Ranchería|Carácuaro|Michoacán de Ocampo||58482|16|58482||29|013|0009|Rural|
61926|Barranca del Perro|Ranchería|Carácuaro|Michoacán de Ocampo||58482|16|58482||29|013|0010|Rural|
61926|Cañada de los Limones|Ranchería|Carácuaro|Michoacán de Ocampo||58482|16|58482||29|013|0012|Rural|
61926|El Huaco (El Guaco)|Ranchería|Carácuaro|Michoacán de Ocampo||58482|16|58482||29|013|0030|Rural|
61926|El Tepeguaje|Ranchería|Carácuaro|Michoacán de Ocampo||58482|16|58482||29|013|0046|Rural|
61926|El Zapotito|Ranchería|Carácuaro|Michoacán de Ocampo||58482|16|58482||29|013|0052|Rural|
61926|Los Coyotes|Ranchería|Carácuaro|Michoacán de Ocampo||58482|16|58482||29|013|0084|Rural|
61926|Los Lampaces|Ranchería|Carácuaro|Michoacán de Ocampo||58482|16|58482||29|013|0085|Rural|
61926|La Arboleda|Rancho|Carácuaro|Michoacán de Ocampo||58482|16|58482||48|013|0100|Rural|
61926|Rancho Viejo|Pueblo|Carácuaro|Michoacán de Ocampo||58482|16|58482||28|013|4005|Rural|
61926|Los Ejes|Ranchería|Carácuaro|Michoacán de Ocampo||58482|16|58482||29|013|4928|Rural|
61927|Coyol de los Gómez|Ranchería|Carácuaro|Michoacán de Ocampo||58482|16|58482||29|013|0018|Rural|
61927|El Aguacatillo|Ranchería|Carácuaro|Michoacán de Ocampo||58482|16|58482||29|013|0022|Rural|
61927|El Naranjo (Las Trincheras)|Ranchería|Carácuaro|Michoacán de Ocampo||58482|16|58482||29|013|0034|Rural|
61927|El Zapote de los Gómez|Ranchería|Carácuaro|Michoacán de Ocampo||58482|16|58482||29|013|0050|Rural|
61927|La Vinata|Ranchería|Carácuaro|Michoacán de Ocampo||58482|16|58482||29|013|0069|Rural|
61927|San José|Ranchería|Carácuaro|Michoacán de Ocampo||58482|16|58482||29|013|0095|Rural|
61927|El Rincón|Rancho|Carácuaro|Michoacán de Ocampo||58482|16|58482||48|013|0113|Rural|
61928|El Anonito|Ranchería|Carácuaro|Michoacán de Ocampo||58482|16|58482||29|013|0023|Rural|
61928|El Limón Viejo|Ranchería|Carácuaro|Michoacán de Ocampo||58482|16|58482||29|013|0032|Rural|
61928|La Carrera|Ranchería|Carácuaro|Michoacán de Ocampo||58482|16|58482||29|013|0059|Rural|
61928|Limoncito de los Chávez Arreola|Ranchería|Carácuaro|Michoacán de Ocampo||58482|16|58482||29|013|0082|Rural|
61928|Monte Redondo|Ranchería|Carácuaro|Michoacán de Ocampo||58482|16|58482||29|013|0088|Rural|
61928|El Columpio|Rancho|Carácuaro|Michoacán de Ocampo||58482|16|58482||48|013|0108|Rural|
61928|Acuyo|Ranchería|Carácuaro|Michoacán de Ocampo||58482|16|58482||29|013|2826|Rural|
61929|El Aguacate|Ranchería|Carácuaro|Michoacán de Ocampo||58482|16|58482||29|013|0021|Rural|
61929|El Escorpión|Ranchería|Carácuaro|Michoacán de Ocampo||58482|16|58482||29|013|0027|Rural|
61929|El Rincón de Flores|Ranchería|Carácuaro|Michoacán de Ocampo||58482|16|58482||29|013|0042|Rural|
61929|El Sauz|Ranchería|Carácuaro|Michoacán de Ocampo||58482|16|58482||29|013|0045|Rural|
61929|La Joya (La Joya de los Pinos)|Ranchería|Carácuaro|Michoacán de Ocampo||58482|16|58482||29|013|0060|Rural|
61929|La Palmita|Ranchería|Carácuaro|Michoacán de Ocampo||58482|16|58482||29|013|0065|Rural|
61929|La Soledad|Ranchería|Carácuaro|Michoacán de Ocampo||58482|16|58482||29|013|0067|Rural|
61929|Las Ceibas|Ranchería|Carácuaro|Michoacán de Ocampo||58482|16|58482||29|013|0070|Rural|
61929|Las Enramadas|Ranchería|Carácuaro|Michoacán de Ocampo||58482|16|58482||29|013|0071|Rural|
61929|Las Mesas|Ranchería|Carácuaro|Michoacán de Ocampo||58482|16|58482||29|013|0073|Rural|
61929|Las Parras|Ranchería|Carácuaro|Michoacán de Ocampo||58482|16|58482||29|013|0076|Rural|
61929|Puerto Blanco (Parras del Puerto)|Ranchería|Carácuaro|Michoacán de Ocampo||58482|16|58482||29|013|0091|Rural|
61929|Sicuamaro|Ranchería|Carácuaro|Michoacán de Ocampo||58482|16|58482||29|013|0097|Rural|
61929|Tarepe|Ranchería|Carácuaro|Michoacán de Ocampo||58482|16|58482||29|013|0098|Rural|
61929|El Zapote (El Zapote de los Rodríguez)|Rancho|Carácuaro|Michoacán de Ocampo||58482|16|58482||48|013|0106|Rural|
61929|El Zapotito|Rancho|Carácuaro|Michoacán de Ocampo||58482|16|58482||48|013|0107|Rural|
61929|Frontera de San Juan|Ranchería|Carácuaro|Michoacán de Ocampo||58482|16|58482||29|013|2829|Rural|
61930|Los Naranjos|Rancho|Carácuaro|Michoacán de Ocampo||58482|16|58482||48|013|0114|Rural|
61930|Paso de Núñez (Buenavista)|Pueblo|Carácuaro|Michoacán de Ocampo||58482|16|58482||28|013|2830|Rural|
61933|El Carrizal|Ranchería|Carácuaro|Michoacán de Ocampo||58482|16|58482||29|013|2831|Rural|
61934|El Anono|Ranchería|Carácuaro|Michoacán de Ocampo||58482|16|58482||29|013|0024|Rural|
61934|El Guayabo|Rancho|Carácuaro|Michoacán de Ocampo||58482|16|58482||48|013|0109|Rural|
61934|El Zapote de Cuendeo|Ranchería|Carácuaro|Michoacán de Ocampo||58482|16|58482||29|013|2832|Rural|
61935|El Pantano|Ranchería|Carácuaro|Michoacán de Ocampo||58482|16|58482||29|013|0036|Rural|
61935|El Saucedo|Ranchería|Carácuaro|Michoacán de Ocampo||58482|16|58482||29|013|0043|Rural|
61935|El Vado (El Puente del Arenal Largo)|Ranchería|Carácuaro|Michoacán de Ocampo||58482|16|58482||29|013|0047|Rural|
61935|La Calera|Ranchería|Carácuaro|Michoacán de Ocampo||58482|16|58482||29|013|0058|Rural|
61935|Las Pilas|Ranchería|Carácuaro|Michoacán de Ocampo||58482|16|58482||29|013|0078|Rural|
61935|Las Trancas|Ranchería|Carácuaro|Michoacán de Ocampo||58482|16|58482||29|013|0081|Rural|
61935|Piñuela|Rancho|Carácuaro|Michoacán de Ocampo||58482|16|58482||48|013|0102|Rural|
61935|Las Guacamayas|Ranchería|Carácuaro|Michoacán de Ocampo||58482|16|58482||29|013|2833|Rural|
61936|El Guayabo del Carmen|Ranchería|Carácuaro|Michoacán de Ocampo||58482|16|58482||29|013|0029|Rural|
61936|Las Juntas de Abajo|Ranchería|Carácuaro|Michoacán de Ocampo||58482|16|58482||29|013|0072|Rural|
61936|Los Coyotes|Ranchería|Carácuaro|Michoacán de Ocampo||58482|16|58482||29|013|0083|Rural|
61936|Los Pozos|Ranchería|Carácuaro|Michoacán de Ocampo||58482|16|58482||29|013|0086|Rural|
61936|Los Lampaces (Lampazos)|Rancho|Carácuaro|Michoacán de Ocampo||58482|16|58482||48|013|0101|Rural|
61936|La Verija|Rancho|Carácuaro|Michoacán de Ocampo||58482|16|58482||48|013|0116|Rural|
61936|Juntas de Chapacarícuaro|Ranchería|Carácuaro|Michoacán de Ocampo||58482|16|58482||29|013|2834|Rural|
61936|Janindipo|Ranchería|Carácuaro|Michoacán de Ocampo||58482|16|58482||29|013|2835|Rural|
61936|La Carrerita|Ranchería|Carácuaro|Michoacán de Ocampo||58482|16|58482||29|013|2836|Rural|
61937|Cañada la Ortiga|Ranchería|Carácuaro|Michoacán de Ocampo||58482|16|58482||29|013|0014|Rural|
61937|Cuirindalillo|Ranchería|Carácuaro|Michoacán de Ocampo||58482|16|58482||29|013|0019|Rural|
61937|El Zapote de los Campos|Ranchería|Carácuaro|Michoacán de Ocampo||58482|16|58482||29|013|0049|Rural|
61937|Las Pilas|Ranchería|Carácuaro|Michoacán de Ocampo||58482|16|58482||29|013|0077|Rural|
61937|Puerto del Coyote|Ranchería|Carácuaro|Michoacán de Ocampo||58482|16|58482||29|013|0092|Rural|
61938|Anambo|Ranchería|Carácuaro|Michoacán de Ocampo||58482|16|58482||29|013|0008|Rural|
61938|La Parotilla|Ranchería|Carácuaro|Michoacán de Ocampo||58482|16|58482||29|013|0066|Rural|
61940|El Ancón|Colonia|Huetamo|Michoacán de Ocampo|Huetamo de Núñez|61941|16|61941||09|038|0144|Urbano|19
61940|Huetamo de Núñez Centro|Colonia|Huetamo|Michoacán de Ocampo|Huetamo de Núñez|61941|16|61941||09|038|2838|Urbano|19
61940|Acapulco|Colonia|Huetamo|Michoacán de Ocampo|Huetamo de Núñez|61941|16|61941||09|038|3044|Urbano|19
61940|Alameda|Colonia|Huetamo|Michoacán de Ocampo|Huetamo de Núñez|61941|16|61941||09|038|3045|Urbano|19
61940|Independencia (Barrio Alto)|Colonia|Huetamo|Michoacán de Ocampo|Huetamo de Núñez|61941|16|61941||09|038|3047|Urbano|19
61940|Cahuaro|Colonia|Huetamo|Michoacán de Ocampo|Huetamo de Núñez|61941|16|61941||09|038|3048|Urbano|19
61940|Cutzeo|Colonia|Huetamo|Michoacán de Ocampo|Huetamo de Núñez|61941|16|61941||09|038|3050|Urbano|19
61940|Chapala|Colonia|Huetamo|Michoacán de Ocampo|Huetamo de Núñez|61941|16|61941||09|038|3051|Urbano|19
61940|Del Coco|Colonia|Huetamo|Michoacán de Ocampo|Huetamo de Núñez|61941|16|61941||09|038|3052|Urbano|19
61940|Del Libramiento|Colonia|Huetamo|Michoacán de Ocampo|Huetamo de Núñez|61941|16|61941||09|038|3053|Urbano|19
61940|Dolores|Colonia|Huetamo|Michoacán de Ocampo|Huetamo de Núñez|61941|16|61941||09|038|3054|Urbano|19
61940|El Terrero|Colonia|Huetamo|Michoacán de Ocampo|Huetamo de Núñez|61941|16|61941||09|038|3055|Urbano|19
61940|El Toreo|Colonia|Huetamo|Michoacán de Ocampo|Huetamo de Núñez|61941|16|61941||09|038|3056|Urbano|19
61940|Granjas de Cahuaro|Colonia|Huetamo|Michoacán de Ocampo|Huetamo de Núñez|61941|16|61941||09|038|3057|Urbano|19
61940|Guadalupe|Colonia|Huetamo|Michoacán de Ocampo|Huetamo de Núñez|61941|16|61941||09|038|3058|Urbano|19
61940|ISSSTE|Colonia|Huetamo|Michoacán de Ocampo|Huetamo de Núñez|61941|16|61941||09|038|3059|Urbano|19
61940|La Escondida|Colonia|Huetamo|Michoacán de Ocampo|Huetamo de Núñez|61941|16|61941||09|038|3060|Urbano|19
61940|La Michoacana|Colonia|Huetamo|Michoacán de Ocampo|Huetamo de Núñez|61941|16|61941||09|038|3061|Urbano|19
61940|La Nopalera|Colonia|Huetamo|Michoacán de Ocampo|Huetamo de Núñez|61941|16|61941||09|038|3062|Urbano|19
61940|Las Colonias|Colonia|Huetamo|Michoacán de Ocampo|Huetamo de Núñez|61941|16|61941||09|038|3063|Urbano|19
61940|Loma de La Santa Cruz|Colonia|Huetamo|Michoacán de Ocampo|Huetamo de Núñez|61941|16|61941||09|038|3064|Urbano|19
61940|Loma de las Rosas|Colonia|Huetamo|Michoacán de Ocampo|Huetamo de Núñez|61941|16|61941||09|038|3065|Urbano|19
61940|Loma Linda|Colonia|Huetamo|Michoacán de Ocampo|Huetamo de Núñez|61941|16|61941||09|038|3066|Urbano|19
61940|Los Almendros|Colonia|Huetamo|Michoacán de Ocampo|Huetamo de Núñez|61941|16|61941||09|038|3067|Urbano|19
61940|Pirinda|Colonia|Huetamo|Michoacán de Ocampo|Huetamo de Núñez|61941|16|61941||09|038|3068|Urbano|19
61940|Pito Real|Colonia|Huetamo|Michoacán de Ocampo|Huetamo de Núñez|61941|16|61941||09|038|3069|Urbano|19
61940|Regional|Colonia|Huetamo|Michoacán de Ocampo|Huetamo de Núñez|61941|16|61941||09|038|3070|Urbano|19
61940|San Antonio Tomatlán|Colonia|Huetamo|Michoacán de Ocampo|Huetamo de Núñez|61941|16|61941||09|038|3071|Urbano|19
61940|San Antonio Urapa|Colonia|Huetamo|Michoacán de Ocampo|Huetamo de Núñez|61941|16|61941||09|038|3072|Urbano|19
61940|Unidad Deportiva|Colonia|Huetamo|Michoacán de Ocampo|Huetamo de Núñez|61941|16|61941||09|038|3073|Urbano|19
61940|20 de Noviembre|Colonia|Huetamo|Michoacán de Ocampo|Huetamo de Núñez|61941|16|61941||09|038|3074|Urbano|19
61940|Zaragoza|Colonia|Huetamo|Michoacán de Ocampo|Huetamo de Núñez|61941|16|61941||09|038|3075|Urbano|19
61940|Garita de Tomatlán|Colonia|Huetamo|Michoacán de Ocampo|Huetamo de Núñez|61941|16|61941||09|038|4352|Urbano|19
61940|El Paraíso|Colonia|Huetamo|Michoacán de Ocampo|Huetamo de Núñez|61941|16|61941||09|038|4353|Urbano|19
61940|Los Sauces|Fraccionamiento|Huetamo|Michoacán de Ocampo|Huetamo de Núñez|61941|16|61941||21|038|5017|Urbano|19
61940|El Chamizal|Colonia|Huetamo|Michoacán de Ocampo|Huetamo de Núñez|61941|16|61941||09|038|5466|Urbano|19
61942|Agua del Obispo|Rancho|Huetamo|Michoacán de Ocampo||61941|16|61941||48|038|0003|Rural|
61942|Las Trincheras|Ranchería|Huetamo|Michoacán de Ocampo||61941|16|61941||29|038|2841|Rural|
61942|La Tiringucha|Pueblo|Huetamo|Michoacán de Ocampo||61941|16|61941||28|038|3974|Rural|
61943|Piritícuaro|Rancho|Huetamo|Michoacán de Ocampo||61941|16|61941||48|038|0104|Rural|
61943|La Parota|Pueblo|Huetamo|Michoacán de Ocampo||61941|16|61941||28|038|2840|Rural|
61943|Chihuero|Ranchería|Huetamo|Michoacán de Ocampo||61941|16|61941||29|038|2842|Rural|
61944|Los Llanos|Rancho|Huetamo|Michoacán de Ocampo||61941|16|61941||48|038|0091|Rural|
61944|Piedras de Lumbre|Rancho|Huetamo|Michoacán de Ocampo||61941|16|61941||48|038|0101|Rural|
61944|Uspio|Rancho|Huetamo|Michoacán de Ocampo||61941|16|61941||48|038|0126|Rural|
61944|San Rafael|Rancho|Huetamo|Michoacán de Ocampo||61941|16|61941||48|038|0134|Rural|
61945|Agua Fría|Rancho|Huetamo|Michoacán de Ocampo||61941|16|61941||48|038|0004|Rural|
61945|El Aguacate|Rancho|Huetamo|Michoacán de Ocampo||61941|16|61941||48|038|0019|Rural|
61945|Puruato|Rancho|Huetamo|Michoacán de Ocampo||61941|16|61941||48|038|0107|Rural|
61946|El Reparito|Rancho|Huetamo|Michoacán de Ocampo||61941|16|61941||48|038|0043|Rural|
61946|Huatichapio|Rancho|Huetamo|Michoacán de Ocampo||61941|16|61941||48|038|0055|Rural|
61946|La Puerta de Chiripio|Rancho|Huetamo|Michoacán de Ocampo||61941|16|61941||48|038|0074|Rural|
61946|Tierras Blancas|Rancho|Huetamo|Michoacán de Ocampo||61941|16|61941||48|038|0121|Rural|
61946|Tirirícuaro|Rancho|Huetamo|Michoacán de Ocampo||61941|16|61941||48|038|0122|Rural|
61946|La Casa Blanca|Rancho|Huetamo|Michoacán de Ocampo||61941|16|61941||48|038|0137|Rural|
61946|Las Ceibas|Ranchería|Huetamo|Michoacán de Ocampo||61941|16|61941||29|038|2844|Rural|
61947|La Laja|Rancho|Huetamo|Michoacán de Ocampo||61941|16|61941||48|038|0135|Rural|
61947|El Ocuaro|Ranchería|Huetamo|Michoacán de Ocampo||61941|16|61941||29|038|2845|Rural|
61947|Quenchendio|Ranchería|Huetamo|Michoacán de Ocampo||61941|16|61941||29|038|2846|Rural|
61947|Zacanguirete|Ranchería|Huetamo|Michoacán de Ocampo||61941|16|61941||29|038|2847|Rural|
61948|El Naranjo|Ranchería|Huetamo|Michoacán de Ocampo||61941|16|61941||29|038|0037|Rural|
61948|El Potrero|Ranchería|Huetamo|Michoacán de Ocampo||61941|16|61941||29|038|0042|Rural|
61948|La Redonda (La Piedra Redonda)|Rancho|Huetamo|Michoacán de Ocampo||61941|16|61941||48|038|0078|Rural|
61948|La Tamacua|Rancho|Huetamo|Michoacán de Ocampo||61941|16|61941||48|038|0079|Rural|
61948|Peña Prieta (La Trampa)|Rancho|Huetamo|Michoacán de Ocampo||61941|16|61941||48|038|0100|Rural|
61948|La Eréndira (La Desviación de Núñez)|Rancho|Huetamo|Michoacán de Ocampo||61941|16|61941||48|038|0131|Rural|
61950|El Capire|Rancho|Huetamo|Michoacán de Ocampo||61941|16|61941||48|038|0023|Rural|
61950|Los Cueramos|Rancho|Huetamo|Michoacán de Ocampo||61941|16|61941||48|038|0088|Rural|
61950|El Gusano de Santiago|Ranchería|Huetamo|Michoacán de Ocampo||61941|16|61941||29|038|2848|Rural|
61952|Cuaro|Rancho|Huetamo|Michoacán de Ocampo||61941|16|61941||48|038|0018|Rural|
61952|El Pinzanal|Rancho|Huetamo|Michoacán de Ocampo||61941|16|61941||48|038|0041|Rural|
61952|La Parota|Rancho|Huetamo|Michoacán de Ocampo||61941|16|61941||48|038|0068|Rural|
61952|La Parotita (Pitayo Manzo)|Rancho|Huetamo|Michoacán de Ocampo||61941|16|61941||48|038|0070|Rural|
61952|Quebrantadero|Rancho|Huetamo|Michoacán de Ocampo||61941|16|61941||48|038|0108|Rural|
61952|Arroyo Seco (El Bebo) [Albergue Jornalero]|Equipamiento|Huetamo|Michoacán de Ocampo||61941|16|61941||17|038|0142|Rural|
61952|Arroyo Seco|Ranchería|Huetamo|Michoacán de Ocampo||61941|16|61941||29|038|2849|Rural|
61952|Capeo|Ranchería|Huetamo|Michoacán de Ocampo||61941|16|61941||29|038|2850|Rural|
61952|Coenandio|Ranchería|Huetamo|Michoacán de Ocampo||61941|16|61941||29|038|2851|Rural|
61952|J. David Tellitud (Santa Rita)|Ejido|Huetamo|Michoacán de Ocampo||61941|16|61941||15|038|2852|Rural|
61952|Santiago Conguripo|Pueblo|Huetamo|Michoacán de Ocampo||61941|16|61941||28|038|2853|Rural|
61954|El Espíritu Santo|Rancho|Huetamo|Michoacán de Ocampo||61941|16|61941||48|038|0029|Rural|
61954|El Rodeo|Rancho|Huetamo|Michoacán de Ocampo||61941|16|61941||48|038|0045|Rural|
61954|El Ticuiche|Rancho|Huetamo|Michoacán de Ocampo||61941|16|61941||48|038|0049|Rural|
61954|Hornos del Palmar|Rancho|Huetamo|Michoacán de Ocampo||61941|16|61941||48|038|0054|Rural|
61954|Santa Gertrudis|Ranchería|Huetamo|Michoacán de Ocampo||61941|16|61941||29|038|0116|Rural|
61954|San Miguel Montecillos (Montecillos)|Ranchería|Huetamo|Michoacán de Ocampo||61941|16|61941||29|038|2839|Rural|
61954|Santa Teresa|Ranchería|Huetamo|Michoacán de Ocampo||61941|16|61941||29|038|2854|Rural|
61955|La Estancia|Ranchería|Huetamo|Michoacán de Ocampo||61941|16|61941||29|038|0060|Rural|
61955|Las Ceibas de Pataceo|Ranchería|Huetamo|Michoacán de Ocampo||61941|16|61941||29|038|0084|Rural|
61955|Pataceo|Rancho|Huetamo|Michoacán de Ocampo||61941|16|61941||48|038|0099|Rural|
61955|Tierra Caliente|Rancho|Huetamo|Michoacán de Ocampo||61941|16|61941||48|038|0120|Rural|
61955|Pomácuaro|Rancho|Huetamo|Michoacán de Ocampo||61941|16|61941||48|038|0133|Rural|
61956|La Puerta del Barro|Rancho|Huetamo|Michoacán de Ocampo||61941|16|61941||48|038|0075|Rural|
61956|La Quiringucua|Rancho|Huetamo|Michoacán de Ocampo||61941|16|61941||48|038|0077|Rural|
61956|Las Juntas|Rancho|Huetamo|Michoacán de Ocampo||61941|16|61941||48|038|0086|Rural|
61956|Mesa de Tototlán|Rancho|Huetamo|Michoacán de Ocampo||61941|16|61941||48|038|0094|Rural|
61956|Santa Elena|Rancho|Huetamo|Michoacán de Ocampo||61941|16|61941||48|038|0115|Rural|
61956|Tecario|Ranchería|Huetamo|Michoacán de Ocampo||61941|16|61941||29|038|2855|Rural|
61957|El Anono|Ranchería|Huetamo|Michoacán de Ocampo||61941|16|61941||29|038|0021|Rural|
61957|El Palmar|Rancho|Huetamo|Michoacán de Ocampo||61941|16|61941||48|038|0038|Rural|
61957|Guayabo de los Valdez|Rancho|Huetamo|Michoacán de Ocampo||61941|16|61941||48|038|0053|Rural|
61957|La Crucillera|Rancho|Huetamo|Michoacán de Ocampo||61941|16|61941||48|038|0059|Rural|
61957|La Higuera|Rancho|Huetamo|Michoacán de Ocampo||61941|16|61941||48|038|0064|Rural|
61957|La Vuelta Grande|Rancho|Huetamo|Michoacán de Ocampo||61941|16|61941||48|038|0081|Rural|
61957|Ojo de Agua de Uro|Ranchería|Huetamo|Michoacán de Ocampo||61941|16|61941||29|038|0096|Rural|
61957|San José del Palmar|Rancho|Huetamo|Michoacán de Ocampo||61941|16|61941||48|038|0112|Rural|
61957|Santa Lucía|Rancho|Huetamo|Michoacán de Ocampo||61941|16|61941||48|038|0117|Rural|
61957|Uro|Rancho|Huetamo|Michoacán de Ocampo||61941|16|61941||48|038|0124|Rural|
61957|Baztán del Cobre|Ranchería|Huetamo|Michoacán de Ocampo||61941|16|61941||29|038|2856|Rural|
61957|Ojo de Agua|Ranchería|Huetamo|Michoacán de Ocampo||61941|16|61941||29|038|2857|Rural|
61958|Aparandán|Rancho|Huetamo|Michoacán de Ocampo||61941|16|61941||48|038|0008|Rural|
61958|El Zipiate de los Ayllón|Rancho|Huetamo|Michoacán de Ocampo||61941|16|61941||48|038|0051|Rural|
61958|La Cañada (La Cañada de los Rastrojos)|Rancho|Huetamo|Michoacán de Ocampo||61941|16|61941||48|038|0057|Rural|
61958|La Parota|Rancho|Huetamo|Michoacán de Ocampo||61941|16|61941||48|038|0069|Rural|
61958|La Piñuela|Rancho|Huetamo|Michoacán de Ocampo||61941|16|61941||48|038|0071|Rural|
61958|Puerto del Horcón|Rancho|Huetamo|Michoacán de Ocampo||61941|16|61941||48|038|0106|Rural|
61958|Viejo de los Díaz|Rancho|Huetamo|Michoacán de Ocampo||61941|16|61941||48|038|0109|Rural|
61958|Terrero de los Díaz|Rancho|Huetamo|Michoacán de Ocampo||61941|16|61941||48|038|0119|Rural|
61958|Zapote de los Díaz|Rancho|Huetamo|Michoacán de Ocampo||61941|16|61941||48|038|0128|Rural|
61958|Santa María|Ranchería|Huetamo|Michoacán de Ocampo||61941|16|61941||29|038|2858|Rural|
61959|Ajunuato|Rancho|Huetamo|Michoacán de Ocampo||61941|16|61941||48|038|0005|Rural|
61959|Amengáricuaro|Rancho|Huetamo|Michoacán de Ocampo||61941|16|61941||48|038|0006|Rural|
61959|Buenavista Uno (Buenavista de las Anonas)|Rancho|Huetamo|Michoacán de Ocampo||61941|16|61941||48|038|0014|Rural|
61959|El Cuajilote|Rancho|Huetamo|Michoacán de Ocampo||61941|16|61941||48|038|0027|Rural|
61959|Los Bonetes|Rancho|Huetamo|Michoacán de Ocampo||61941|16|61941||48|038|0087|Rural|
61959|Los Lampaces|Rancho|Huetamo|Michoacán de Ocampo||61941|16|61941||48|038|0090|Rural|
61959|Uruétaro|Rancho|Huetamo|Michoacán de Ocampo||61941|16|61941||48|038|0125|Rural|
61959|Agua del Refugio (Agua Hedionda)|Rancho|Huetamo|Michoacán de Ocampo||61941|16|61941||48|038|0136|Rural|
61959|Buenavista Tres|Ranchería|Huetamo|Michoacán de Ocampo||61941|16|61941||29|038|2859|Rural|
61959|El Reparo|Ranchería|Huetamo|Michoacán de Ocampo||61941|16|61941||29|038|2860|Rural|
61959|Las Anonas (Las Anonas de los Jaimes)|Ranchería|Huetamo|Michoacán de Ocampo||61941|16|61941||29|038|2861|Rural|
61959|Los Hornitos|Pueblo|Huetamo|Michoacán de Ocampo||61941|16|61941||28|038|3972|Rural|
61960|Quetzerio|Ranchería|Huetamo|Michoacán de Ocampo||61941|16|61941||29|038|2862|Rural|
61963|El Capire (Los Capires)|Rancho|Huetamo|Michoacán de Ocampo||61941|16|61941||48|038|0024|Rural|
61963|Estimucha|Ranchería|Huetamo|Michoacán de Ocampo||61941|16|61941||29|038|0052|Rural|
61963|La Compuerta|Rancho|Huetamo|Michoacán de Ocampo||61941|16|61941||48|038|0058|Rural|
61963|La Quetzería (La Quesería)|Ranchería|Huetamo|Michoacán de Ocampo||61941|16|61941||29|038|0076|Rural|
61963|Las Galeras|Rancho|Huetamo|Michoacán de Ocampo||61941|16|61941||48|038|0085|Rural|
61963|Santa Rosa|Rancho|Huetamo|Michoacán de Ocampo||61941|16|61941||48|038|0118|Rural|
61963|Zirúcuaro|Rancho|Huetamo|Michoacán de Ocampo||61941|16|61941||48|038|0130|Rural|
61963|San Jerónimo|Pueblo|Huetamo|Michoacán de Ocampo||61941|16|61941||28|038|2863|Rural|
61964|El Bejuco (Los Bejucos)|Rancho|Huetamo|Michoacán de Ocampo||61941|16|61941||48|038|0022|Rural|
61964|El Pinzán|Ranchería|Huetamo|Michoacán de Ocampo||61941|16|61941||29|038|0040|Rural|
61964|Las Caramicuas|Ranchería|Huetamo|Michoacán de Ocampo||61941|16|61941||29|038|0083|Rural|
61964|Palo Seco|Rancho|Huetamo|Michoacán de Ocampo||61941|16|61941||48|038|0098|Rural|
61964|Rincón de las Truchas|Rancho|Huetamo|Michoacán de Ocampo||61941|16|61941||48|038|0110|Rural|
61964|Iramuco|Pueblo|Huetamo|Michoacán de Ocampo||61941|16|61941||28|038|3973|Rural|
61965|Los Ciruelos|Rancho|Huetamo|Michoacán de Ocampo||61941|16|61941||48|038|0143|Rural|
61966|Atzímbaro|Rancho|Huetamo|Michoacán de Ocampo||61941|16|61941||48|038|0011|Rural|
61966|El Paracatal|Rancho|Huetamo|Michoacán de Ocampo||61941|16|61941||48|038|0039|Rural|
61966|La Garita|Rancho|Huetamo|Michoacán de Ocampo||61941|16|61941||48|038|0062|Rural|
61966|La Laja|Rancho|Huetamo|Michoacán de Ocampo||61941|16|61941||48|038|0065|Rural|
61967|Coróndiro|Rancho|Huetamo|Michoacán de Ocampo||61941|16|61941||48|038|0015|Rural|
61967|El Limón (Puerto el Limón)|Rancho|Huetamo|Michoacán de Ocampo||61941|16|61941||48|038|0033|Rural|
61967|El Salitrillo|Rancho|Huetamo|Michoacán de Ocampo||61941|16|61941||48|038|0046|Rural|
61967|El Timbinal|Rancho|Huetamo|Michoacán de Ocampo||61941|16|61941||48|038|0050|Rural|
61967|La Guajillera|Rancho|Huetamo|Michoacán de Ocampo||61941|16|61941||48|038|0063|Rural|
61967|La Vinata|Rancho|Huetamo|Michoacán de Ocampo||61941|16|61941||48|038|0080|Rural|
61967|Otatitos|Rancho|Huetamo|Michoacán de Ocampo||61941|16|61941||48|038|0097|Rural|
61967|San Pablo|Rancho|Huetamo|Michoacán de Ocampo||61941|16|61941||48|038|0113|Rural|
61967|La Rodillera|Rancho|Huetamo|Michoacán de Ocampo||61941|16|61941||48|038|0140|Rural|
61969|Agua de la Virgen|Rancho|Huetamo|Michoacán de Ocampo||61941|16|61941||48|038|0002|Rural|
61969|Brasil|Rancho|Huetamo|Michoacán de Ocampo||61941|16|61941||48|038|0012|Rural|
61969|El Guayabo|Rancho|Huetamo|Michoacán de Ocampo||61941|16|61941||48|038|0030|Rural|
61969|El Sauz|Rancho|Huetamo|Michoacán de Ocampo||61941|16|61941||48|038|0047|Rural|
61969|El Terrero de Sanchiqueo|Rancho|Huetamo|Michoacán de Ocampo||61941|16|61941||48|038|0048|Rural|
61969|La Fragua|Rancho|Huetamo|Michoacán de Ocampo||61941|16|61941||48|038|0061|Rural|
61969|Ojo de Agua|Rancho|Huetamo|Michoacán de Ocampo||61941|16|61941||48|038|0095|Rural|
61969|Sanchiqueo|Ranchería|Huetamo|Michoacán de Ocampo||61941|16|61941||29|038|2864|Rural|
61970|Arroyo de las Caramicuas|Rancho|Huetamo|Michoacán de Ocampo||61941|16|61941||48|038|0009|Rural|
61970|El Ancón|Rancho|Huetamo|Michoacán de Ocampo||61941|16|61941||48|038|0020|Rural|
61970|El Guayacán|Rancho|Huetamo|Michoacán de Ocampo||61941|16|61941||48|038|0031|Rural|
61970|El Limón de los Jaimes (La Cuchilla)|Rancho|Huetamo|Michoacán de Ocampo||61941|16|61941||48|038|0035|Rural|
61970|Las Caramicuas|Ranchería|Huetamo|Michoacán de Ocampo||61941|16|61941||29|038|0082|Rural|
61970|Zacualpan|Rancho|Huetamo|Michoacán de Ocampo||61941|16|61941||48|038|0127|Rural|
61970|San Nicolás Arroyo Hondo|Ranchería|Huetamo|Michoacán de Ocampo||61941|16|61941||29|038|2865|Rural|
61970|El Rosario|Ranchería|Huetamo|Michoacán de Ocampo||61941|16|61941||29|038|2866|Rural|
61970|Purechucho (El Brasil)|Pueblo|Huetamo|Michoacán de Ocampo||61941|16|61941||28|038|2867|Rural|
61971|El Embarcadero|Rancho|Huetamo|Michoacán de Ocampo||61941|16|61941||48|038|0028|Rural|
61971|Zicuirán|Rancho|Huetamo|Michoacán de Ocampo||61941|16|61941||48|038|0129|Rural|
61971|Arua|Ranchería|Huetamo|Michoacán de Ocampo||61941|16|61941||29|038|2868|Rural|
61971|Charácuaro|Ranchería|Huetamo|Michoacán de Ocampo||61941|16|61941||29|038|2869|Rural|
61971|Turitzio|Pueblo|Huetamo|Michoacán de Ocampo||61941|16|61941||28|038|2870|Rural|
61972|Angandico|Ranchería|Huetamo|Michoacán de Ocampo||61941|16|61941||29|038|0007|Rural|
61972|Aterio de los Sánchez|Rancho|Huetamo|Michoacán de Ocampo||61941|16|61941||48|038|0010|Rural|
61972|El Limón de los García|Rancho|Huetamo|Michoacán de Ocampo||61941|16|61941||48|038|0034|Rural|
61972|La Maestranza|Ranchería|Huetamo|Michoacán de Ocampo||61941|16|61941||29|038|0066|Rural|
61972|La Piedra|Rancho|Huetamo|Michoacán de Ocampo||61941|16|61941||48|038|0072|Rural|
61972|La Cuchilla|Ranchería|Huetamo|Michoacán de Ocampo||61941|16|61941||29|038|2871|Rural|
61972|Tziritzícuaro|Ranchería|Huetamo|Michoacán de Ocampo||61941|16|61941||29|038|2872|Rural|
61973|El Naranjo|Rancho|Huetamo|Michoacán de Ocampo||61941|16|61941||48|038|0036|Rural|
61973|Pinzanangapio|Ranchería|Huetamo|Michoacán de Ocampo||61941|16|61941||29|038|0102|Rural|
61973|Los Cuachalalates|Ranchería|Huetamo|Michoacán de Ocampo||61941|16|61941||29|038|2873|Rural|
61974|Acopeo|Rancho|Huetamo|Michoacán de Ocampo||61941|16|61941||48|038|0001|Rural|
61974|Buena Vista|Rancho|Huetamo|Michoacán de Ocampo||61941|16|61941||48|038|0013|Rural|
61974|El Cascalote|Ranchería|Huetamo|Michoacán de Ocampo||61941|16|61941||29|038|0025|Rural|
61974|El Cipiate de San Antonio Urapa|Rancho|Huetamo|Michoacán de Ocampo||61941|16|61941||48|038|0026|Rural|
61974|Los Otates|Rancho|Huetamo|Michoacán de Ocampo||61941|16|61941||48|038|0092|Rural|
61974|El Carmen|Ranchería|Huetamo|Michoacán de Ocampo||61941|16|61941||29|038|2874|Rural|
61974|La Era|Ranchería|Huetamo|Michoacán de Ocampo||61941|16|61941||29|038|2875|Rural|
61974|Los Hornos (La Cacamicua)|Ranchería|Huetamo|Michoacán de Ocampo||61941|16|61941||29|038|2876|Rural|
61975|Puertas Cuatas|Rancho|Huetamo|Michoacán de Ocampo||61941|16|61941||48|038|0105|Rural|
61975|San Bartolo|Rancho|Huetamo|Michoacán de Ocampo||61941|16|61941||48|038|0111|Rural|
61975|Comburindio|Pueblo|Huetamo|Michoacán de Ocampo||61941|16|61941||28|038|2877|Rural|
61976|Corral Viejo|Rancho|Huetamo|Michoacán de Ocampo||61941|16|61941||48|038|0016|Rural|
61976|El Jagüey|Rancho|Huetamo|Michoacán de Ocampo||61941|16|61941||48|038|0032|Rural|
61976|El Reparo|Rancho|Huetamo|Michoacán de Ocampo||61941|16|61941||48|038|0044|Rural|
61976|La Caña|Rancho|Huetamo|Michoacán de Ocampo||61941|16|61941||48|038|0056|Rural|
61976|La Papaya|Rancho|Huetamo|Michoacán de Ocampo||61941|16|61941||48|038|0067|Rural|
61976|La Presa|Rancho|Huetamo|Michoacán de Ocampo||61941|16|61941||48|038|0073|Rural|
61976|Pinzándaro|Rancho|Huetamo|Michoacán de Ocampo||61941|16|61941||48|038|0103|Rural|
61976|San Rafael|Rancho|Huetamo|Michoacán de Ocampo||61941|16|61941||48|038|0114|Rural|
61976|Santa Rosa|Rancho|Huetamo|Michoacán de Ocampo||61941|16|61941||48|038|0132|Rural|
61976|San Miguel|Ranchería|Huetamo|Michoacán de Ocampo||61941|16|61941||29|038|2878|Rural|
61978|Los Quelites (El Quelite)|Rancho|Huetamo|Michoacán de Ocampo||61941|16|61941||48|038|0093|Rural|
61978|Tiristarán|Rancho|Huetamo|Michoacán de Ocampo||61941|16|61941||48|038|0123|Rural|
61978|Suazo Pineda|Rancho|Huetamo|Michoacán de Ocampo||61941|16|61941||48|038|0138|Rural|
61978|Los Gemelos (Agua la Estrella)|Rancho|Huetamo|Michoacán de Ocampo||61941|16|61941||48|038|0141|Rural|
61978|San Antonio Urapa|Ranchería|Huetamo|Michoacán de Ocampo||61941|16|61941||29|038|2879|Rural|
61979|Corutzén|Rancho|Huetamo|Michoacán de Ocampo||61941|16|61941||48|038|0017|Rural|
61979|San Ignacio|Ranchería|Huetamo|Michoacán de Ocampo||61941|16|61941||29|038|2880|Rural|
61980|Arboledas|Colonia|San Lucas|Michoacán de Ocampo||61941|16|61941||09|077|0001|Urbano|
61980|San Lucas|Pueblo|San Lucas|Michoacán de Ocampo||61941|16|61941||28|077|2883|Urbano|
61980|Ojo de Agua|Colonia|San Lucas|Michoacán de Ocampo||61941|16|61941||09|077|4753|Urbano|
61984|Los Limones y Anexos|Rancho|San Lucas|Michoacán de Ocampo||61941|16|61941||48|077|0024|Rural|
61984|Tirinchicuas|Rancho|San Lucas|Michoacán de Ocampo||61941|16|61941||48|077|0030|Rural|
61984|Las Paredes|Ranchería|San Lucas|Michoacán de Ocampo||61941|16|61941||29|077|2885|Rural|
61985|La Estancia|Ranchería|San Lucas|Michoacán de Ocampo||61941|16|61941||29|077|2882|Rural|
61985|Ceiba Seca|Ranchería|San Lucas|Michoacán de Ocampo||61941|16|61941||29|077|2886|Rural|
61985|La Laja (La Lajita)|Ranchería|San Lucas|Michoacán de Ocampo||61941|16|61941||29|077|2887|Rural|
61986|El Guayabo|Rancho|San Lucas|Michoacán de Ocampo||61941|16|61941||48|077|0011|Rural|
61986|El Machuque (Plan del Reparo)|Ranchería|San Lucas|Michoacán de Ocampo||61941|16|61941||29|077|0012|Rural|
61986|La Angostura del Canje|Ranchería|San Lucas|Michoacán de Ocampo||61941|16|61941||29|077|0016|Rural|
61986|Plan de las Carreras|Rancho|San Lucas|Michoacán de Ocampo||61941|16|61941||48|077|0026|Rural|
61987|Corral Viejo|Ranchería|San Lucas|Michoacán de Ocampo||61941|16|61941||29|077|0006|Rural|
61987|El Apartadero|Rancho|San Lucas|Michoacán de Ocampo||61941|16|61941||48|077|0007|Rural|
61987|El Para|Rancho|San Lucas|Michoacán de Ocampo||61941|16|61941||48|077|0014|Rural|
61987|Angao (Angao de los Herrera)|Ranchería|San Lucas|Michoacán de Ocampo||61941|16|61941||29|077|2881|Rural|
61990|Capire Manzano|Rancho|San Lucas|Michoacán de Ocampo||61941|16|61941||48|077|0003|Rural|
61990|Capire Verde|Ranchería|San Lucas|Michoacán de Ocampo||61941|16|61941||29|077|0004|Rural|
61990|El Charapo|Rancho|San Lucas|Michoacán de Ocampo||61941|16|61941||48|077|0008|Rural|
61990|Chumbítaro|Ranchería|San Lucas|Michoacán de Ocampo||61941|16|61941||29|077|2888|Rural|
61990|El Cuajilote|Pueblo|San Lucas|Michoacán de Ocampo||61941|16|61941||28|077|2889|Rural|
61990|Cuauhtémoc (Huarichi)|Ranchería|San Lucas|Michoacán de Ocampo||61941|16|61941||29|077|2890|Rural|
61990|Characharando|Ranchería|San Lucas|Michoacán de Ocampo||61941|16|61941||29|077|2899|Rural|
61991|Salguero|Pueblo|San Lucas|Michoacán de Ocampo||40666|16|40666||28|077|2892|Rural|
61991|Santa Cruz de Villa Gómez|Pueblo|San Lucas|Michoacán de Ocampo||40666|16|40666||28|077|2893|Rural|
61991|Rincón de San Francisco|Ranchería|San Lucas|Michoacán de Ocampo||40666|16|40666||29|077|2894|Rural|
61992|Vicente Riva Palacio|Pueblo|San Lucas|Michoacán de Ocampo||40666|16|40666||28|077|2895|Urbano|
61993|Buena Vista|Ranchería|San Lucas|Michoacán de Ocampo||61941|16|61941||29|077|0002|Rural|
61993|El Crucero|Rancho|San Lucas|Michoacán de Ocampo||61941|16|61941||48|077|0010|Rural|
61993|La Chica|Ranchería|San Lucas|Michoacán de Ocampo||61941|16|61941||29|077|0017|Rural|
61993|La Herradura (La Ciénega)|Rancho|San Lucas|Michoacán de Ocampo||61941|16|61941||48|077|0019|Rural|
61993|San Nicolás|Ranchería|San Lucas|Michoacán de Ocampo||61941|16|61941||29|077|0028|Rural|
61993|La Huizachera (El Huizachal)|Ranchería|San Lucas|Michoacán de Ocampo||61941|16|61941||29|077|2896|Rural|
61993|San Jerónimo|Ranchería|San Lucas|Michoacán de Ocampo||61941|16|61941||29|077|2898|Rural|
61994|Tacupa|Pueblo|San Lucas|Michoacán de Ocampo||40666|16|40666||28|077|2891|Rural|
61995|El Ojo de Agua de Urerio|Rancho|San Lucas|Michoacán de Ocampo||61941|16|61941||48|077|0013|Rural|
61995|Las Palmitas|Rancho|San Lucas|Michoacán de Ocampo||61941|16|61941||48|077|0023|Rural|
61995|Terrero Salado|Rancho|San Lucas|Michoacán de Ocampo||61941|16|61941||48|077|0029|Rural|
61995|Urerio|Rancho|San Lucas|Michoacán de Ocampo||61941|16|61941||48|077|0032|Rural|
61995|El Cueramo|Ranchería|San Lucas|Michoacán de Ocampo||61941|16|61941||29|077|2900|Rural|
61995|El Naranjo|Ranchería|San Lucas|Michoacán de Ocampo||61941|16|61941||29|077|2901|Rural|
61995|Los Bancos|Ranchería|San Lucas|Michoacán de Ocampo||61941|16|61941||29|077|2902|Rural|
61996|La Quiringucua|Ranchería|San Lucas|Michoacán de Ocampo||61941|16|61941||29|077|0021|Rural|
61996|Limón de Monte Grande|Ranchería|San Lucas|Michoacán de Ocampo||61941|16|61941||29|077|2903|Rural|
61996|Monte Grande|Ranchería|San Lucas|Michoacán de Ocampo||61941|16|61941||29|077|2904|Rural|
61996|Pinzán Colorado|Ranchería|San Lucas|Michoacán de Ocampo||61941|16|61941||29|077|2905|Rural|
61997|El Tule|Rancho|San Lucas|Michoacán de Ocampo||61941|16|61941||48|077|0015|Rural|
61997|La Magueyera (Barrio de las Flores)|Ranchería|San Lucas|Michoacán de Ocampo||61941|16|61941||29|077|0020|Rural|
61997|Las Huitzucatas (El Terrero Blanco)|Rancho|San Lucas|Michoacán de Ocampo||61941|16|61941||48|077|0022|Rural|
61997|Querutzeo (Queruseo)|Ranchería|San Lucas|Michoacán de Ocampo||61941|16|61941||29|077|0027|Rural|
61997|Paso de Corupo (Cuizillo)|Pueblo|San Lucas|Michoacán de Ocampo||61941|16|61941||28|077|2906|Rural|
61997|Los Brasiles|Ranchería|San Lucas|Michoacán de Ocampo||61941|16|61941||29|077|2907|Rural|
61997|San Pedrito|Ranchería|San Lucas|Michoacán de Ocampo||61941|16|61941||29|077|2908|Rural|
61997|Ceibas Altas|Ranchería|San Lucas|Michoacán de Ocampo||61941|16|61941||29|077|5336|Rural|
61998|Casa Blanca|Rancho|San Lucas|Michoacán de Ocampo||61941|16|61941||48|077|0005|Rural|
61998|El Cinco de Copas|Ranchería|San Lucas|Michoacán de Ocampo||61941|16|61941||29|077|0009|Rural|
61998|La Garra|Rancho|San Lucas|Michoacán de Ocampo||61941|16|61941||48|077|0018|Rural|
61998|Paso de las Parotas|Rancho|San Lucas|Michoacán de Ocampo||61941|16|61941||48|077|0025|Rural|
61998|Tiringueo de Arriba|Ranchería|San Lucas|Michoacán de Ocampo||61941|16|61941||29|077|0031|Rural|
61998|Tejería|Ranchería|San Lucas|Michoacán de Ocampo||61941|16|61941||29|077|2897|Rural|
61998|San Pedro el Grande|Ranchería|San Lucas|Michoacán de Ocampo||61941|16|61941||29|077|2909|Rural|
61998|Terrero Prieto|Ranchería|San Lucas|Michoacán de Ocampo||61941|16|61941||29|077|2910|Rural|
61998|El Tamarindo|Pueblo|San Lucas|Michoacán de Ocampo||61941|16|61941||28|077|3989|Rural|
61998|Tiringueo de Abajo|Ranchería|San Lucas|Michoacán de Ocampo||61941|16|61941||29|077|6365|Rural|
